5
1674.89
0.01 1 0.1 2 0.005 0.1
15 89.764104 506.586037 168.300812 420.991223 176.331950 477.007719 386.737160 36.295382 575.485798 505.770299 242.651352 321.369189 433.113358 447.843159 504.941995 580.825722 559.643525 149.553538 11.949310 168.244954 127.814609 457.880328 462.695422 586.203677 514.219730 466.206351 594.771390 445.171689 229.230162 477.629727
800 24.745065 31.479789 86 29.610803 46.958752 164 24.365621 50.980542 69 29.546417 85.044031 236 29.816353 97.789110 157 31.978525 109.651371 181 8.213683 132.251426 92 11.890348 171.641665 120 19.713531 178.309630 189 30.733496 209.060252 285 29.842744 227.541844 111 23.861533 237.767444 194 11.352899 267.239110 124 8.560656 283.868093 74 16.250820 302.804319 184 12.351266 315.842791 225 13.270255 338.835216 141 17.328514 358.786718 112 15.920108 373.681595 74 11.287294 392.090478 221 29.322866 414.239545 193 27.772228 442.349804 197 10.679525 456.532974 70 11.714324 469.841587 105 9.461162 503.968830 90 30.460420 514.638592 71 17.959931 531.531923 390 15.723835 556.366037 59 9.917054 588.228975 160 36.680329 28.315423 143 47.812520 30.862644 194 46.298017 63.633439 125 43.403042 90.901972 118 51.246440 103.768814 50 29.677126 125.149092 251 32.396329 140.556485 265 43.218653 154.221105 242 28.257405 177.006948 215 43.983049 190.280835 310 48.570951 218.017524 78 32.528710 246.369658 128 49.050735 256.437027 186 46.820748 280.668546 64 30.500498 296.965857 115 28.785661 330.994960 159 45.417941 337.635913 69 37.279399 368.906960 359 29.347214 375.018543 89 51.739832 397.097967 139 40.822552 426.115038 380 35.153627 451.448515 171 40.897961 470.605970 100 50.695264 486.280197 198 28.545540 491.228461 357 38.528048 526.002126 80 43.630504 545.014428 140 35.774701 569.258313 63 31.647282 578.693427 109 58.585790 14.640629 136 63.389277 35.593835 544 67.280265 52.789857 187 56.353416 74.596919 168 70.828315 90.496876 92 68.699303 124.539374 216 63.417840 136.648624 130 61.396518 153.915942 131 54.019389 188.433715 50 63.197904 200.658863 298 58.513116 217.199314 178 68.388626 250.630862 212 68.371658 255.215171 171 60.517340 287.187128 671 67.001983 297.155757 50 55.430299 324.117535 86 56.121977 342.476558 421 60.122344 364.383695 83 59.937112 383.843465 50 53.404674 408.960052 106 63.017233 415.650017 66 60.490969 442.752602 178 63.179185 454.629985 116 48.197839 487.859962 504 55.490890 511.554315 229 54.266317 520.439335 74 71.597775 546.969765 60 65.195938 561.289045 221 49.188846 578.397951 112 79.402505 10.268925 161 81.802898 44.550359 103 87.583165 63.949024 50 84.640332 91.544123 50 81.669136 89.038947 104 86.400394 111.221456 282 68.267849 143.221009 304 72.332876 163.450130 93 77.597103 182.463930 171 68.402110 201.393030 209 79.924753 227.842852 379 70.329021 242.832956 280 74.232971 258.282827 120 85.076114 277.032500 166 85.358159 301.747880 180 78.112006 329.091022 80 82.058407 349.486123 148 79.374468 368.837870 110 88.732713 382.088443 294 85.691940 396.626055 180 85.942172 412.200818 88 74.425011 435.616003 119 77.131780 456.549467 232 89.535872 479.974755 183 73.584019 502.212769 442 81.120981 516.298645 221 71.929871 546.226850 67 71.901676 554.026320 123 79.220528 586.366797 91 110.908724 23.075538 190 92.383460 36.918309 116 108.674761 61.878408 210 91.942513 88.153352 431 105.703325 109.301943 163 92.408210 124.958517 157 92.330282 128.387374 116 89.849582 160.467443 332 93.509023 171.755525 384 99.413287 207.027022 225 105.161591 216.844890 292 102.335243 230.748509 234 111.910078 258.761850 288 102.382280 282.368629 127 98.490939 310.369656 134 107.406383 331.904319 363 93.492885 341.396441 173 96.123682 351.366120 181 94.934990 384.383790 75 104.877304 398.657453 283 108.103217 414.058024 205 108.742597 445.217150 122 111.633963 462.235550 215 110.449865 480.297331 93 106.468206 504.381142 191 89.965101 520.038793 117 110.239136 548.418873 168 94.232335 563.445214 111 94.760516 578.079177 89 110.916341 14.157407 182 113.684537 50.951748 88 109.403459 59.939573 84 121.229382 72.919034 108 108.579764 104.259273 348 128.720149 111.616833 224 113.722477 138.054313 101 119.966219 161.908574 84 127.257676 179.376462 148 119.846947 198.272150 126 128.266515 219.136821 268 108.457237 246.751961 141 119.381514 268.958670 138 110.733786 285.341708 155 127.499860 296.916348 104 128.399086 309.587794 178 124.357739 349.254792 168 122.431469 371.984190 237 110.954725 372.597519 57 124.868680 389.076312 371 109.566929 420.774352 95 127.447534 444.187586 191 111.942445 453.495334 106 109.569649 482.948874 158 128.511536 504.110399 263 112.127924 511.431419 177 118.658522 540.697184 153 117.117247 549.300258 50 110.838515 582.213298 206 146.557900 19.279235 56 140.680224 51.869818 80 148.301096 63.494697 75 141.586770 69.522589 116 139.701550 95.911040 124 132.304710 115.331221 153 141.421008 141.934032 50 146.656580 151.248272 131 133.717886 187.157426 156 137.364690 208.744778 137 132.651516 223.451631 71 148.200654 229.528470 119 128.827007 249.522567 222 128.734331 268.277065 127 143.957141 306.487361 365 149.202826 309.150798 135 143.270277 344.480438 52 148.803581 365.741697 128 148.741196 375.617923 524 144.941768 404.764320 127 138.501440 412.317215 208 135.083883 435.950917 73 149.407278 456.319918 81 151.927375 470.258234 89 128.917030 497.394519 118 143.935961 510.688146 69 148.593900 530.320037 139 149.002155 550.494347 71 136.751698 580.002107 416 163.722626 15.356453 80 152.440830 48.454563 50 171.101545 69.166160 248 168.383330 85.861875 106 171.018107 102.931913 112 155.344528 127.068913 235 170.297884 151.723269 143 154.883046 165.279843 171 171.137685 184.517677 98 169.912825 195.970583 93 157.446734 211.089986 249 162.474913 237.640686 203 163.748400 252.708496 265 159.460646 288.127427 135 149.249661 293.415160 50 161.887225 321.017026 272 169.792456 347.597744 196 154.431131 365.780077 86 156.922459 384.550724 187 163.846483 404.650352 74 162.045035 427.107499 87 168.533466 445.344970 223 153.599703 464.600971 317 153.072891 468.193192 160 151.330769 498.469942 129 167.205156 512.799102 220 158.575335 545.869435 168 163.120244 551.347206 93 161.102792 589.480514 160 185.479573 16.655441 58 185.116851 47.011544 117 179.961268 48.914456 164 176.308839 68.285688 256 180.469073 104.641352 116 173.059333 121.728197 151 187.239017 133.264341 67 180.067607 153.470023 208 176.999170 182.468459 74 170.361697 211.241798 56 172.833156 218.861704 160 172.819027 240.966608 149 169.562786 271.246083 252 183.490662 279.342300 113 191.344826 302.878169 272 191.945971 312.454446 389 182.766747 343.043599 128 173.254192 354.625907 139 170.421439 371.971359 374 172.737776 393.623849 337 174.498429 421.359610 274 190.940123 450.282983 115 188.728166 455.449852 107 174.457848 490.891320 162 191.422222 510.023289 138 186.865078 529.937802 80 178.210497 543.300948 115 182.415594 550.723692 184 182.124772 580.990163 127 206.778409 18.901883 276 190.675662 46.347859 402 194.998682 59.059145 85 203.448676 89.287466 158 189.527136 97.600799 157 199.246870 120.506301 92 201.584965 145.861038 89 192.166050 158.586601 172 190.711943 170.697814 116 207.511022 203.578881 375 211.961878 213.348606 64 195.567626 233.459470 165 202.015824 266.994678 162 210.572349 283.840314 122 210.409082 304.906039 151 210.976896 312.069627 290 203.476738 338.828735 96 204.136006 365.311458 136 206.924636 384.448577 52 194.442251 401.197277 96 200.714581 418.036137 97 189.970742 437.222220 117 204.234626 457.790146 83 206.622250 481.692893 223 195.788562 505.371890 110 204.157870 513.682871 202 211.788808 534.025596 112 192.511893 567.151530 91 194.896874 582.987362 149 227.234863 14.818577 138 211.604010 49.569477 273 214.536423 66.304770 247 231.856102 73.314987 81 218.489027 110.627482 228 212.359008 114.685786 205 209.550200 145.674508 116 211.291157 170.215691 71 209.185083 171.561751 127 221.360229 189.539864 162 230.358894 213.916122 50 210.172794 247.035903 303 222.063748 250.748028 234 229.813962 278.474740 80 209.954405 307.720831 72 218.483061 322.668844 50 229.229717 338.814034 118 215.929628 350.553040 169 217.808045 382.318507 106 222.271768 388.563722 140 215.418814 422.321848 214 213.321093 436.379026 246 216.664453 458.441457 162 210.773356 474.802999 117 228.558222 497.284952 71 220.488859 523.296988 87 230.616651 545.021113 166 209.287493 552.065570 118 217.238536 584.979426 216 235.604511 14.521979 84 240.969833 39.357149 108 237.443858 64.029834 73 235.508912 80.936552 358 233.487068 96.036492 161 241.268259 117.655921 136 243.577843 150.051382 261 240.778204 171.379854 289 233.518782 186.373827 81 243.670518 193.419897 231 233.304957 225.336463 215 242.150514 244.717773 220 247.322983 251.454551 113 232.069864 275.533934 99 249.399046 298.582502 61 243.586203 309.238692 100 250.858525 346.777063 210 234.414147 368.324950 98 249.828809 388.094755 198 242.749980 402.656639 86 228.502395 412.498722 174 235.277029 446.577993 157 250.718987 449.871412 119 228.366768 476.193104 293 233.528625 505.113178 115 233.503904 528.038845 66 246.613652 531.014563 255 230.918886 557.062947 83 237.899068 572.214007 342 261.653168 30.880647 106 253.963817 28.205354 127 256.967221 50.597054 87 267.419215 81.300128 120 254.471150 91.654277 134 270.238672 116.689529 176 259.838763 136.041257 164 260.910958 163.434030 161 255.619651 188.109899 55 263.751727 208.009300 152 248.766070 230.899742 144 264.531525 244.311350 164 270.976979 262.974482 457 249.893548 289.541829 185 270.180391 293.567576 99 269.323497 318.589074 90 250.458067 336.093323 262 268.249329 349.418042 220 252.596615 381.362375 64 258.896257 394.490746 421 255.685765 421.219000 257 256.983455 438.525011 160 271.914189 466.149169 384 254.923395 489.627678 98 259.459441 503.946457 249 267.320465 520.803555 184 251.028448 545.344571 198 250.395601 553.061603 382 256.261203 569.339905 276 287.348284 29.841143 188 291.562553 46.056707 115 270.724531 52.268083 66 283.253726 90.719404 116 283.512526 107.893142 370 282.859068 122.299601 188 273.153970 142.286680 267 269.334377 167.148284 88 282.236662 169.476008 93 270.124102 198.067109 101 274.282541 216.351499 288 269.676669 228.959529 201 290.847708 250.669316 169 287.627748 273.303178 352 291.900389 304.147408 58 283.878337 330.178085 212 280.638822 347.656224 113 270.963350 370.616096 137 285.343623 383.468205 277 279.165105 410.178415 217 290.098451 415.507817 272 268.762548 436.726892 255 287.450285 467.783827 155 270.870106 486.289016 183 280.374493 491.331709 320 274.434670 522.072968 168 286.936783 546.861294 83 271.690588 566.991016 214 269.721230 583.538613 94 301.932093 27.514354 140 308.573448 48.824228 191 294.623647 65.251390 176 288.574780 71.830465 363 293.929705 111.897543 196 306.514750 127.514947 396 303.223096 139.679269 91 299.418001 153.332683 134 302.876597 186.499589 99 291.855982 191.460149 166 290.938489 216.327874 165 299.436608 244.099870 183 303.181602 263.920253 213 295.453107 282.016433 258 305.999655 292.438645 108 307.850690 314.894652 655 310.793487 347.708668 194 295.981087 348.602954 142 309.485872 378.688202 182 298.472020 402.566729 294 291.493206 408.567214 167 306.885735 435.054647 203 298.192812 454.566424 138 288.151634 470.432444 66 289.471355 491.395444 301 304.333159 529.819627 82 293.689707 546.377134 88 291.575380 552.336025 172 288.916289 572.386238 109 330.495684 27.546791 227 326.319346 51.084430 296 319.675308 55.373400 230 329.446309 76.758816 84 319.583574 103.518050 184 324.182380 119.965545 114 331.205115 137.101221 212 310.185499 164.745989 170 322.133364 168.194530 123 325.735224 188.089673 262 331.616335 229.971309 56 321.568122 235.361871 153 308.336685 261.288896 118 318.990707 282.322556 161 316.828660 295.050763 237 317.710949 323.020743 143 318.231470 344.821697 141 310.976111 349.382096 111 315.023009 370.413080 95 312.528415 409.705327 184 331.944491 413.154045 198 314.622220 432.890123 92 319.282037 471.710600 390 316.094987 474.058308 161 314.585472 509.733492 228 324.543091 518.750542 187 328.867830 535.838936 50 330.131602 548.131130 178 320.909983 574.838780 77 343.289347 14.968157 178 347.242706 34.084759 176 351.259443 65.106273 164 331.267007 78.915730 351 341.584766 91.901826 188 335.501981 119.640737 145 347.701638 132.387624 161 332.465541 150.017224 224 330.121442 184.189101 194 347.824512 195.157769 377 331.000141 226.786444 300 334.535806 232.234200 209 351.052387 260.568464 113 341.830041 285.643786 110 342.718422 310.967070 60 336.129750 326.187644 203 333.831730 341.022153 133 329.879793 348.927272 94 348.609943 380.383095 90 343.501665 393.231445 144 329.795136 430.341441 208 343.235778 443.823368 87 334.903746 464.773895 135 332.792124 475.385306 362 345.639525 488.031957 232 339.527110 514.238020 244 331.731888 544.721781 220 329.521702 564.650769 142 334.863872 569.976697 167 360.300707 17.535472 84 351.363923 46.758910 196 358.944143 65.840780 148 356.614183 83.261692 132 348.325836 93.250958 233 363.867194 122.142027 115 351.286120 129.055519 118 368.187316 163.905319 105 365.969410 179.799447 106 371.656892 209.732198 269 348.631440 210.308500 176 356.789900 231.896171 50 359.624972 269.623649 443 362.681846 287.619234 162 349.932707 305.143882 74 369.251079 318.766195 151 365.729114 328.458663 165 369.887003 349.855292 189 362.095191 376.282175 143 356.033874 406.887378 420 358.808413 419.561583 205 371.480055 433.136670 188 363.982514 457.667272 181 359.301100 482.663772 239 363.818618 491.973992 169 359.481403 511.217286 264 353.706982 535.425903 112 357.201537 562.584463 319 357.813766 568.869749 88 384.534746 8.594051 169 372.808278 44.770148 129 368.625357 68.865489 103 374.695819 72.570243 273 368.531241 92.058481 70 370.069449 129.362775 187 384.949299 148.057007 296 371.946076 148.675484 130 372.699413 190.664472 203 385.328820 194.888628 121 374.277068 231.972546 128 379.763860 250.165951 77 373.085481 265.560026 97 389.926874 270.796104 172 370.460035 299.822449 96 391.092234 316.606524 142 372.724757 328.647274 124 380.741229 357.366020 414 374.441811 390.621407 73 375.143911 391.858379 107 391.046422 421.492108 79 370.193674 432.067955 108 384.584596 469.573664 77 382.546596 470.814816 123 373.818415 496.698992 181 375.484910 516.611731 216 389.802452 529.179430 146 376.792423 569.086030 217 384.544070 588.512207 509 396.548181 25.332098 136 391.839005 31.826553 102 400.283573 66.009541 83 403.160952 85.649281 55 394.812306 106.547550 130 406.145297 112.090581 128 409.045151 138.102120 107 405.502722 171.662652 104 394.175007 190.829758 120 393.974816 200.486484 222 408.600468 211.930227 128 411.421649 235.708560 215 407.304755 271.505680 89 398.100099 268.361274 191 403.374349 311.099437 195 394.913804 316.288395 166 408.291627 336.615318 99 409.323985 366.028698 172 388.239099 368.776297 50 399.800484 409.488082 130 406.780645 419.810337 129 400.598677 434.463585 176 394.153163 467.470738 71 389.542409 482.826689 106 410.439101 491.775278 312 389.036066 529.322500 309 402.027446 544.926479 322 403.814877 571.582841 316 408.065641 588.483827 114 419.253780 30.936343 332 415.062038 34.929173 154 426.552165 49.159269 102 418.557173 83.697115 70 427.750101 97.764607 129 426.478007 126.037339 188 412.851297 129.009292 86 416.409020 163.005001 126 425.191212 179.686998 79 424.573698 188.800240 102 427.768611 225.657379 53 412.750962 233.581662 147 411.091670 249.187528 167 414.788307 279.637537 68 414.284692 303.915103 244 408.797032 331.394254 165 426.566841 338.302587 419 426.923883 365.566723 68 409.354972 385.917501 245 425.707545 395.021025 422 426.183919 412.810541 67 427.252975 443.738890 137 414.321632 463.564008 330 429.134619 485.940957 395 428.594922 489.691128 137 417.169996 509.739493 124 409.940675 538.940787 218 421.299032 554.191560 251 415.030429 591.676976 151 435.270017 16.561212 112 449.385392 44.796330 244 437.085385 49.855966 194 436.988633 91.190902 186 450.821008 100.332557 250 440.215466 112.377195 504 434.711602 131.587486 93 431.270254 150.315216 246 434.806428 183.182549 268 431.340608 201.163710 618 448.986695 212.758703 154 445.030668 242.598336 119 429.844225 268.978884 237 441.219501 271.559072 195 435.294270 310.736129 347 429.970493 329.309489 204 429.582393 338.937348 141 433.126933 355.921490 222 445.474712 391.030426 140 447.971705 408.279127 182 441.889223 417.949256 323 450.157899 451.528680 329 430.541554 451.646043 192 447.061584 479.544623 130 435.090245 491.484530 458 436.815345 523.787043 382 441.264703 531.457402 50 449.078248 566.061947 163 436.824010 581.808522 380 457.024876 16.126130 91 455.343072 32.095783 106 469.823170 65.967813 122 460.364634 74.874588 83 467.057155 106.498179 234 464.642356 110.659812 121 456.846235 143.683004 97 465.749714 158.267445 97 461.723229 176.435655 508 450.241221 197.549827 304 453.807862 222.286158 134 468.359618 233.113724 61 458.480163 253.242213 135 460.236954 276.084107 173 459.220661 293.265808 185 459.727287 314.418498 124 451.601080 351.068207 112 452.504343 365.011570 141 471.841510 381.485941 185 454.938064 400.415703 86 455.005168 427.965262 75 465.156264 439.253298 157 461.441599 464.731316 82 448.499807 478.275924 234 455.212408 498.952659 75 454.044570 529.100012 164 455.098014 535.481542 185 468.011337 565.653219 115 464.366295 588.847489 288 471.450560 29.514855 187 480.141870 50.884994 212 474.703404 52.413392 315 489.594574 85.527648 398 477.404418 97.167608 145 488.795440 127.099247 167 487.373106 133.532123 134 476.663058 171.528694 218 470.278011 183.192529 144 481.216335 190.784072 129 487.764186 214.844923 113 483.130701 245.607935 131 491.246242 256.261120 227 471.186361 274.823044 154 471.686720 289.561296 144 483.902069 331.310198 234 479.619710 333.865533 612 468.942094 358.432923 144 476.317214 391.955652 103 469.180963 410.136116 131 488.666830 412.860987 81 469.022370 445.106108 108 484.770018 470.938288 216 470.452177 481.741000 164 472.437824 495.261868 250 485.445932 521.325445 107 490.488833 534.764098 147 485.492006 567.155305 191 473.890294 583.903433 54 506.517529 16.097480 259 490.235028 42.761440 117 501.558952 66.527957 84 502.016176 79.916898 132 488.459307 98.492596 127 499.843406 116.050031 136 509.907390 142.165371 175 496.426491 153.400978 106 494.682344 175.753968 168 511.804008 208.621876 211 511.094436 231.025530 210 506.713095 249.679225 165 489.143625 267.138809 77 496.639947 272.395102 150 499.677438 289.179012 143 499.783661 308.811337 286 505.989255 343.008522 87 500.406462 360.855224 299 493.989918 381.792162 111 495.577486 397.469853 56 493.075262 417.197185 133 493.448035 445.854282 179 494.516561 457.789366 177 502.771618 469.308554 154 494.926051 488.387879 351 496.346911 530.018953 137 491.949066 535.330821 107 509.002270 549.283060 344 501.246458 587.223939 161 526.410003 22.820201 101 520.622482 51.384199 53 508.708560 66.201939 217 523.500567 68.688236 276 525.701803 95.979415 74 530.552851 127.104112 127 527.297327 144.865922 324 508.855738 166.752718 185 529.487076 181.187681 197 521.326383 188.739877 147 513.519482 212.794293 637 522.831184 247.716764 298 509.452218 262.003012 91 516.697465 284.943038 110 508.739521 300.034799 121 523.526584 309.592217 127 515.008462 350.254780 70 527.615673 356.776756 91 528.382563 380.745022 305 527.077312 394.661520 75 525.786922 412.059271 113 509.249211 448.171298 185 509.767857 453.486914 202 517.129021 475.303273 450 510.394516 497.575385 83 511.589824 518.955675 121 517.978010 551.875211 58 518.768010 553.160992 104 514.251053 572.082338 381 543.194228 12.059984 260 546.689118 42.858149 350 529.860499 58.108672 108 541.914440 82.886685 305 537.099032 110.711954 50 551.635468 124.092867 223 549.227295 144.121706 189 546.652291 150.733816 135 536.074978 191.926348 71 542.496120 210.703600 280 545.805701 224.482455 141 530.750858 247.282828 134 540.460948 254.968805 122 545.531113 280.512204 50 530.806370 310.627347 101 536.212211 331.309416 50 539.435419 334.794568 456 530.741791 367.466138 137 549.141793 383.821904 191 534.219767 408.286551 71 537.643630 415.465214 175 529.544063 434.551335 75 530.681522 457.822406 259 533.191736 475.272515 139 538.780780 506.177638 155 548.683134 521.639450 228 549.193297 534.814938 383 529.655507 570.175665 173 542.370599 574.883911 208 552.733324 20.814337 132 552.100357 36.373183 230 571.878162 56.959571 84 559.109528 89.547877 133 566.272467 94.688203 294 557.472353 112.813021 205 558.020835 146.472169 161 566.260090 162.001736 157 565.021135 188.853332 197 556.489415 204.570773 113 566.855173 218.855618 56 551.020169 234.972217 153 551.253139 261.409583 50 560.030941 282.695502 159 561.558278 288.588614 142 563.774687 322.198597 296 555.830642 343.101499 60
30 4 997.597402 387.941558 12.540751 1.226070 12 1304.091404 239.983265 36.295209 1.073499 11 906.547948 229.833003 37.786357 1.390432 5 1664.781283 287.017932 17.187405 1.822747 4 925.186808 354.623088 26.741308 1.954456 15 1232.111309 312.528434 12.406079 1.224697 4 1584.125918 445.151235 15.781032 0.648539 1 1746.372130 403.803584 39.686238 0.878660 7 1715.733601 233.564667 27.856847 1.551360 9 1540.037205 357.301901 28.550650 1.829887 3 1284.834004 309.379934 21.232937 1.241642 5 913.481335 289.497432 15.762762 0.931959 15 1564.638177 385.589725 20.129995 1.456829 3 1042.881274 232.012121 12.969059 1.545909 10 1326.955436 344.301967 28.436045 1.330595 7 1685.858799 236.107788 19.141495 1.285124 14 1376.968632 216.736229 13.314094 0.986780 3 1041.218345 322.916341 12.826221 1.921882 12 1088.059671 333.432468 15.604591 1.118663 5 1400.527766 300.979641 32.729865 0.935071 1 938.414356 303.919338 16.952241 1.107599 7 1071.089436 273.078094 20.890376 1.050778 15 865.704685 356.367751 17.538375 1.460546 7 948.709091 345.390752 24.947870 1.898526 2 1356.745636 432.951277 31.245701 0.720158 5 1661.391222 216.432989 37.404802 1.126656 11 1353.538172 358.068816 11.141943 1.262267 2 1409.077512 194.986202 15.311717 1.802468 15 1486.590814 349.394992 27.457053 1.668036 5 1192.321615 219.125929 32.693389 1.150757
5
1674.89
0.01 1 0.1 2 0.005 0.1
15 89.764104 506.586037 168.300812 420.991223 176.331950 477.007719 386.737160 36.295382 575.485798 505.770299 242.651352 321.369189 433.113358 447.843159 504.941995 580.825722 559.643525 149.553538 11.949310 168.244954 127.814609 457.880328 462.695422 586.203677 514.219730 466.206351 594.771390 445.171689 229.230162 477.629727
800 24.745065 31.479789 86 29.610803 46.958752 164 24.365621 50.980542 69 29.546417 85.044031 236 29.816353 97.789110 157 31.978525 109.651371 181 8.213683 132.251426 92 11.890348 171.641665 120 19.713531 178.309630 189 30.733496 209.060252 285 29.842744 227.541844 111 23.861533 237.767444 194 11.352899 267.239110 124 8.560656 283.868093 74 16.250820 302.804319 184 12.351266 315.842791 225 13.270255 338.835216 141 17.328514 358.786718 112 15.920108 373.681595 74 11.287294 392.090478 221 29.322866 414.239545 193 27.772228 442.349804 197 10.679525 456.532974 70 11.714324 469.841587 105 9.461162 503.968830 90 30.460420 514.638592 71 17.959931 531.531923 390 15.723835 556.366037 59 9.917054 588.228975 160 36.680329 28.315423 143 47.812520 30.862644 194 46.298017 63.633439 125 43.403042 90.901972 118 51.246440 103.768814 50 29.677126 125.149092 251 32.396329 140.556485 265 43.218653 154.221105 242 28.257405 177.006948 215 43.983049 190.280835 310 48.570951 218.017524 78 32.528710 246.369658 128 49.050735 256.437027 186 46.820748 280.668546 64 30.500498 296.965857 115 28.785661 330.994960 159 45.417941 337.635913 69 37.279399 368.906960 359 29.347214 375.018543 89 51.739832 397.097967 139 40.822552 426.115038 380 35.153627 451.448515 171 40.897961 470.605970 100 50.695264 486.280197 198 28.545540 491.228461 357 38.528048 526.002126 80 43.630504 545.014428 140 35.774701 569.258313 63 31.647282 578.693427 109 58.585790 14.640629 136 63.389277 35.593835 544 67.280265 52.789857 187 56.353416 74.596919 168 70.828315 90.496876 92 68.699303 124.539374 216 63.417840 136.648624 130 61.396518 153.915942 131 54.019389 188.433715 50 63.197904 200.658863 298 58.513116 217.199314 178 68.388626 250.630862 212 68.371658 255.215171 171 60.517340 287.187128 671 67.001983 297.155757 50 55.430299 324.117535 86 56.121977 342.476558 421 60.122344 364.383695 83 59.937112 383.843465 50 53.404674 408.960052 106 63.017233 415.650017 66 60.490969 442.752602 178 63.179185 454.629985 116 48.197839 487.859962 504 55.490890 511.554315 229 54.266317 520.439335 74 71.597775 546.969765 60 65.195938 561.289045 221 49.188846 578.397951 112 79.402505 10.268925 161 81.802898 44.550359 103 87.583165 63.949024 50 84.640332 91.544123 50 81.669136 89.038947 104 86.400394 111.221456 282 68.267849 143.221009 304 72.332876 163.450130 93 77.597103 182.463930 171 68.402110 201.393030 209 79.924753 227.842852 379 70.329021 242.832956 280 74.232971 258.282827 120 85.076114 277.032500 166 85.358159 301.747880 180 78.112006 329.091022 80 82.058407 349.486123 148 79.374468 368.837870 110 88.732713 382.088443 294 85.691940 396.626055 180 85.942172 412.200818 88 74.425011 435.616003 119 77.131780 456.549467 232 89.535872 479.974755 183 73.584019 502.212769 442 81.120981 516.298645 221 71.929871 546.226850 67 71.901676 554.026320 123 79.220528 586.366797 91 110.908724 23.075538 190 92.383460 36.918309 116 108.674761 61.878408 210 91.942513 88.153352 431 105.703325 109.301943 163 92.408210 124.958517 157 92.330282 128.387374 116 89.849582 160.467443 332 93.509023 171.755525 384 99.413287 207.027022 225 105.161591 216.844890 292 102.335243 230.748509 234 111.910078 258.761850 288 102.382280 282.368629 127 98.490939 310.369656 134 107.406383 331.904319 363 93.492885 341.396441 173 96.123682 351.366120 181 94.934990 384.383790 75 104.877304 398.657453 283 108.103217 414.058024 205 108.742597 445.217150 122 111.633963 462.235550 215 110.449865 480.297331 93 106.468206 504.381142 191 89.965101 520.038793 117 110.239136 548.418873 168 94.232335 563.445214 111 94.760516 578.079177 89 110.916341 14.157407 182 113.684537 50.951748 88 109.403459 59.939573 84 121.229382 72.919034 108 108.579764 104.259273 348 128.720149 111.616833 224 113.722477 138.054313 101 119.966219 161.908574 84 127.257676 179.376462 148 119.846947 198.272150 126 128.266515 219.136821 268 108.457237 246.751961 141 119.381514 268.958670 138 110.733786 285.341708 155 127.499860 296.916348 104 128.399086 309.587794 178 124.357739 349.254792 168 122.431469 371.984190 237 110.954725 372.597519 57 124.868680 389.076312 371 109.566929 420.774352 95 127.447534 444.187586 191 111.942445 453.495334 106 109.569649 482.948874 158 128.511536 504.110399 263 112.127924 511.431419 177 118.658522 540.697184 153 117.117247 549.300258 50 110.838515 582.213298 206 146.557900 19.279235 56 140.680224 51.869818 80 148.301096 63.494697 75 141.586770 69.522589 116 139.701550 95.911040 124 132.304710 115.331221 153 141.421008 141.934032 50 146.656580 151.248272 131 133.717886 187.157426 156 137.364690 208.744778 137 132.651516 223.451631 71 148.200654 229.528470 119 128.827007 249.522567 222 128.734331 268.277065 127 143.957141 306.487361 365 149.202826 309.150798 135 143.270277 344.480438 52 148.803581 365.741697 128 148.741196 375.617923 524 144.941768 404.764320 127 138.501440 412.317215 208 135.083883 435.950917 73 149.407278 456.319918 81 151.927375 470.258234 89 128.917030 497.394519 118 143.935961 510.688146 69 148.593900 530.320037 139 149.002155 550.494347 71 136.751698 580.002107 416 163.722626 15.356453 80 152.440830 48.454563 50 171.101545 69.166160 248 168.383330 85.861875 106 171.018107 102.931913 112 155.344528 127.068913 235 170.297884 151.723269 143 154.883046 165.279843 171 171.137685 184.517677 98 169.912825 195.970583 93 157.446734 211.089986 249 162.474913 237.640686 203 163.748400 252.708496 265 159.460646 288.127427 135 149.249661 293.415160 50 161.887225 321.017026 272 169.792456 347.597744 196 154.431131 365.780077 86 156.922459 384.550724 187 163.846483 404.650352 74 162.045035 427.107499 87 168.533466 445.344970 223 153.599703 464.600971 317 153.072891 468.193192 160 151.330769 498.469942 129 167.205156 512.799102 220 158.575335 545.869435 168 163.120244 551.347206 93 161.102792 589.480514 160 185.479573 16.655441 58 185.116851 47.011544 117 179.961268 48.914456 164 176.308839 68.285688 256 180.469073 104.641352 116 173.059333 121.728197 151 187.239017 133.264341 67 180.067607 153.470023 208 176.999170 182.468459 74 170.361697 211.241798 56 172.833156 218.861704 160 172.819027 240.966608 149 169.562786 271.246083 252 183.490662 279.342300 113 191.344826 302.878169 272 191.945971 312.454446 389 182.766747 343.043599 128 173.254192 354.625907 139 170.421439 371.971359 374 172.737776 393.623849 337 174.498429 421.359610 274 190.940123 450.282983 115 188.728166 455.449852 107 174.457848 490.891320 162 191.422222 510.023289 138 186.865078 529.937802 80 178.210497 543.300948 115 182.415594 550.723692 184 182.124772 580.990163 127 206.778409 18.901883 276 190.675662 46.347859 402 194.998682 59.059145 85 203.448676 89.287466 158 189.527136 97.600799 157 199.246870 120.506301 92 201.584965 145.861038 89 192.166050 158.586601 172 190.711943 170.697814 116 207.511022 203.578881 375 211.961878 213.348606 64 195.567626 233.459470 165 202.015824 266.994678 162 210.572349 283.840314 122 210.409082 304.906039 151 210.976896 312.069627 290 203.476738 338.828735 96 204.136006 365.311458 136 206.924636 384.448577 52 194.442251 401.197277 96 200.714581 418.036137 97 189.970742 437.222220 117 204.234626 457.790146 83 206.622250 481.692893 223 195.788562 505.371890 110 204.157870 513.682871 202 211.788808 534.025596 112 192.511893 567.151530 91 194.896874 582.987362 149 227.234863 14.818577 138 211.604010 49.569477 273 214.536423 66.304770 247 231.856102 73.314987 81 218.489027 110.627482 228 212.359008 114.685786 205 209.550200 145.674508 116 211.291157 170.215691 71 209.185083 171.561751 127 221.360229 189.539864 162 230.358894 213.916122 50 210.172794 247.035903 303 222.063748 250.748028 234 229.813962 278.474740 80 209.954405 307.720831 72 218.483061 322.668844 50 229.229717 338.814034 118 215.929628 350.553040 169 217.808045 382.318507 106 222.271768 388.563722 140 215.418814 422.321848 214 213.321093 436.379026 246 216.664453 458.441457 162 210.773356 474.802999 117 228.558222 497.284952 71 220.488859 523.296988 87 230.616651 545.021113 166 209.287493 552.065570 118 217.238536 584.979426 216 235.604511 14.521979 84 240.969833 39.357149 108 237.443858 64.029834 73 235.508912 80.936552 358 233.487068 96.036492 161 241.268259 117.655921 136 243.577843 150.051382 261 240.778204 171.379854 289 233.518782 186.373827 81 243.670518 193.419897 231 233.304957 225.336463 215 242.150514 244.717773 220 247.322983 251.454551 113 232.069864 275.533934 99 249.399046 298.582502 61 243.586203 309.238692 100 250.858525 346.777063 210 234.414147 368.324950 98 249.828809 388.094755 198 242.749980 402.656639 86 228.502395 412.498722 174 235.277029 446.577993 157 250.718987 449.871412 119 228.366768 476.193104 293 233.528625 505.113178 115 233.503904 528.038845 66 246.613652 531.014563 255 230.918886 557.062947 83 237.899068 572.214007 342 261.653168 30.880647 106 253.963817 28.205354 127 256.967221 50.597054 87 267.419215 81.300128 120 254.471150 91.654277 134 270.238672 116.689529 176 259.838763 136.041257 164 260.910958 163.434030 161 255.619651 188.109899 55 263.751727 208.009300 152 248.766070 230.899742 144 264.531525 244.311350 164 270.976979 262.974482 457 249.893548 289.541829 185 270.180391 293.567576 99 269.323497 318.589074 90 250.458067 336.093323 262 268.249329 349.418042 220 252.596615 381.362375 64 258.896257 394.490746 421 255.685765 421.219000 257 256.983455 438.525011 160 271.914189 466.149169 384 254.923395 489.627678 98 259.459441 503.946457 249 267.320465 520.803555 184 251.028448 545.344571 198 250.395601 553.061603 382 256.261203 569.339905 276 287.348284 29.841143 188 291.562553 46.056707 115 270.724531 52.268083 66 283.253726 90.719404 116 283.512526 107.893142 370 282.859068 122.299601 188 273.153970 142.286680 267 269.334377 167.148284 88 282.236662 169.476008 93 270.124102 198.067109 101 274.282541 216.351499 288 269.676669 228.959529 201 290.847708 250.669316 169 287.627748 273.303178 352 291.900389 304.147408 58 283.878337 330.178085 212 280.638822 347.656224 113 270.963350 370.616096 137 285.343623 383.468205 277 279.165105 410.178415 217 290.098451 415.507817 272 268.762548 436.726892 255 287.450285 467.783827 155 270.870106 486.289016 183 280.374493 491.331709 320 274.434670 522.072968 168 286.936783 546.861294 83 271.690588 566.991016 214 269.721230 583.538613 94 301.932093 27.514354 140 308.573448 48.824228 191 294.623647 65.251390 176 288.574780 71.830465 363 293.929705 111.897543 196 306.514750 127.514947 396 303.223096 139.679269 91 299.418001 153.332683 134 302.876597 186.499589 99 291.855982 191.460149 166 290.938489 216.327874 165 299.436608 244.099870 183 303.181602 263.920253 213 295.453107 282.016433 258 305.999655 292.438645 108 307.850690 314.894652 655 310.793487 347.708668 194 295.981087 348.602954 142 309.485872 378.688202 182 298.472020 402.566729 294 291.493206 408.567214 167 306.885735 435.054647 203 298.192812 454.566424 138 288.151634 470.432444 66 289.471355 491.395444 301 304.333159 529.819627 82 293.689707 546.377134 88 291.575380 552.336025 172 288.916289 572.386238 109 330.495684 27.546791 227 326.319346 51.084430 296 319.675308 55.373400 230 329.446309 76.758816 84 319.583574 103.518050 184 324.182380 119.965545 114 331.205115 137.101221 212 310.185499 164.745989 170 322.133364 168.194530 123 325.735224 188.089673 262 331.616335 229.971309 56 321.568122 235.361871 153 308.336685 261.288896 118 318.990707 282.322556 161 316.828660 295.050763 237 317.710949 323.020743 143 318.231470 344.821697 141 310.976111 349.382096 111 315.023009 370.413080 95 312.528415 409.705327 184 331.944491 413.154045 198 314.622220 432.890123 92 319.282037 471.710600 390 316.094987 474.058308 161 314.585472 509.733492 228 324.543091 518.750542 187 328.867830 535.838936 50 330.131602 548.131130 178 320.909983 574.838780 77 343.289347 14.968157 178 347.242706 34.084759 176 351.259443 65.106273 164 331.267007 78.915730 351 341.584766 91.901826 188 335.501981 119.640737 145 347.701638 132.387624 161 332.465541 150.017224 224 330.121442 184.189101 194 347.824512 195.157769 377 331.000141 226.786444 300 334.535806 232.234200 209 351.052387 260.568464 113 341.830041 285.643786 110 342.718422 310.967070 60 336.129750 326.187644 203 333.831730 341.022153 133 329.879793 348.927272 94 348.609943 380.383095 90 343.501665 393.231445 144 329.795136 430.341441 208 343.235778 443.823368 87 334.903746 464.773895 135 332.792124 475.385306 362 345.639525 488.031957 232 339.527110 514.238020 244 331.731888 544.721781 220 329.521702 564.650769 142 334.863872 569.976697 167 360.300707 17.535472 84 351.363923 46.758910 196 358.944143 65.840780 148 356.614183 83.261692 132 348.325836 93.250958 233 363.867194 122.142027 115 351.286120 129.055519 118 368.187316 163.905319 105 365.969410 179.799447 106 371.656892 209.732198 269 348.631440 210.308500 176 356.789900 231.896171 50 359.624972 269.623649 443 362.681846 287.619234 162 349.932707 305.143882 74 369.251079 318.766195 151 365.729114 328.458663 165 369.887003 349.855292 189 362.095191 376.282175 143 356.033874 406.887378 420 358.808413 419.561583 205 371.480055 433.136670 188 363.982514 457.667272 181 359.301100 482.663772 239 363.818618 491.973992 169 359.481403 511.217286 264 353.706982 535.425903 112 357.201537 562.584463 319 357.813766 568.869749 88 384.534746 8.594051 169 372.808278 44.770148 129 368.625357 68.865489 103 374.695819 72.570243 273 368.531241 92.058481 70 370.069449 129.362775 187 384.949299 148.057007 296 371.946076 148.675484 130 372.699413 190.664472 203 385.328820 194.888628 121 374.277068 231.972546 128 379.763860 250.165951 77 373.085481 265.560026 97 389.926874 270.796104 172 370.460035 299.822449 96 391.092234 316.606524 142 372.724757 328.647274 124 380.741229 357.366020 414 374.441811 390.621407 73 375.143911 391.858379 107 391.046422 421.492108 79 370.193674 432.067955 108 384.584596 469.573664 77 382.546596 470.814816 123 373.818415 496.698992 181 375.484910 516.611731 216 389.802452 529.179430 146 376.792423 569.086030 217 384.544070 588.512207 509 396.548181 25.332098 136 391.839005 31.826553 102 400.283573 66.009541 83 403.160952 85.649281 55 394.812306 106.547550 130 406.145297 112.090581 128 409.045151 138.102120 107 405.502722 171.662652 104 394.175007 190.829758 120 393.974816 200.486484 222 408.600468 211.930227 128 411.421649 235.708560 215 407.304755 271.505680 89 398.100099 268.361274 191 403.374349 311.099437 195 394.913804 316.288395 166 408.291627 336.615318 99 409.323985 366.028698 172 388.239099 368.776297 50 399.800484 409.488082 130 406.780645 419.810337 129 400.598677 434.463585 176 394.153163 467.470738 71 389.542409 482.826689 106 410.439101 491.775278 312 389.036066 529.322500 309 402.027446 544.926479 322 403.814877 571.582841 316 408.065641 588.483827 114 419.253780 30.936343 332 415.062038 34.929173 154 426.552165 49.159269 102 418.557173 83.697115 70 427.750101 97.764607 129 426.478007 126.037339 188 412.851297 129.009292 86 416.409020 163.005001 126 425.191212 179.686998 79 424.573698 188.800240 102 427.768611 225.657379 53 412.750962 233.581662 147 411.091670 249.187528 167 414.788307 279.637537 68 414.284692 303.915103 244 408.797032 331.394254 165 426.566841 338.302587 419 426.923883 365.566723 68 409.354972 385.917501 245 425.707545 395.021025 422 426.183919 412.810541 67 427.252975 443.738890 137 414.321632 463.564008 330 429.134619 485.940957 395 428.594922 489.691128 137 417.169996 509.739493 124 409.940675 538.940787 218 421.299032 554.191560 251 415.030429 591.676976 151 435.270017 16.561212 112 449.385392 44.796330 244 437.085385 49.855966 194 436.988633 91.190902 186 450.821008 100.332557 250 440.215466 112.377195 504 434.711602 131.587486 93 431.270254 150.315216 246 434.806428 183.182549 268 431.340608 201.163710 618 448.986695 212.758703 154 445.030668 242.598336 119 429.844225 268.978884 237 441.219501 271.559072 195 435.294270 310.736129 347 429.970493 329.309489 204 429.582393 338.937348 141 433.126933 355.921490 222 445.474712 391.030426 140 447.971705 408.279127 182 441.889223 417.949256 323 450.157899 451.528680 329 430.541554 451.646043 192 447.061584 479.544623 130 435.090245 491.484530 458 436.815345 523.787043 382 441.264703 531.457402 50 449.078248 566.061947 163 436.824010 581.808522 380 457.024876 16.126130 91 455.343072 32.095783 106 469.823170 65.967813 122 460.364634 74.874588 83 467.057155 106.498179 234 464.642356 110.659812 121 456.846235 143.683004 97 465.749714 158.267445 97 461.723229 176.435655 508 450.241221 197.549827 304 453.807862 222.286158 134 468.359618 233.113724 61 458.480163 253.242213 135 460.236954 276.084107 173 459.220661 293.265808 185 459.727287 314.418498 124 451.601080 351.068207 112 452.504343 365.011570 141 471.841510 381.485941 185 454.938064 400.415703 86 455.005168 427.965262 75 465.156264 439.253298 157 461.441599 464.731316 82 448.499807 478.275924 234 455.212408 498.952659 75 454.044570 529.100012 164 455.098014 535.481542 185 468.011337 565.653219 115 464.366295 588.847489 288 471.450560 29.514855 187 480.141870 50.884994 212 474.703404 52.413392 315 489.594574 85.527648 398 477.404418 97.167608 145 488.795440 127.099247 167 487.373106 133.532123 134 476.663058 171.528694 218 470.278011 183.192529 144 481.216335 190.784072 129 487.764186 214.844923 113 483.130701 245.607935 131 491.246242 256.261120 227 471.186361 274.823044 154 471.686720 289.561296 144 483.902069 331.310198 234 479.619710 333.865533 612 468.942094 358.432923 144 476.317214 391.955652 103 469.180963 410.136116 131 488.666830 412.860987 81 469.022370 445.106108 108 484.770018 470.938288 216 470.452177 481.741000 164 472.437824 495.261868 250 485.445932 521.325445 107 490.488833 534.764098 147 485.492006 567.155305 191 473.890294 583.903433 54 506.517529 16.097480 259 490.235028 42.761440 117 501.558952 66.527957 84 502.016176 79.916898 132 488.459307 98.492596 127 499.843406 116.050031 136 509.907390 142.165371 175 496.426491 153.400978 106 494.682344 175.753968 168 511.804008 208.621876 211 511.094436 231.025530 210 506.713095 249.679225 165 489.143625 267.138809 77 496.639947 272.395102 150 499.677438 289.179012 143 499.783661 308.811337 286 505.989255 343.008522 87 500.406462 360.855224 299 493.989918 381.792162 111 495.577486 397.469853 56 493.075262 417.197185 133 493.448035 445.854282 179 494.516561 457.789366 177 502.771618 469.308554 154 494.926051 488.387879 351 496.346911 530.018953 137 491.949066 535.330821 107 509.002270 549.283060 344 501.246458 587.223939 161 526.410003 22.820201 101 520.622482 51.384199 53 508.708560 66.201939 217 523.500567 68.688236 276 525.701803 95.979415 74 530.552851 127.104112 127 527.297327 144.865922 324 508.855738 166.752718 185 529.487076 181.187681 197 521.326383 188.739877 147 513.519482 212.794293 637 522.831184 247.716764 298 509.452218 262.003012 91 516.697465 284.943038 110 508.739521 300.034799 121 523.526584 309.592217 127 515.008462 350.254780 70 527.615673 356.776756 91 528.382563 380.745022 305 527.077312 394.661520 75 525.786922 412.059271 113 509.249211 448.171298 185 509.767857 453.486914 202 517.129021 475.303273 450 510.394516 497.575385 83 511.589824 518.955675 121 517.978010 551.875211 58 518.768010 553.160992 104 514.251053 572.082338 381 543.194228 12.059984 260 546.689118 42.858149 350 529.860499 58.108672 108 541.914440 82.886685 305 537.099032 110.711954 50 551.635468 124.092867 223 549.227295 144.121706 189 546.652291 150.733816 135 536.074978 191.926348 71 542.496120 210.703600 280 545.805701 224.482455 141 530.750858 247.282828 134 540.460948 254.968805 122 545.531113 280.512204 50 530.806370 310.627347 101 536.212211 331.309416 50 539.435419 334.794568 456 530.741791 367.466138 137 549.141793 383.821904 191 534.219767 408.286551 71 537.643630 415.465214 175 529.544063 434.551335 75 530.681522 457.822406 259 533.191736 475.272515 139 538.780780 506.177638 155 548.683134 521.639450 228 549.193297 534.814938 383 529.655507 570.175665 173 542.370599 574.883911 208 552.733324 20.814337 132 552.100357 36.373183 230 571.878162 56.959571 84 559.109528 89.547877 133 566.272467 94.688203 294 557.472353 112.813021 205 558.020835 146.472169 161 566.260090 162.001736 157 565.021135 188.853332 197 556.489415 204.570773 113 566.855173 218.855618 56 551.020169 234.972217 153 551.253139 261.409583 50 560.030941 282.695502 159 561.558278 288.588614 142 563.774687 322.198597 296 555.830642 343.101499 60
30 4 997.597402 387.941558 12.540751 1.226070 12 1304.091404 239.983265 36.295209 1.073499 11 906.547948 229.833003 37.786357 1.390432 5 1664.781283 287.017932 17.187405 1.822747 4 925.186808 354.623088 26.741308 1.954456 15 1232.111309 312.528434 12.406079 1.224697 4 1584.125918 445.151235 15.781032 0.648539 1 1746.372130 403.803584 39.686238 0.878660 7 1715.733601 233.564667 27.856847 1.551360 9 1540.037205 357.301901 28.550650 1.829887 3 1284.834004 309.379934 21.232937 1.241642 5 913.481335 289.497432 15.762762 0.931959 15 1564.638177 385.589725 20.129995 1.456829 3 1042.881274 232.012121 12.969059 1.545909 10 1326.955436 344.301967 28.436045 1.330595 7 1685.858799 236.107788 19.141495 1.285124 14 1376.968632 216.736229 13.314094 0.986780 3 1041.218345 322.916341 12.826221 1.921882 12 1088.059671 333.432468 15.604591 1.118663 5 1400.527766 300.979641 32.729865 0.935071 1 938.414356 303.919338 16.952241 1.107599 7 1071.089436 273.078094 20.890376 1.050778 15 865.704685 356.367751 17.538375 1.460546 7 948.709091 345.390752 24.947870 1.898526 2 1356.745636 432.951277 31.245701 0.720158 5 1661.391222 216.432989 37.404802 1.126656 11 1353.538172 358.068816 11.141943 1.262267 2 1409.077512 194.986202 15.311717 1.802468 15 1486.590814 349.394992 27.457053 1.668036 5 1192.321615 219.125929 32.693389 1.150757
