5
2662.3
0.01 1 0.1 2 0.005 0.1
20 763.881574 644.780751 409.438080 198.087440 676.700334 969.285816 427.747089 850.874859 36.078303 527.786041 201.553212 494.266023 611.252723 855.908250 522.965835 868.838939 326.779347 128.409895 464.946991 715.246900 707.944406 36.745291 248.571483 254.344742 471.579685 861.702044 270.909294 45.885093 898.044163 869.200093 770.699658 38.687798 260.710768 176.794255 914.984585 124.776269 127.495340 220.644859 790.989039 198.022570
1200 860.740035 279.660331 56 440.574394 696.567996 444 565.571801 185.369801 336 498.854337 667.781197 73 122.936480 802.604853 223 159.187516 917.142657 402 252.069040 831.518518 144 829.442737 290.682857 114 257.498460 915.791854 132 413.185499 755.076636 280 769.505698 315.677180 699 782.314334 316.733347 197 531.688741 198.569020 310 265.699793 920.429779 168 835.648479 296.203756 104 769.348609 230.826862 151 729.874991 366.137440 173 398.447343 788.781322 191 567.557224 457.244252 77 394.880830 749.657264 160 720.798523 274.162952 202 212.657550 863.869280 111 454.757288 754.204741 139 603.529592 679.062678 82 206.154360 842.316724 159 181.205736 843.858105 412 912.049691 381.143938 373 75.469190 916.660600 629 519.765308 647.412859 190 762.284780 278.586653 266 322.622603 906.535974 79 504.461738 739.779071 208 766.196476 253.909656 370 528.399545 422.468341 843 480.643701 426.302020 430 185.706128 882.565154 100 710.261905 302.790080 391 203.861768 894.455243 458 599.270141 171.707292 145 504.618188 397.573812 102 137.960697 897.977073 391 881.283687 365.253095 97 512.880405 678.074585 291 262.780673 859.300023 166 827.261581 299.947868 308 459.305491 502.193483 274 228.734111 881.644902 144 345.574239 703.398698 172 516.774565 620.430885 256 461.827641 713.459050 271 721.830949 328.503194 142 482.328432 455.982312 168 399.182037 789.555965 218 841.482644 243.125514 113 774.518751 336.447332 183 234.466130 841.801673 103 528.683951 621.362442 196 142.875292 915.096872 106 738.395671 310.168484 150 817.966394 217.006099 263 528.582039 175.928400 103 853.484188 280.233997 108 228.476071 858.523898 321 334.694295 698.570171 259 89.045381 885.046259 91 164.376424 892.578721 261 628.826494 234.977569 655 506.092811 644.952277 215 829.724230 343.838083 180 122.119078 856.080199 474 230.309204 931.796480 68 146.711711 881.257870 309 476.574494 739.770750 471 565.389336 398.404907 246 592.905183 214.998733 50 869.406368 251.095077 230 171.253380 896.951356 476 412.258856 743.577055 396 864.321295 271.625368 138 209.773665 866.628944 68 116.958051 825.094427 239 590.915235 191.180920 111 365.545248 746.629151 152 246.841280 893.735055 127 556.650311 353.179956 78 812.449706 209.596250 177 447.257090 482.939276 145 899.859519 305.967557 374 480.769194 786.536265 118 807.676831 332.070801 236 574.497514 182.822944 70 144.507813 883.453102 189 870.414897 384.978487 356 480.696687 579.668751 179 554.200982 192.484171 50 248.658109 876.079634 172 440.383411 706.223838 69 411.005902 700.239459 101 539.056818 323.238286 261 405.135278 787.568612 306 108.680583 923.571400 139 331.029199 922.431887 320 514.371835 638.650335 106 765.455302 289.260599 178 513.398576 617.196503 102 504.208923 649.784315 197 534.846024 421.465390 245 605.403894 245.983427 153 83.294818 832.134092 546 69.593343 866.316371 142 70.982266 892.498693 411 131.111816 844.868476 257 569.478076 232.924385 159 585.428168 234.528331 105 362.908588 751.574629 229 489.485880 735.124369 160 861.468670 302.743946 253 544.381967 623.320110 427 420.082626 699.942531 79 474.196674 641.506266 276 693.054236 342.875131 90 894.599272 376.180771 94 457.132343 775.020549 90 434.702684 702.177795 184 831.138138 345.445148 144 784.575600 240.683380 54 153.346487 857.163670 511 543.655087 639.615144 112 851.917793 232.896642 97 799.476889 285.572390 266 268.634620 843.265557 382 128.433557 841.690047 448 251.807173 896.781141 201 621.373537 201.329442 150 595.991743 199.476548 127 340.781838 917.911629 171 251.397450 897.496401 135 652.185052 203.608080 50 528.091522 209.919204 463 215.418173 905.628862 113 439.141812 742.074166 164 480.648713 625.420973 196 522.951305 111.093593 61 847.637771 306.116243 219 545.183947 667.429178 268 593.471237 162.801032 149 581.711554 646.520599 122 182.313186 915.335214 100 930.020425 226.671739 386 299.972967 961.652706 464 736.847005 430.060406 131 596.349163 174.862835 284 482.342110 655.968921 186 512.185937 222.591357 136 609.550444 181.620740 333 250.851951 968.871373 143 493.415784 635.775955 333 812.338406 387.843789 162 853.202078 312.036320 270 637.707777 141.933304 62 181.417032 883.531477 285 540.888483 673.791912 308 98.375179 864.824199 85 593.080293 192.657819 244 741.440570 244.308296 137 562.925455 155.287976 127 163.768137 888.686654 228 779.474360 291.313616 190 575.208063 156.026120 107 762.170686 348.252170 102 621.014822 206.441989 404 128.397460 903.419078 204 219.191887 839.041944 159 265.964875 871.939005 156 315.751999 876.869115 164 862.376531 327.851154 302 546.522983 416.435340 339 332.287329 936.078856 223 575.695827 595.814119 166 428.019748 779.289304 177 416.202273 423.027225 283 784.041025 316.312161 254 834.296526 328.407794 150 437.082854 665.833708 252 799.800778 277.655182 106 518.101084 571.941324 252 510.254699 406.971891 143 560.409388 260.481617 208 885.567263 325.224823 201 534.609244 255.173604 308 896.083998 305.859663 354 862.514467 287.287992 527 787.525464 291.985308 97 921.480802 303.254938 252 627.336875 647.480710 52 508.309226 455.910389 102 572.008336 205.839417 137 905.218088 298.840622 332 769.564600 301.226993 171 860.055872 270.742716 83 108.890199 831.154151 161 287.106819 893.188687 154 72.788884 857.630586 130 553.537430 428.269743 136 905.449184 245.159060 125 769.553588 318.008207 387 517.027021 204.559454 151 540.227051 169.288619 428 555.508262 679.102568 188 747.032909 281.132827 324 846.434855 300.099109 90 865.837958 292.580162 111 287.166649 883.599184 228 497.058733 664.423011 322 857.161202 261.886995 330 469.016792 366.763099 123 827.936499 254.935224 166 124.065299 884.169321 283 905.967906 256.836115 144 183.446901 819.339043 148 480.233242 177.272174 91 870.034045 296.056628 756 257.989044 896.798175 300 747.315128 334.903154 128 469.384943 739.834181 106 165.741065 947.983530 167 264.055530 940.826993 77 479.871989 684.913991 92 228.620552 928.996603 158 235.852926 926.423763 153 567.828823 433.184075 460 617.952917 194.218846 131 640.096870 606.520473 80 430.531781 708.656481 109 573.810963 625.315155 110 171.851214 831.529805 248 518.202782 668.778696 110 308.691151 900.349121 97 590.267248 666.526125 439 477.431864 781.591062 282 582.798281 205.646410 107 524.872269 654.874286 129 541.848447 413.324194 281 82.922139 961.725032 128 558.142601 446.675537 338 409.532687 694.395304 342 93.151665 893.565627 86 128.999730 884.063426 229 576.856048 250.976480 213 283.732249 861.140747 76 541.885593 405.017659 301 849.256469 312.526313 244 516.412178 458.253784 238 495.394255 613.509508 280 867.248814 346.800313 338 108.060544 884.123519 423 900.374824 255.016880 133 455.729169 705.101950 334 243.099269 917.267462 123 825.520336 281.742763 111 103.818470 873.988313 281 604.934487 230.388559 156 477.468633 678.211133 167 400.540494 739.141917 116 443.505317 707.390691 283 576.777699 382.560727 244 535.810224 379.524264 283 362.651764 781.962399 387 390.667749 776.515440 205 414.867421 748.229016 74 152.254814 855.226716 138 512.473334 207.807656 136 729.264772 373.969277 303 601.032148 134.965267 268 741.371567 298.898152 120 757.691704 311.910544 249 507.137674 423.042645 92 749.483948 268.130477 127 194.236192 864.883497 392 577.184054 175.650471 292 72.104248 880.070245 179 598.929373 224.810237 687 255.536498 929.854524 98 517.179849 377.329625 379 934.346726 317.680747 167 553.278791 634.086175 131 836.545393 286.210692 199 555.266866 156.966244 219 588.667083 628.268330 434 143.636783 917.466111 159 759.450064 273.894268 104 479.991366 412.661340 91 536.131606 676.566540 121 518.218672 637.860817 70 591.259435 185.915846 149 526.528364 207.274168 276 475.446996 430.497298 529 204.007296 933.293521 326 807.299499 284.483647 217 490.182873 389.720955 240 496.484265 368.252751 80 536.640862 224.061383 529 402.996842 719.782837 164 561.632345 155.192301 81 922.541469 339.491437 194 160.332294 850.725826 50 73.467970 818.413474 140 455.085961 761.078298 77 232.431972 900.169004 130 513.715689 405.240761 183 588.660714 476.594118 276 402.261898 793.459214 314 830.566532 248.369610 146 796.605906 303.836120 115 223.004063 834.283900 98 836.194522 326.358997 194 452.822633 697.974506 61 592.253691 207.749214 81 302.776699 884.965098 313 736.740778 270.224121 78 780.104381 294.683123 303 645.702066 608.202068 145 109.188879 822.426757 172 115.005048 868.989923 299 770.176991 243.829466 123 816.303743 369.128982 65 249.543539 854.410060 178 481.913545 417.282650 172 514.190322 387.542139 220 643.354474 170.846506 295 117.321113 853.331368 136 523.051124 665.765402 320 121.256226 894.534180 66 525.896769 374.510541 380 272.796919 908.899734 86 503.032643 666.837736 230 552.448581 670.507164 605 465.414328 459.286863 258 852.677551 333.411514 130 895.222415 283.712785 121 773.153236 289.784814 204 423.920955 743.966639 210 112.561536 981.734264 105 272.995270 911.351039 286 744.912428 328.579518 175 518.484692 635.048697 119 695.316988 253.236325 192 496.912471 396.107486 129 630.918422 235.938476 610 94.303726 897.862669 72 472.369423 429.577289 118 822.455245 277.574951 93 183.417519 977.943147 927 569.978136 689.755503 230 600.538238 276.822019 157 752.677377 299.272844 441 464.306094 684.170870 116 97.170500 940.925704 144 89.202179 904.503579 232 603.505614 146.108578 487 508.123356 656.127430 292 539.747335 703.495000 175 125.067024 899.560846 119 464.565711 784.457042 299 442.680647 496.775593 143 101.642268 899.717667 118 208.348666 786.356702 108 499.110862 412.311863 110 525.664951 387.001894 142 290.419760 940.960554 230 859.531276 284.219365 271 761.879850 353.394071 203 840.605410 406.872058 409 418.888321 714.326306 196 810.953966 354.928698 186 736.311957 246.466027 222 119.134255 887.212206 255 377.090465 781.741419 159 560.239959 635.692495 148 290.218378 926.192715 201 638.105715 191.049370 218 850.269551 284.089854 243 516.625575 630.510637 198 575.153188 629.344147 147 855.940629 268.368395 190 512.222556 385.531079 164 450.582168 563.090152 185 575.635882 622.332111 272 772.891307 281.655673 411 215.320936 909.782200 115 263.554666 862.040990 68 283.088000 949.419003 103 258.191806 955.514444 162 543.812637 643.750550 122 825.746590 307.979561 239 442.444586 749.571853 109 536.091602 172.609400 154 763.534180 334.545760 196 88.056908 859.384133 132 127.472548 866.826241 332 603.019770 142.687032 127 565.567196 467.297609 196 765.963359 273.173934 50 809.246309 297.291134 358 409.794352 738.901049 117 291.318014 875.834953 82 610.369121 228.616299 50 872.871165 261.550293 301 241.899655 937.762143 357 798.784063 279.685172 198 730.942418 367.887239 50 894.383134 304.054731 176 83.084691 851.135929 246 91.569773 884.067245 617 508.027122 393.391443 157 554.218819 222.986396 264 562.133632 198.837630 134 416.883284 787.605469 251 248.345304 847.644847 96 508.030231 649.468407 128 526.623636 661.990159 230 431.856725 782.436984 88 282.676167 884.685997 148 311.250286 670.156310 187 568.505275 154.940714 102 625.424732 184.110492 67 460.894640 453.786709 206 174.171327 855.821216 191 315.932582 901.941157 286 798.308707 326.440934 130 152.475672 859.957820 167 69.060027 866.940248 153 471.570652 449.621091 317 187.199236 849.541532 173 530.841054 471.544364 122 323.260669 929.626631 193 512.292029 775.516574 107 512.226910 453.424449 143 509.818274 404.545443 108 455.855508 711.002008 304 884.145545 314.301392 267 518.440404 631.989633 217 581.829960 556.728425 158 495.325337 351.098951 354 382.940427 683.174483 97 472.960545 703.420216 140 488.096526 679.112000 116 484.107128 462.593379 134 762.154879 369.427683 213 745.570389 286.511230 204 538.675558 203.322646 508 514.127704 598.009689 113 101.568894 905.148601 316 543.362462 631.809746 80 473.733418 592.986538 226 490.495346 792.496843 227 108.514943 887.569511 238 286.073262 863.684854 358 569.388953 603.256308 474 144.677074 859.417959 50 414.541953 818.304537 234 510.547406 487.313721 373 395.121941 726.879089 129 554.011911 377.034011 394 256.262465 925.650228 391 495.673980 440.985993 298 158.713542 862.905062 86 237.216789 900.311738 309 185.225318 905.478137 288 223.039583 925.649656 54 898.192384 391.402972 161 155.018527 819.748800 650 312.296385 935.490086 201 130.721975 884.914422 237 658.273644 264.688620 130 513.280888 782.685628 184 535.356193 621.126578 290 552.358057 220.019852 206 301.248904 854.584225 77 624.009813 655.571738 426 399.759595 753.590593 125 446.941880 778.223026 145 516.112156 459.057230 143 87.815676 920.300863 92 541.703838 195.851612 302 566.978354 594.099612 75 502.305957 769.729840 476 494.638924 707.414114 509 568.458882 678.418511 160 227.043699 797.567938 185 546.172006 701.730789 245 268.815610 883.307377 104 737.244075 347.605561 149 662.306922 223.685654 136 133.075851 876.100182 128 848.146727 302.928619 174 772.368066 307.109786 257 727.305565 336.364636 65 448.185276 649.833150 174 770.203329 306.515690 166 517.192030 686.914815 151 803.968186 281.372819 62 553.821848 590.722454 140 885.409325 308.435071 164 570.316819 168.102743 50 586.903129 646.661797 263 145.541065 936.141010 204 817.994269 293.071247 380 301.419825 848.993623 183 566.288409 490.865595 144 602.836558 215.651964 155 781.405595 286.404660 69 561.508073 418.804627 233 830.795611 277.813107 402 377.980465 814.849326 464 310.883973 868.597036 128 793.657680 330.466475 166 37.925207 833.725565 458 294.208802 937.116691 136 867.389995 313.431253 207 766.100540 293.900824 278 514.525938 399.091529 94 264.133249 853.298384 124 512.566780 575.102074 128 509.630130 382.487679 405 525.846630 542.900646 173 299.851771 908.394319 311 505.669039 272.401476 267 531.485638 151.308204 154 662.807322 155.104016 210 255.698535 864.478283 200 520.019952 589.769581 220 620.386608 212.552403 95 525.844147 694.086455 153 570.211642 261.034128 264 862.065729 345.513981 100 744.150048 303.496705 381 828.748909 302.806901 324 535.462361 413.912171 226 206.527683 826.612409 179 468.088115 753.266505 456 906.449944 317.502232 289 846.380291 287.023619 123 293.245376 799.167708 116 503.938530 658.798651 106 238.340875 936.935564 234 797.883029 264.365905 199 63.284042 851.305782 315 508.390797 375.780053 114 816.786175 370.233157 128 623.406665 198.134356 154 223.851367 853.136817 590 726.521610 320.997836 260 128.429851 829.684059 175 446.997092 739.527494 95 143.050814 882.157014 179 827.643275 313.157730 155 744.091187 345.615298 164 980.426486 342.827793 172 106.619096 813.228307 309 534.495336 599.439574 102 286.863128 933.857019 438 771.025553 289.498677 194 283.585989 865.388473 128 81.842345 948.558513 79 454.018707 762.756997 208 833.093481 245.006756 107 284.170607 881.052149 242 872.474204 337.050004 231 611.001121 205.535077 98 396.373005 821.961334 184 492.328685 397.627007 146 392.592756 768.924014 103 525.875164 162.404724 119 497.546789 460.747861 170 127.291197 898.271300 93 934.693115 320.147795 216 483.752811 639.247903 393 109.826015 979.654194 93 284.986899 856.553510 480 466.613524 658.530579 210 111.384589 914.822595 320 473.981406 706.166798 207 946.659732 287.179822 312 901.003395 316.042138 170 518.287272 392.122567 50 442.491886 695.295031 233 225.301779 898.017305 139 831.418480 277.916029 256 868.673179 285.715702 216 113.473203 810.088873 448 455.749366 783.218364 389 858.468134 368.882639 72 159.399873 896.794018 294 827.910944 337.486223 173 174.173943 907.844366 262 599.975838 219.817083 191 505.530511 664.255924 169 429.772223 730.573844 241 804.674282 316.410998 127 820.441945 316.336559 90 543.402795 469.903187 290 397.318869 715.640554 259 889.418670 292.383110 221 602.964619 252.807943 109 724.418063 324.216730 114 808.582129 312.184008 208 338.689075 884.524901 193 359.342292 674.942447 384 478.594004 414.269240 102 392.807173 685.187331 152 222.807408 888.958183 135 781.151878 301.072588 62 538.315286 327.676853 146 502.087565 748.743545 540 533.737492 658.107481 156 230.390649 823.630792 354 728.073935 355.206722 607 426.214550 774.248738 239 520.098407 185.594217 87 400.359509 756.795186 109 232.606661 859.762413 79 445.511659 446.422431 488 550.840820 212.265338 76 116.613917 864.506116 70 499.815603 660.136007 159 802.537643 388.629573 256 619.377312 635.395290 556 536.685466 439.547546 356 239.033710 919.153234 240 492.616974 416.608727 205 132.805705 947.177757 209 544.915731 214.332195 294 508.347124 191.488390 244 760.423551 334.257567 310 477.860927 688.902281 57 835.239631 279.355618 141 557.445380 637.087338 133 243.017356 949.781863 155 843.922590 245.474112 61 175.300031 866.060415 62 894.182135 250.806940 158 508.147730 187.174541 465 570.247287 715.953535 108 387.986400 656.195698 1153 860.313547 344.998828 129 179.276064 943.689075 166 466.110905 714.679153 141 730.501135 304.038895 169 499.392554 418.194576 408 589.872444 164.532586 106 473.480878 578.698609 96 292.144843 921.489073 107 421.814496 773.112953 434 518.209081 706.101465 158 510.083844 427.126807 553 603.462855 655.106527 113 860.443326 332.305958 311 783.652774 328.924802 228 882.631753 267.682767 215 853.956698 430.748631 158 582.244817 189.589329 78 788.224905 284.622843 115 318.286095 900.594600 150 256.480427 851.667083 131 120.266723 884.147920 347 544.466241 424.792963 172 719.730857 359.520707 116 572.191682 146.749423 304 398.933789 776.607483 268 162.731256 892.371906 72 431.672327 789.053017 696 602.100855 688.166658 77 772.281236 292.895668 424 850.812754 304.551980 106 89.295253 802.364821 410 615.018091 255.014429 150 555.983180 201.364138 70 241.892752 920.214539 243 514.245317 426.967336 135 462.001141 456.272209 198 403.450413 739.417932 406 66.618577 753.841763 67 780.021932 284.379764 321 45.027995 894.921516 133 876.198685 332.898775 238 662.114271 301.777481 214 122.692091 849.346823 212 605.204262 584.227192 644 423.996765 740.688727 298 280.153690 935.586630 130 819.957621 324.471049 485 248.946214 894.227551 138 578.983334 705.132172 157 185.638567 841.301497 738 923.243667 235.597666 90 128.429949 876.060281 213 746.753383 354.314778 172 578.630282 431.229780 179 905.632706 294.074435 54 437.592259 799.670233 280 538.782443 434.258692 399 553.709529 296.480059 77 797.100927 283.217506 343 91.058282 826.237469 227 903.245007 362.450656 403 473.398959 390.549924 154 848.108380 291.501729 160 232.112863 891.334917 144 504.692596 235.813629 209 388.638502 691.897485 100 375.265616 776.864715 74 678.947003 112.809624 258 258.688884 911.862555 134 518.925408 620.215372 116 767.708662 307.493122 240 850.481706 339.499506 50 805.597931 319.444473 79 794.882542 277.327063 81 532.390457 619.082602 106 913.041848 344.545821 255 837.360691 300.594801 157 748.692040 298.051187 160 533.732298 331.214664 338 548.383168 666.537424 268 597.580090 223.465727 972 130.026738 943.365903 170 509.351096 420.660367 99 606.126140 703.689930 212 280.988038 966.604163 124 106.716968 915.174862 246 266.906518 891.439888 83 102.128684 883.729369 217 587.451727 285.418680 107 586.930620 663.099158 68 827.926035 334.283201 108 536.083758 366.773354 144 614.553233 680.925014 298 589.606189 594.830075 332 613.244109 281.925957 218 148.735051 830.500706 234 738.196993 361.779218 241 522.245588 509.886071 119 177.588813 974.574703 204 801.124901 311.903160 50 471.088906 622.123298 176 501.744576 406.263294 505 590.058083 317.618685 262 791.748796 320.002827 64 499.902289 424.937852 254 232.354170 894.904933 118 581.472386 486.965145 129 502.314512 644.506586 137 118.833015 846.203209 158 163.864744 894.677848 381 276.574998 915.395970 393 130.998918 851.215683 205 156.514838 879.869165 190 563.067948 98.112470 234 280.290951 862.793021 470 432.231183 682.972409 137 695.698775 282.820858 229 276.022794 862.080528 147 497.992161 373.007959 325 52.986172 845.688469 172 742.562086 364.582440 223 627.808861 152.918995 73 614.825658 137.182740 213 732.622146 321.129901 396 96.882771 860.118800 222 423.573370 728.991192 65 531.720689 327.956828 70 217.077372 869.431987 159 892.715969 266.702074 169 560.573175 217.663484 138 532.740629 399.664222 380 560.939435 226.762616 117 585.789846 179.055295 601 248.135149 1000.000000 131 187.180904 837.625138 122 416.206642 711.290895 136 723.266307 338.810281 205 511.076725 384.758657 221 413.974681 811.478472 180 277.739741 876.474915 253 418.936504 773.934998 166 587.383857 645.697187 115 746.042560 316.645928 154 858.632681 320.504689 354 508.953304 457.287322 181 407.327272 792.656168 80 564.900639 201.427521 261 540.887581 727.231985 221 136.426429 869.784579 86 405.307742 691.070340 624 531.145887 345.331516 120 725.755476 316.850157 103 493.777777 464.758009 228 441.024133 737.717545 140 282.610592 875.379719 120 569.024860 215.537994 196 113.693576 913.582193 81 553.402096 672.763519 120 277.584384 839.389089 221 484.507885 667.854105 146 959.707049 313.097971 334 483.925451 436.225509 93 473.013832 703.868362 244 558.833757 183.047391 115 788.982674 314.191021 254 465.583306 453.775176 320 590.358472 419.385084 952 772.524898 267.530628 259 540.315473 626.430542 161 790.006665 259.621838 274 145.602032 874.571335 120 223.955903 900.249702 219 383.797357 680.870387 98 201.273205 949.275793 90 541.918517 656.837507 73 548.231919 397.242795 399 547.391532 639.115676 112 692.864499 332.298802 72 455.364488 687.811385 348 469.514211 715.204517 172 404.583557 721.598086 416 117.249165 945.910888 572 75.012152 872.496247 132 448.062548 736.548715 100 503.415878 376.528638 116 404.539716 415.799031 453 750.305649 336.714695 131 157.328473 929.948069 83 568.250042 202.461294 207 514.837367 662.390306 172 576.333836 737.627012 92 274.652192 932.936383 151 505.698778 410.142881 122 648.625333 167.041353 196 76.859314 809.961991 340 87.519190 830.204885 61 128.570264 894.711720 125 96.172248 932.130888 50 524.221897 429.842573 159 434.636341 728.059930 115 459.044972 696.293427 321 527.623007 756.046197 217 522.211185 488.558955 50 597.869087 168.371645 110 574.956397 625.897542 140 544.042600 188.116874 139 844.871346 305.502085 289 517.608562 622.066847 88 159.357666 866.217270 85 547.971027 651.863720 114 512.766172 213.575840 138 862.425613 284.888171 242 598.389608 440.252421 206 263.715934 873.738083 195 589.325125 698.027481 470 537.210004 607.679334 98 162.312054 828.883194 108 499.667272 443.228723 300 399.393545 735.447431 154 555.686965 661.357098 352 142.310916 905.895970 218 32.192676 843.939956 257 435.652547 706.456640 137 554.517113 428.956730 100 577.638157 680.886789 95 558.002120 233.295386 101 577.068150 265.485001 84 753.750802 377.237717 252 709.702749 362.485502 413 119.398549 863.514109 207 787.349479 336.720771 66 536.061503 581.361200 197 587.970541 150.777191 221 261.000070 867.059862 165 246.185093 917.083101 430 553.226462 667.200123 50 131.409927 821.027959 444 283.856300 883.983913 119 855.240686 361.019331 87 726.446129 291.259669 333 293.167349 931.194661 547 491.815168 401.102089 173 440.923848 723.874406 98 273.030990 836.764436 124 503.241367 705.824054 129 445.198113 776.994379 190 181.553549 881.191397 447 542.583921 131.641353 196 936.882469 254.829101 520 472.936940 651.484312 86 892.141773 338.481444 385 305.607379 919.320270 188 381.545674 414.203082 202 101.322065 861.278617 290 573.724175 222.996968 230 822.367638 288.314496 606 511.977283 449.070699 302 591.283882 228.429619 222 768.487570 255.229855 286 585.104629 125.944242 280 548.570690 661.511800 200 154.255385 879.242923 50 416.183823 750.998109 50 441.779462 702.872886 91 290.604883 943.340424 363 498.280002 683.451540 72 566.255731 441.682887 233 310.960754 827.934931 161 539.229534 235.826668 159 227.802767 951.751012 142 595.268592 180.746661 763 241.582940 893.924014 69 113.185036 871.178736 310 100.947799 860.453618 142 456.255782 760.916293 112 170.568535 847.110509 191 391.299118 756.072037 158 427.491103 736.928070 97 756.571158 296.244375 184 247.630887 896.249490 115 773.148926 242.066676 249 247.347888 835.392816 133 726.197779 288.806308 449 915.902684 296.102076 63 868.845337 298.195074 145 73.573985 893.713301 150 470.572847 434.803137 95 633.618812 228.596925 115 69.153900 769.200707 130 861.849332 361.213060 146 298.975100 860.774603 404 474.399501 358.695854 50 544.591274 639.041695 122 572.248008 583.072232 195 468.460545 636.538622 421 549.992938 224.472684 122 511.218668 471.213785 319 796.952271 335.243347 73 473.513950 714.459557 100 494.386183 432.015801 179 802.050560 308.755213 125 753.206490 344.115530 236 847.974935 296.212712 158 564.154262 208.251684 523 859.555501 286.411620 138 234.408042 906.564291 133 500.588456 747.754701 111 572.360967 223.577972 60 537.338662 193.127405 342 496.293769 642.977578 115 787.494985 322.952153 291 218.019393 903.550748 148 429.210731 740.226021 147 582.157848 202.450527 129 472.064718 777.193435 250 596.712072 216.847805 62 787.710416 369.779592 184 807.878837 272.291879 398 783.313449 265.107613 338 825.352058 324.506092 567 885.918409 291.407333 132 454.716748 806.503239 189 309.763716 838.130015 101 141.590278 887.144063 171 233.482681 807.035059 427 796.407848 251.109370 111 809.866350 309.401657 153 835.144429 291.940763 165 808.205181 330.922036 258 730.521878 382.216031 460 512.817549 649.914460 431 736.135086 252.378071 714 761.847479 278.705668 288 526.846412 423.114613 99 589.440852 164.774312 68 793.735278 288.472392 136 845.319737 315.520831 163 748.948488 319.004417 178 784.024543 277.684284 194 298.720548 893.015897 228 466.116569 410.058756 100 138.528963 916.315957 80 577.999487 184.155697 198 416.058958 730.587532 94 477.607546 467.009718 297 519.577901 385.449708 52 612.212680 284.120777 243 506.936222 670.439188 246 583.382455 238.782994 185 383.999962 722.434669 252 179.988396 859.526939 250 489.339615 427.031294 208 772.821145 298.675743 398 593.914213 218.844782 171 852.012761 291.597129 197 609.164934 164.929250 289 485.362211 389.033267 368 503.853858 665.067786 129 796.886798 297.475152 155 443.050614 455.031522 227 518.570428 649.442198 285 108.496995 912.611939 120 780.232267 358.893871 54 283.936778 894.105080 798 530.275961 159.817193 58 549.394756 690.545172 102 528.812898 642.603924 76 206.312897 923.538920 217 155.087161 908.524883 150 626.623120 183.867200 187 94.449337 886.477629 140 607.215026 127.553252 194 525.486875 220.456477 223 882.016014 244.879256 198 414.813478 738.802014 455 192.657644 878.921125 141 563.284809 698.364384 176 303.144954 863.151473 208 405.962939 680.366921 147 727.983409 310.657164 160 253.235352 851.771678 92 747.942935 247.646935 193 802.600240 334.351461 65 147.983072 833.731522 111 822.046136 368.782653 248 194.786767 871.995635 84 102.148708 853.950766 71 726.989086 323.896959 137 569.924332 209.758010 400 751.507030 374.068645 258 155.001697 932.786383 277 465.074304 745.324800 68 471.679584 654.299812 96 452.963965 730.514630 115 846.531859 332.375575 278 571.714296 648.121876 245 479.792431 429.060811 260 546.394478 634.798643 173 615.440867 666.762464 271 730.482051 270.681330 276 833.422603 249.790886 138 416.805006 790.234329 487 525.310416 415.867848 199 170.288027 866.186042 50 505.764986 354.775802 446 846.343654 372.203674 175 566.089902 401.204875 420 833.086741 395.542005 187 774.122410 275.838803 59 266.190912 882.257644 312 458.699137 365.180331 344 451.066473 704.292911 529 493.692451 608.706414 242 528.393181 425.601176 246 547.348734 434.065860 131 571.913000 420.292732 540 513.641664 398.008229 131 534.964070 650.193540 605 206.511338 864.517662 333 863.910094 262.828787 152 594.627447 222.420319 411 435.807661 729.704068 233 229.219554 789.475315 121 773.769932 279.999631 295 193.711958 864.409436 273 537.849053 255.894933 69 921.292486 336.619297 240 254.010702 914.523350 99 457.893441 810.224177 207 749.462293 307.285507 853 168.812876 802.737766 76 753.110185 333.483576 75 848.429356 282.851517 76 811.128010 256.722901 139 475.380823 323.945649 391 713.719476 338.014020 106 818.602698 294.598343 223 866.992940 344.470717 192 24.539421 928.960296 240 477.602260 804.654275 140 910.755849 300.835937 268 576.482738 147.242470 112 604.657231 725.381602 151 250.056274 955.846702 163 518.340324 790.167372 117 505.054550 700.270296 184 553.764600 628.705087 389 847.240117 266.196118 184 756.370049 304.982443 111 96.443794 860.582426 108 460.778885 720.016373 248 506.794444 594.956569 160 462.543911 712.399637 162 754.128167 293.582956 89 748.013449 217.448634 361 506.309925 427.027848 441 464.958845 412.927578 141 454.812091 834.923427 56 146.780566 913.870642 183 615.544331 197.951830 169 802.281930 248.921324 75 921.838289 331.324266 138 859.499092 253.023851 94 796.972725 269.121668 601 471.899884 718.798461 137 523.549388 353.241281 145 359.212512 689.050966 239 743.881756 253.863683 361 238.501062 934.206624 289 718.198079 283.048735 112 387.037892 402.852695 151 854.537860 369.122865 222 70.014096 864.417970 265 588.875152 230.259077 146 544.133572 610.824954 280 268.246080 892.014262 397 537.787936 217.186673 83 856.367204 295.495470 250 329.200831 835.074495 101 549.787517 224.236702 179 522.438043 705.452062 108 647.194192 385.739176 105 516.495559 352.486669 302 273.580593 920.401017 255 546.890206 220.177841 53 877.290480 345.988516 120 505.270708 614.610381 183 547.849790 667.259528 103 543.509930 381.299507 282 899.620336 272.463174 109 756.733219 298.540704 191 438.821241 656.037809 81 404.974936 762.998593 317 615.397122 639.354672 302 443.099267 775.315349 210 380.955406 771.975534 238 541.604179 151.647272 370 839.352174 275.287749 237 550.979121 414.507624 431 246.680656 901.961536 59 526.900372 194.965386 221 617.971561 254.177278 117 273.246306 852.910451 639 895.985578 293.565509 154 579.188644 193.281914 271 494.901955 412.834644 121 672.030434 323.222154 219 609.889477 246.758637 92 532.742571 422.201208 470 555.281563 424.779546 169 529.280531 235.019396 77 139.196040 889.435471 89 523.157077 594.914139 199 554.533730 687.593674 76 481.289890 694.027961 221 909.956772 371.892491 329 482.184843 430.357586 168 749.212887 265.935875 245 573.205244 655.164644 197 535.348479 417.934666 237 117.178671 941.456473 174 559.202379 150.191308 66 490.606912 444.958390 155 341.859175 712.486179 233 557.027212 669.225342 164 415.119598 721.143248 244 444.350307 771.843195 163 495.874339 362.994450 510 442.883876 708.615362 176 202.164669 906.274220 217 897.176158 304.196427 98 605.848209 216.470908 245 463.475500 704.091839 144 576.035942 180.220329 244 924.698998 357.395327 339 535.044666 630.085071 64 477.962523 387.263732 67 526.850605 432.929741 190 115.446651 829.138990 134 611.849610 211.013137 126 816.079274 350.625498 420 260.136183 847.132665 240 351.292351 721.807610 260 973.882141 389.448757 215 532.880228 415.845136 314 685.063268 274.828764 114 46.665390 839.460078 92 805.738680 243.134098 101 487.181081 447.545813 123 416.999266 696.612710 225 575.458230 249.600200 171 457.952721 701.306019 259 588.357757 162.788794 428 778.189860 292.180803 245 474.840795 771.024662 155
35 19 1267.300451 228.125117 34.119562 1.499945 9 1005.148689 401.126552 37.818081 0.927851 10 1309.338281 352.157362 35.752883 1.586115 12 1761.999877 228.366258 23.029050 1.491960 20 1064.182372 235.397426 9.222371 0.940605 5 1632.218025 424.141069 38.076240 1.966115 13 1299.292612 337.755656 15.441146 0.938104 14 1757.917519 408.646636 19.687474 1.707505 16 1146.377784 271.319796 21.927986 1.466472 6 1369.659586 479.259114 35.619813 1.535177 8 1428.247156 270.359592 33.981423 1.267252 4 858.319567 311.745197 23.570342 1.895194 18 1336.877323 346.204745 19.203438 1.783774 11 1618.292713 239.234597 34.607955 1.722733 6 814.823552 258.307497 29.205396 1.817536 19 1465.987234 433.217976 13.616488 1.408447 14 1520.413783 298.608118 15.037866 0.782986 10 1168.170635 355.295132 15.317683 0.996250 10 1113.409830 382.882794 33.156682 1.259224 16 826.451581 368.404111 30.324716 1.295520 5 1212.297361 501.884957 35.656194 1.867229 15 1699.291847 217.388357 9.175462 1.014704 20 1504.156496 301.347087 14.513248 0.863454 4 1576.843938 298.154985 31.850071 1.773029 2 1781.762651 326.923203 14.232428 1.529533 9 1739.643340 273.752456 27.666151 1.877333 5 1139.245512 313.860640 32.287276 1.966917 10 1177.795252 296.169061 35.988214 1.689881 16 1305.930195 383.977453 11.411045 1.722253 7 1076.987104 442.577659 19.960361 1.095538 10 801.478876 217.897691 20.868759 0.677174 12 1623.330444 478.507310 20.942348 1.343112 16 1373.693602 455.030533 17.349628 1.977078 8 973.852338 461.431373 21.746593 1.036523 20 1702.308518 490.505889 31.494671 1.958149
5
2662.3
0.01 1 0.1 2 0.005 0.1
20 763.881574 644.780751 409.438080 198.087440 676.700334 969.285816 427.747089 850.874859 36.078303 527.786041 201.553212 494.266023 611.252723 855.908250 522.965835 868.838939 326.779347 128.409895 464.946991 715.246900 707.944406 36.745291 248.571483 254.344742 471.579685 861.702044 270.909294 45.885093 898.044163 869.200093 770.699658 38.687798 260.710768 176.794255 914.984585 124.776269 127.495340 220.644859 790.989039 198.022570
1200 860.740035 279.660331 56 440.574394 696.567996 444 565.571801 185.369801 336 498.854337 667.781197 73 122.936480 802.604853 223 159.187516 917.142657 402 252.069040 831.518518 144 829.442737 290.682857 114 257.498460 915.791854 132 413.185499 755.076636 280 769.505698 315.677180 699 782.314334 316.733347 197 531.688741 198.569020 310 265.699793 920.429779 168 835.648479 296.203756 104 769.348609 230.826862 151 729.874991 366.137440 173 398.447343 788.781322 191 567.557224 457.244252 77 394.880830 749.657264 160 720.798523 274.162952 202 212.657550 863.869280 111 454.757288 754.204741 139 603.529592 679.062678 82 206.154360 842.316724 159 181.205736 843.858105 412 912.049691 381.143938 373 75.469190 916.660600 629 519.765308 647.412859 190 762.284780 278.586653 266 322.622603 906.535974 79 504.461738 739.779071 208 766.196476 253.909656 370 528.399545 422.468341 843 480.643701 426.302020 430 185.706128 882.565154 100 710.261905 302.790080 391 203.861768 894.455243 458 599.270141 171.707292 145 504.618188 397.573812 102 137.960697 897.977073 391 881.283687 365.253095 97 512.880405 678.074585 291 262.780673 859.300023 166 827.261581 299.947868 308 459.305491 502.193483 274 228.734111 881.644902 144 345.574239 703.398698 172 516.774565 620.430885 256 461.827641 713.459050 271 721.830949 328.503194 142 482.328432 455.982312 168 399.182037 789.555965 218 841.482644 243.125514 113 774.518751 336.447332 183 234.466130 841.801673 103 528.683951 621.362442 196 142.875292 915.096872 106 738.395671 310.168484 150 817.966394 217.006099 263 528.582039 175.928400 103 853.484188 280.233997 108 228.476071 858.523898 321 334.694295 698.570171 259 89.045381 885.046259 91 164.376424 892.578721 261 628.826494 234.977569 655 506.092811 644.952277 215 829.724230 343.838083 180 122.119078 856.080199 474 230.309204 931.796480 68 146.711711 881.257870 309 476.574494 739.770750 471 565.389336 398.404907 246 592.905183 214.998733 50 869.406368 251.095077 230 171.253380 896.951356 476 412.258856 743.577055 396 864.321295 271.625368 138 209.773665 866.628944 68 116.958051 825.094427 239 590.915235 191.180920 111 365.545248 746.629151 152 246.841280 893.735055 127 556.650311 353.179956 78 812.449706 209.596250 177 447.257090 482.939276 145 899.859519 305.967557 374 480.769194 786.536265 118 807.676831 332.070801 236 574.497514 182.822944 70 144.507813 883.453102 189 870.414897 384.978487 356 480.696687 579.668751 179 554.200982 192.484171 50 248.658109 876.079634 172 440.383411 706.223838 69 411.005902 700.239459 101 539.056818 323.238286 261 405.135278 787.568612 306 108.680583 923.571400 139 331.029199 922.431887 320 514.371835 638.650335 106 765.455302 289.260599 178 513.398576 617.196503 102 504.208923 649.784315 197 534.846024 421.465390 245 605.403894 245.983427 153 83.294818 832.134092 546 69.593343 866.316371 142 70.982266 892.498693 411 131.111816 844.868476 257 569.478076 232.924385 159 585.428168 234.528331 105 362.908588 751.574629 229 489.485880 735.124369 160 861.468670 302.743946 253 544.381967 623.320110 427 420.082626 699.942531 79 474.196674 641.506266 276 693.054236 342.875131 90 894.599272 376.180771 94 457.132343 775.020549 90 434.702684 702.177795 184 831.138138 345.445148 144 784.575600 240.683380 54 153.346487 857.163670 511 543.655087 639.615144 112 851.917793 232.896642 97 799.476889 285.572390 266 268.634620 843.265557 382 128.433557 841.690047 448 251.807173 896.781141 201 621.373537 201.329442 150 595.991743 199.476548 127 340.781838 917.911629 171 251.397450 897.496401 135 652.185052 203.608080 50 528.091522 209.919204 463 215.418173 905.628862 113 439.141812 742.074166 164 480.648713 625.420973 196 522.951305 111.093593 61 847.637771 306.116243 219 545.183947 667.429178 268 593.471237 162.801032 149 581.711554 646.520599 122 182.313186 915.335214 100 930.020425 226.671739 386 299.972967 961.652706 464 736.847005 430.060406 131 596.349163 174.862835 284 482.342110 655.968921 186 512.185937 222.591357 136 609.550444 181.620740 333 250.851951 968.871373 143 493.415784 635.775955 333 812.338406 387.843789 162 853.202078 312.036320 270 637.707777 141.933304 62 181.417032 883.531477 285 540.888483 673.791912 308 98.375179 864.824199 85 593.080293 192.657819 244 741.440570 244.308296 137 562.925455 155.287976 127 163.768137 888.686654 228 779.474360 291.313616 190 575.208063 156.026120 107 762.170686 348.252170 102 621.014822 206.441989 404 128.397460 903.419078 204 219.191887 839.041944 159 265.964875 871.939005 156 315.751999 876.869115 164 862.376531 327.851154 302 546.522983 416.435340 339 332.287329 936.078856 223 575.695827 595.814119 166 428.019748 779.289304 177 416.202273 423.027225 283 784.041025 316.312161 254 834.296526 328.407794 150 437.082854 665.833708 252 799.800778 277.655182 106 518.101084 571.941324 252 510.254699 406.971891 143 560.409388 260.481617 208 885.567263 325.224823 201 534.609244 255.173604 308 896.083998 305.859663 354 862.514467 287.287992 527 787.525464 291.985308 97 921.480802 303.254938 252 627.336875 647.480710 52 508.309226 455.910389 102 572.008336 205.839417 137 905.218088 298.840622 332 769.564600 301.226993 171 860.055872 270.742716 83 108.890199 831.154151 161 287.106819 893.188687 154 72.788884 857.630586 130 553.537430 428.269743 136 905.449184 245.159060 125 769.553588 318.008207 387 517.027021 204.559454 151 540.227051 169.288619 428 555.508262 679.102568 188 747.032909 281.132827 324 846.434855 300.099109 90 865.837958 292.580162 111 287.166649 883.599184 228 497.058733 664.423011 322 857.161202 261.886995 330 469.016792 366.763099 123 827.936499 254.935224 166 124.065299 884.169321 283 905.967906 256.836115 144 183.446901 819.339043 148 480.233242 177.272174 91 870.034045 296.056628 756 257.989044 896.798175 300 747.315128 334.903154 128 469.384943 739.834181 106 165.741065 947.983530 167 264.055530 940.826993 77 479.871989 684.913991 92 228.620552 928.996603 158 235.852926 926.423763 153 567.828823 433.184075 460 617.952917 194.218846 131 640.096870 606.520473 80 430.531781 708.656481 109 573.810963 625.315155 110 171.851214 831.529805 248 518.202782 668.778696 110 308.691151 900.349121 97 590.267248 666.526125 439 477.431864 781.591062 282 582.798281 205.646410 107 524.872269 654.874286 129 541.848447 413.324194 281 82.922139 961.725032 128 558.142601 446.675537 338 409.532687 694.395304 342 93.151665 893.565627 86 128.999730 884.063426 229 576.856048 250.976480 213 283.732249 861.140747 76 541.885593 405.017659 301 849.256469 312.526313 244 516.412178 458.253784 238 495.394255 613.509508 280 867.248814 346.800313 338 108.060544 884.123519 423 900.374824 255.016880 133 455.729169 705.101950 334 243.099269 917.267462 123 825.520336 281.742763 111 103.818470 873.988313 281 604.934487 230.388559 156 477.468633 678.211133 167 400.540494 739.141917 116 443.505317 707.390691 283 576.777699 382.560727 244 535.810224 379.524264 283 362.651764 781.962399 387 390.667749 776.515440 205 414.867421 748.229016 74 152.254814 855.226716 138 512.473334 207.807656 136 729.264772 373.969277 303 601.032148 134.965267 268 741.371567 298.898152 120 757.691704 311.910544 249 507.137674 423.042645 92 749.483948 268.130477 127 194.236192 864.883497 392 577.184054 175.650471 292 72.104248 880.070245 179 598.929373 224.810237 687 255.536498 929.854524 98 517.179849 377.329625 379 934.346726 317.680747 167 553.278791 634.086175 131 836.545393 286.210692 199 555.266866 156.966244 219 588.667083 628.268330 434 143.636783 917.466111 159 759.450064 273.894268 104 479.991366 412.661340 91 536.131606 676.566540 121 518.218672 637.860817 70 591.259435 185.915846 149 526.528364 207.274168 276 475.446996 430.497298 529 204.007296 933.293521 326 807.299499 284.483647 217 490.182873 389.720955 240 496.484265 368.252751 80 536.640862 224.061383 529 402.996842 719.782837 164 561.632345 155.192301 81 922.541469 339.491437 194 160.332294 850.725826 50 73.467970 818.413474 140 455.085961 761.078298 77 232.431972 900.169004 130 513.715689 405.240761 183 588.660714 476.594118 276 402.261898 793.459214 314 830.566532 248.369610 146 796.605906 303.836120 115 223.004063 834.283900 98 836.194522 326.358997 194 452.822633 697.974506 61 592.253691 207.749214 81 302.776699 884.965098 313 736.740778 270.224121 78 780.104381 294.683123 303 645.702066 608.202068 145 109.188879 822.426757 172 115.005048 868.989923 299 770.176991 243.829466 123 816.303743 369.128982 65 249.543539 854.410060 178 481.913545 417.282650 172 514.190322 387.542139 220 643.354474 170.846506 295 117.321113 853.331368 136 523.051124 665.765402 320 121.256226 894.534180 66 525.896769 374.510541 380 272.796919 908.899734 86 503.032643 666.837736 230 552.448581 670.507164 605 465.414328 459.286863 258 852.677551 333.411514 130 895.222415 283.712785 121 773.153236 289.784814 204 423.920955 743.966639 210 112.561536 981.734264 105 272.995270 911.351039 286 744.912428 328.579518 175 518.484692 635.048697 119 695.316988 253.236325 192 496.912471 396.107486 129 630.918422 235.938476 610 94.303726 897.862669 72 472.369423 429.577289 118 822.455245 277.574951 93 183.417519 977.943147 927 569.978136 689.755503 230 600.538238 276.822019 157 752.677377 299.272844 441 464.306094 684.170870 116 97.170500 940.925704 144 89.202179 904.503579 232 603.505614 146.108578 487 508.123356 656.127430 292 539.747335 703.495000 175 125.067024 899.560846 119 464.565711 784.457042 299 442.680647 496.775593 143 101.642268 899.717667 118 208.348666 786.356702 108 499.110862 412.311863 110 525.664951 387.001894 142 290.419760 940.960554 230 859.531276 284.219365 271 761.879850 353.394071 203 840.605410 406.872058 409 418.888321 714.326306 196 810.953966 354.928698 186 736.311957 246.466027 222 119.134255 887.212206 255 377.090465 781.741419 159 560.239959 635.692495 148 290.218378 926.192715 201 638.105715 191.049370 218 850.269551 284.089854 243 516.625575 630.510637 198 575.153188 629.344147 147 855.940629 268.368395 190 512.222556 385.531079 164 450.582168 563.090152 185 575.635882 622.332111 272 772.891307 281.655673 411 215.320936 909.782200 115 263.554666 862.040990 68 283.088000 949.419003 103 258.191806 955.514444 162 543.812637 643.750550 122 825.746590 307.979561 239 442.444586 749.571853 109 536.091602 172.609400 154 763.534180 334.545760 196 88.056908 859.384133 132 127.472548 866.826241 332 603.019770 142.687032 127 565.567196 467.297609 196 765.963359 273.173934 50 809.246309 297.291134 358 409.794352 738.901049 117 291.318014 875.834953 82 610.369121 228.616299 50 872.871165 261.550293 301 241.899655 937.762143 357 798.784063 279.685172 198 730.942418 367.887239 50 894.383134 304.054731 176 83.084691 851.135929 246 91.569773 884.067245 617 508.027122 393.391443 157 554.218819 222.986396 264 562.133632 198.837630 134 416.883284 787.605469 251 248.345304 847.644847 96 508.030231 649.468407 128 526.623636 661.990159 230 431.856725 782.436984 88 282.676167 884.685997 148 311.250286 670.156310 187 568.505275 154.940714 102 625.424732 184.110492 67 460.894640 453.786709 206 174.171327 855.821216 191 315.932582 901.941157 286 798.308707 326.440934 130 152.475672 859.957820 167 69.060027 866.940248 153 471.570652 449.621091 317 187.199236 849.541532 173 530.841054 471.544364 122 323.260669 929.626631 193 512.292029 775.516574 107 512.226910 453.424449 143 509.818274 404.545443 108 455.855508 711.002008 304 884.145545 314.301392 267 518.440404 631.989633 217 581.829960 556.728425 158 495.325337 351.098951 354 382.940427 683.174483 97 472.960545 703.420216 140 488.096526 679.112000 116 484.107128 462.593379 134 762.154879 369.427683 213 745.570389 286.511230 204 538.675558 203.322646 508 514.127704 598.009689 113 101.568894 905.148601 316 543.362462 631.809746 80 473.733418 592.986538 226 490.495346 792.496843 227 108.514943 887.569511 238 286.073262 863.684854 358 569.388953 603.256308 474 144.677074 859.417959 50 414.541953 818.304537 234 510.547406 487.313721 373 395.121941 726.879089 129 554.011911 377.034011 394 256.262465 925.650228 391 495.673980 440.985993 298 158.713542 862.905062 86 237.216789 900.311738 309 185.225318 905.478137 288 223.039583 925.649656 54 898.192384 391.402972 161 155.018527 819.748800 650 312.296385 935.490086 201 130.721975 884.914422 237 658.273644 264.688620 130 513.280888 782.685628 184 535.356193 621.126578 290 552.358057 220.019852 206 301.248904 854.584225 77 624.009813 655.571738 426 399.759595 753.590593 125 446.941880 778.223026 145 516.112156 459.057230 143 87.815676 920.300863 92 541.703838 195.851612 302 566.978354 594.099612 75 502.305957 769.729840 476 494.638924 707.414114 509 568.458882 678.418511 160 227.043699 797.567938 185 546.172006 701.730789 245 268.815610 883.307377 104 737.244075 347.605561 149 662.306922 223.685654 136 133.075851 876.100182 128 848.146727 302.928619 174 772.368066 307.109786 257 727.305565 336.364636 65 448.185276 649.833150 174 770.203329 306.515690 166 517.192030 686.914815 151 803.968186 281.372819 62 553.821848 590.722454 140 885.409325 308.435071 164 570.316819 168.102743 50 586.903129 646.661797 263 145.541065 936.141010 204 817.994269 293.071247 380 301.419825 848.993623 183 566.288409 490.865595 144 602.836558 215.651964 155 781.405595 286.404660 69 561.508073 418.804627 233 830.795611 277.813107 402 377.980465 814.849326 464 310.883973 868.597036 128 793.657680 330.466475 166 37.925207 833.725565 458 294.208802 937.116691 136 867.389995 313.431253 207 766.100540 293.900824 278 514.525938 399.091529 94 264.133249 853.298384 124 512.566780 575.102074 128 509.630130 382.487679 405 525.846630 542.900646 173 299.851771 908.394319 311 505.669039 272.401476 267 531.485638 151.308204 154 662.807322 155.104016 210 255.698535 864.478283 200 520.019952 589.769581 220 620.386608 212.552403 95 525.844147 694.086455 153 570.211642 261.034128 264 862.065729 345.513981 100 744.150048 303.496705 381 828.748909 302.806901 324 535.462361 413.912171 226 206.527683 826.612409 179 468.088115 753.266505 456 906.449944 317.502232 289 846.380291 287.023619 123 293.245376 799.167708 116 503.938530 658.798651 106 238.340875 936.935564 234 797.883029 264.365905 199 63.284042 851.305782 315 508.390797 375.780053 114 816.786175 370.233157 128 623.406665 198.134356 154 223.851367 853.136817 590 726.521610 320.997836 260 128.429851 829.684059 175 446.997092 739.527494 95 143.050814 882.157014 179 827.643275 313.157730 155 744.091187 345.615298 164 980.426486 342.827793 172 106.619096 813.228307 309 534.495336 599.439574 102 286.863128 933.857019 438 771.025553 289.498677 194 283.585989 865.388473 128 81.842345 948.558513 79 454.018707 762.756997 208 833.093481 245.006756 107 284.170607 881.052149 242 872.474204 337.050004 231 611.001121 205.535077 98 396.373005 821.961334 184 492.328685 397.627007 146 392.592756 768.924014 103 525.875164 162.404724 119 497.546789 460.747861 170 127.291197 898.271300 93 934.693115 320.147795 216 483.752811 639.247903 393 109.826015 979.654194 93 284.986899 856.553510 480 466.613524 658.530579 210 111.384589 914.822595 320 473.981406 706.166798 207 946.659732 287.179822 312 901.003395 316.042138 170 518.287272 392.122567 50 442.491886 695.295031 233 225.301779 898.017305 139 831.418480 277.916029 256 868.673179 285.715702 216 113.473203 810.088873 448 455.749366 783.218364 389 858.468134 368.882639 72 159.399873 896.794018 294 827.910944 337.486223 173 174.173943 907.844366 262 599.975838 219.817083 191 505.530511 664.255924 169 429.772223 730.573844 241 804.674282 316.410998 127 820.441945 316.336559 90 543.402795 469.903187 290 397.318869 715.640554 259 889.418670 292.383110 221 602.964619 252.807943 109 724.418063 324.216730 114 808.582129 312.184008 208 338.689075 884.524901 193 359.342292 674.942447 384 478.594004 414.269240 102 392.807173 685.187331 152 222.807408 888.958183 135 781.151878 301.072588 62 538.315286 327.676853 146 502.087565 748.743545 540 533.737492 658.107481 156 230.390649 823.630792 354 728.073935 355.206722 607 426.214550 774.248738 239 520.098407 185.594217 87 400.359509 756.795186 109 232.606661 859.762413 79 445.511659 446.422431 488 550.840820 212.265338 76 116.613917 864.506116 70 499.815603 660.136007 159 802.537643 388.629573 256 619.377312 635.395290 556 536.685466 439.547546 356 239.033710 919.153234 240 492.616974 416.608727 205 132.805705 947.177757 209 544.915731 214.332195 294 508.347124 191.488390 244 760.423551 334.257567 310 477.860927 688.902281 57 835.239631 279.355618 141 557.445380 637.087338 133 243.017356 949.781863 155 843.922590 245.474112 61 175.300031 866.060415 62 894.182135 250.806940 158 508.147730 187.174541 465 570.247287 715.953535 108 387.986400 656.195698 1153 860.313547 344.998828 129 179.276064 943.689075 166 466.110905 714.679153 141 730.501135 304.038895 169 499.392554 418.194576 408 589.872444 164.532586 106 473.480878 578.698609 96 292.144843 921.489073 107 421.814496 773.112953 434 518.209081 706.101465 158 510.083844 427.126807 553 603.462855 655.106527 113 860.443326 332.305958 311 783.652774 328.924802 228 882.631753 267.682767 215 853.956698 430.748631 158 582.244817 189.589329 78 788.224905 284.622843 115 318.286095 900.594600 150 256.480427 851.667083 131 120.266723 884.147920 347 544.466241 424.792963 172 719.730857 359.520707 116 572.191682 146.749423 304 398.933789 776.607483 268 162.731256 892.371906 72 431.672327 789.053017 696 602.100855 688.166658 77 772.281236 292.895668 424 850.812754 304.551980 106 89.295253 802.364821 410 615.018091 255.014429 150 555.983180 201.364138 70 241.892752 920.214539 243 514.245317 426.967336 135 462.001141 456.272209 198 403.450413 739.417932 406 66.618577 753.841763 67 780.021932 284.379764 321 45.027995 894.921516 133 876.198685 332.898775 238 662.114271 301.777481 214 122.692091 849.346823 212 605.204262 584.227192 644 423.996765 740.688727 298 280.153690 935.586630 130 819.957621 324.471049 485 248.946214 894.227551 138 578.983334 705.132172 157 185.638567 841.301497 738 923.243667 235.597666 90 128.429949 876.060281 213 746.753383 354.314778 172 578.630282 431.229780 179 905.632706 294.074435 54 437.592259 799.670233 280 538.782443 434.258692 399 553.709529 296.480059 77 797.100927 283.217506 343 91.058282 826.237469 227 903.245007 362.450656 403 473.398959 390.549924 154 848.108380 291.501729 160 232.112863 891.334917 144 504.692596 235.813629 209 388.638502 691.897485 100 375.265616 776.864715 74 678.947003 112.809624 258 258.688884 911.862555 134 518.925408 620.215372 116 767.708662 307.493122 240 850.481706 339.499506 50 805.597931 319.444473 79 794.882542 277.327063 81 532.390457 619.082602 106 913.041848 344.545821 255 837.360691 300.594801 157 748.692040 298.051187 160 533.732298 331.214664 338 548.383168 666.537424 268 597.580090 223.465727 972 130.026738 943.365903 170 509.351096 420.660367 99 606.126140 703.689930 212 280.988038 966.604163 124 106.716968 915.174862 246 266.906518 891.439888 83 102.128684 883.729369 217 587.451727 285.418680 107 586.930620 663.099158 68 827.926035 334.283201 108 536.083758 366.773354 144 614.553233 680.925014 298 589.606189 594.830075 332 613.244109 281.925957 218 148.735051 830.500706 234 738.196993 361.779218 241 522.245588 509.886071 119 177.588813 974.574703 204 801.124901 311.903160 50 471.088906 622.123298 176 501.744576 406.263294 505 590.058083 317.618685 262 791.748796 320.002827 64 499.902289 424.937852 254 232.354170 894.904933 118 581.472386 486.965145 129 502.314512 644.506586 137 118.833015 846.203209 158 163.864744 894.677848 381 276.574998 915.395970 393 130.998918 851.215683 205 156.514838 879.869165 190 563.067948 98.112470 234 280.290951 862.793021 470 432.231183 682.972409 137 695.698775 282.820858 229 276.022794 862.080528 147 497.992161 373.007959 325 52.986172 845.688469 172 742.562086 364.582440 223 627.808861 152.918995 73 614.825658 137.182740 213 732.622146 321.129901 396 96.882771 860.118800 222 423.573370 728.991192 65 531.720689 327.956828 70 217.077372 869.431987 159 892.715969 266.702074 169 560.573175 217.663484 138 532.740629 399.664222 380 560.939435 226.762616 117 585.789846 179.055295 601 248.135149 1000.000000 131 187.180904 837.625138 122 416.206642 711.290895 136 723.266307 338.810281 205 511.076725 384.758657 221 413.974681 811.478472 180 277.739741 876.474915 253 418.936504 773.934998 166 587.383857 645.697187 115 746.042560 316.645928 154 858.632681 320.504689 354 508.953304 457.287322 181 407.327272 792.656168 80 564.900639 201.427521 261 540.887581 727.231985 221 136.426429 869.784579 86 405.307742 691.070340 624 531.145887 345.331516 120 725.755476 316.850157 103 493.777777 464.758009 228 441.024133 737.717545 140 282.610592 875.379719 120 569.024860 215.537994 196 113.693576 913.582193 81 553.402096 672.763519 120 277.584384 839.389089 221 484.507885 667.854105 146 959.707049 313.097971 334 483.925451 436.225509 93 473.013832 703.868362 244 558.833757 183.047391 115 788.982674 314.191021 254 465.583306 453.775176 320 590.358472 419.385084 952 772.524898 267.530628 259 540.315473 626.430542 161 790.006665 259.621838 274 145.602032 874.571335 120 223.955903 900.249702 219 383.797357 680.870387 98 201.273205 949.275793 90 541.918517 656.837507 73 548.231919 397.242795 399 547.391532 639.115676 112 692.864499 332.298802 72 455.364488 687.811385 348 469.514211 715.204517 172 404.583557 721.598086 416 117.249165 945.910888 572 75.012152 872.496247 132 448.062548 736.548715 100 503.415878 376.528638 116 404.539716 415.799031 453 750.305649 336.714695 131 157.328473 929.948069 83 568.250042 202.461294 207 514.837367 662.390306 172 576.333836 737.627012 92 274.652192 932.936383 151 505.698778 410.142881 122 648.625333 167.041353 196 76.859314 809.961991 340 87.519190 830.204885 61 128.570264 894.711720 125 96.172248 932.130888 50 524.221897 429.842573 159 434.636341 728.059930 115 459.044972 696.293427 321 527.623007 756.046197 217 522.211185 488.558955 50 597.869087 168.371645 110 574.956397 625.897542 140 544.042600 188.116874 139 844.871346 305.502085 289 517.608562 622.066847 88 159.357666 866.217270 85 547.971027 651.863720 114 512.766172 213.575840 138 862.425613 284.888171 242 598.389608 440.252421 206 263.715934 873.738083 195 589.325125 698.027481 470 537.210004 607.679334 98 162.312054 828.883194 108 499.667272 443.228723 300 399.393545 735.447431 154 555.686965 661.357098 352 142.310916 905.895970 218 32.192676 843.939956 257 435.652547 706.456640 137 554.517113 428.956730 100 577.638157 680.886789 95 558.002120 233.295386 101 577.068150 265.485001 84 753.750802 377.237717 252 709.702749 362.485502 413 119.398549 863.514109 207 787.349479 336.720771 66 536.061503 581.361200 197 587.970541 150.777191 221 261.000070 867.059862 165 246.185093 917.083101 430 553.226462 667.200123 50 131.409927 821.027959 444 283.856300 883.983913 119 855.240686 361.019331 87 726.446129 291.259669 333 293.167349 931.194661 547 491.815168 401.102089 173 440.923848 723.874406 98 273.030990 836.764436 124 503.241367 705.824054 129 445.198113 776.994379 190 181.553549 881.191397 447 542.583921 131.641353 196 936.882469 254.829101 520 472.936940 651.484312 86 892.141773 338.481444 385 305.607379 919.320270 188 381.545674 414.203082 202 101.322065 861.278617 290 573.724175 222.996968 230 822.367638 288.314496 606 511.977283 449.070699 302 591.283882 228.429619 222 768.487570 255.229855 286 585.104629 125.944242 280 548.570690 661.511800 200 154.255385 879.242923 50 416.183823 750.998109 50 441.779462 702.872886 91 290.604883 943.340424 363 498.280002 683.451540 72 566.255731 441.682887 233 310.960754 827.934931 161 539.229534 235.826668 159 227.802767 951.751012 142 595.268592 180.746661 763 241.582940 893.924014 69 113.185036 871.178736 310 100.947799 860.453618 142 456.255782 760.916293 112 170.568535 847.110509 191 391.299118 756.072037 158 427.491103 736.928070 97 756.571158 296.244375 184 247.630887 896.249490 115 773.148926 242.066676 249 247.347888 835.392816 133 726.197779 288.806308 449 915.902684 296.102076 63 868.845337 298.195074 145 73.573985 893.713301 150 470.572847 434.803137 95 633.618812 228.596925 115 69.153900 769.200707 130 861.849332 361.213060 146 298.975100 860.774603 404 474.399501 358.695854 50 544.591274 639.041695 122 572.248008 583.072232 195 468.460545 636.538622 421 549.992938 224.472684 122 511.218668 471.213785 319 796.952271 335.243347 73 473.513950 714.459557 100 494.386183 432.015801 179 802.050560 308.755213 125 753.206490 344.115530 236 847.974935 296.212712 158 564.154262 208.251684 523 859.555501 286.411620 138 234.408042 906.564291 133 500.588456 747.754701 111 572.360967 223.577972 60 537.338662 193.127405 342 496.293769 642.977578 115 787.494985 322.952153 291 218.019393 903.550748 148 429.210731 740.226021 147 582.157848 202.450527 129 472.064718 777.193435 250 596.712072 216.847805 62 787.710416 369.779592 184 807.878837 272.291879 398 783.313449 265.107613 338 825.352058 324.506092 567 885.918409 291.407333 132 454.716748 806.503239 189 309.763716 838.130015 101 141.590278 887.144063 171 233.482681 807.035059 427 796.407848 251.109370 111 809.866350 309.401657 153 835.144429 291.940763 165 808.205181 330.922036 258 730.521878 382.216031 460 512.817549 649.914460 431 736.135086 252.378071 714 761.847479 278.705668 288 526.846412 423.114613 99 589.440852 164.774312 68 793.735278 288.472392 136 845.319737 315.520831 163 748.948488 319.004417 178 784.024543 277.684284 194 298.720548 893.015897 228 466.116569 410.058756 100 138.528963 916.315957 80 577.999487 184.155697 198 416.058958 730.587532 94 477.607546 467.009718 297 519.577901 385.449708 52 612.212680 284.120777 243 506.936222 670.439188 246 583.382455 238.782994 185 383.999962 722.434669 252 179.988396 859.526939 250 489.339615 427.031294 208 772.821145 298.675743 398 593.914213 218.844782 171 852.012761 291.597129 197 609.164934 164.929250 289 485.362211 389.033267 368 503.853858 665.067786 129 796.886798 297.475152 155 443.050614 455.031522 227 518.570428 649.442198 285 108.496995 912.611939 120 780.232267 358.893871 54 283.936778 894.105080 798 530.275961 159.817193 58 549.394756 690.545172 102 528.812898 642.603924 76 206.312897 923.538920 217 155.087161 908.524883 150 626.623120 183.867200 187 94.449337 886.477629 140 607.215026 127.553252 194 525.486875 220.456477 223 882.016014 244.879256 198 414.813478 738.802014 455 192.657644 878.921125 141 563.284809 698.364384 176 303.144954 863.151473 208 405.962939 680.366921 147 727.983409 310.657164 160 253.235352 851.771678 92 747.942935 247.646935 193 802.600240 334.351461 65 147.983072 833.731522 111 822.046136 368.782653 248 194.786767 871.995635 84 102.148708 853.950766 71 726.989086 323.896959 137 569.924332 209.758010 400 751.507030 374.068645 258 155.001697 932.786383 277 465.074304 745.324800 68 471.679584 654.299812 96 452.963965 730.514630 115 846.531859 332.375575 278 571.714296 648.121876 245 479.792431 429.060811 260 546.394478 634.798643 173 615.440867 666.762464 271 730.482051 270.681330 276 833.422603 249.790886 138 416.805006 790.234329 487 525.310416 415.867848 199 170.288027 866.186042 50 505.764986 354.775802 446 846.343654 372.203674 175 566.089902 401.204875 420 833.086741 395.542005 187 774.122410 275.838803 59 266.190912 882.257644 312 458.699137 365.180331 344 451.066473 704.292911 529 493.692451 608.706414 242 528.393181 425.601176 246 547.348734 434.065860 131 571.913000 420.292732 540 513.641664 398.008229 131 534.964070 650.193540 605 206.511338 864.517662 333 863.910094 262.828787 152 594.627447 222.420319 411 435.807661 729.704068 233 229.219554 789.475315 121 773.769932 279.999631 295 193.711958 864.409436 273 537.849053 255.894933 69 921.292486 336.619297 240 254.010702 914.523350 99 457.893441 810.224177 207 749.462293 307.285507 853 168.812876 802.737766 76 753.110185 333.483576 75 848.429356 282.851517 76 811.128010 256.722901 139 475.380823 323.945649 391 713.719476 338.014020 106 818.602698 294.598343 223 866.992940 344.470717 192 24.539421 928.960296 240 477.602260 804.654275 140 910.755849 300.835937 268 576.482738 147.242470 112 604.657231 725.381602 151 250.056274 955.846702 163 518.340324 790.167372 117 505.054550 700.270296 184 553.764600 628.705087 389 847.240117 266.196118 184 756.370049 304.982443 111 96.443794 860.582426 108 460.778885 720.016373 248 506.794444 594.956569 160 462.543911 712.399637 162 754.128167 293.582956 89 748.013449 217.448634 361 506.309925 427.027848 441 464.958845 412.927578 141 454.812091 834.923427 56 146.780566 913.870642 183 615.544331 197.951830 169 802.281930 248.921324 75 921.838289 331.324266 138 859.499092 253.023851 94 796.972725 269.121668 601 471.899884 718.798461 137 523.549388 353.241281 145 359.212512 689.050966 239 743.881756 253.863683 361 238.501062 934.206624 289 718.198079 283.048735 112 387.037892 402.852695 151 854.537860 369.122865 222 70.014096 864.417970 265 588.875152 230.259077 146 544.133572 610.824954 280 268.246080 892.014262 397 537.787936 217.186673 83 856.367204 295.495470 250 329.200831 835.074495 101 549.787517 224.236702 179 522.438043 705.452062 108 647.194192 385.739176 105 516.495559 352.486669 302 273.580593 920.401017 255 546.890206 220.177841 53 877.290480 345.988516 120 505.270708 614.610381 183 547.849790 667.259528 103 543.509930 381.299507 282 899.620336 272.463174 109 756.733219 298.540704 191 438.821241 656.037809 81 404.974936 762.998593 317 615.397122 639.354672 302 443.099267 775.315349 210 380.955406 771.975534 238 541.604179 151.647272 370 839.352174 275.287749 237 550.979121 414.507624 431 246.680656 901.961536 59 526.900372 194.965386 221 617.971561 254.177278 117 273.246306 852.910451 639 895.985578 293.565509 154 579.188644 193.281914 271 494.901955 412.834644 121 672.030434 323.222154 219 609.889477 246.758637 92 532.742571 422.201208 470 555.281563 424.779546 169 529.280531 235.019396 77 139.196040 889.435471 89 523.157077 594.914139 199 554.533730 687.593674 76 481.289890 694.027961 221 909.956772 371.892491 329 482.184843 430.357586 168 749.212887 265.935875 245 573.205244 655.164644 197 535.348479 417.934666 237 117.178671 941.456473 174 559.202379 150.191308 66 490.606912 444.958390 155 341.859175 712.486179 233 557.027212 669.225342 164 415.119598 721.143248 244 444.350307 771.843195 163 495.874339 362.994450 510 442.883876 708.615362 176 202.164669 906.274220 217 897.176158 304.196427 98 605.848209 216.470908 245 463.475500 704.091839 144 576.035942 180.220329 244 924.698998 357.395327 339 535.044666 630.085071 64 477.962523 387.263732 67 526.850605 432.929741 190 115.446651 829.138990 134 611.849610 211.013137 126 816.079274 350.625498 420 260.136183 847.132665 240 351.292351 721.807610 260 973.882141 389.448757 215 532.880228 415.845136 314 685.063268 274.828764 114 46.665390 839.460078 92 805.738680 243.134098 101 487.181081 447.545813 123 416.999266 696.612710 225 575.458230 249.600200 171 457.952721 701.306019 259 588.357757 162.788794 428 778.189860 292.180803 245 474.840795 771.024662 155
35 19 1267.300451 228.125117 34.119562 1.499945 9 1005.148689 401.126552 37.818081 0.927851 10 1309.338281 352.157362 35.752883 1.586115 12 1761.999877 228.366258 23.029050 1.491960 20 1064.182372 235.397426 9.222371 0.940605 5 1632.218025 424.141069 38.076240 1.966115 13 1299.292612 337.755656 15.441146 0.938104 14 1757.917519 408.646636 19.687474 1.707505 16 1146.377784 271.319796 21.927986 1.466472 6 1369.659586 479.259114 35.619813 1.535177 8 1428.247156 270.359592 33.981423 1.267252 4 858.319567 311.745197 23.570342 1.895194 18 1336.877323 346.204745 19.203438 1.783774 11 1618.292713 239.234597 34.607955 1.722733 6 814.823552 258.307497 29.205396 1.817536 19 1465.987234 433.217976 13.616488 1.408447 14 1520.413783 298.608118 15.037866 0.782986 10 1168.170635 355.295132 15.317683 0.996250 10 1113.409830 382.882794 33.156682 1.259224 16 826.451581 368.404111 30.324716 1.295520 5 1212.297361 501.884957 35.656194 1.867229 15 1699.291847 217.388357 9.175462 1.014704 20 1504.156496 301.347087 14.513248 0.863454 4 1576.843938 298.154985 31.850071 1.773029 2 1781.762651 326.923203 14.232428 1.529533 9 1739.643340 273.752456 27.666151 1.877333 5 1139.245512 313.860640 32.287276 1.966917 10 1177.795252 296.169061 35.988214 1.689881 16 1305.930195 383.977453 11.411045 1.722253 7 1076.987104 442.577659 19.960361 1.095538 10 801.478876 217.897691 20.868759 0.677174 12 1623.330444 478.507310 20.942348 1.343112 16 1373.693602 455.030533 17.349628 1.977078 8 973.852338 461.431373 21.746593 1.036523 20 1702.308518 490.505889 31.494671 1.958149
