5
3027.76
0.01 1 0.1 2 0.005 0.1
18 25.325979 775.043009 155.924476 795.523987 757.394866 206.940946 413.013142 318.623472 327.767303 631.749002 662.184108 205.231539 435.130052 548.807430 475.092958 97.166882 312.891603 394.307776 739.282274 657.942490 539.858922 224.148588 750.990027 183.373631 270.261861 125.572593 471.207048 636.509044 561.451061 661.763356 561.947563 522.517013 201.188395 766.815104 792.387609 586.109935
900 95.578606 88.183531 218 128.584807 340.926571 128 375.900812 139.904321 140 589.239010 485.462864 259 407.076961 286.870067 97 684.739828 472.697631 317 436.027016 410.132213 151 81.599872 102.453338 77 128.136033 333.467899 401 109.631266 131.324528 229 637.687056 471.907650 215 626.087637 494.774239 283 330.523357 418.809538 454 455.638608 328.574138 316 374.911916 416.982179 453 457.289882 294.226399 275 143.404341 335.461460 173 658.572557 560.067949 358 366.039181 405.047410 142 338.134115 107.774646 146 487.948016 314.104444 209 131.928112 157.358371 179 288.708754 141.484482 398 128.608374 370.799261 137 63.029370 106.785337 85 460.104039 304.194738 271 677.091021 524.629823 341 675.053636 475.523533 115 489.714228 294.253023 222 117.876926 315.663543 85 70.175681 184.672131 186 665.776297 493.867870 269 489.911074 273.820248 260 501.880914 349.576220 70 124.846602 150.574952 1244 157.734242 343.554821 111 440.413305 355.721942 219 108.440722 129.498852 315 173.838031 390.628574 175 246.200071 115.083873 138 481.380044 248.239856 227 352.737544 418.022440 301 68.795302 136.234597 124 382.111903 431.800393 78 295.684831 173.642881 281 168.932740 372.091046 215 91.882178 175.552094 172 85.604669 131.630573 368 663.201385 528.295446 1011 73.682278 116.954915 174 396.237168 413.637788 217 109.293152 283.988714 86 383.675002 445.044342 283 482.672600 322.385509 50 370.371988 444.226216 334 632.139715 548.430445 144 56.586073 316.861183 202 131.044381 361.626426 346 582.794583 537.954118 83 135.921483 349.923068 81 136.242380 361.411209 81 119.118655 159.835963 177 620.214985 538.577460 126 395.663610 450.057697 639 384.433703 489.933587 168 460.968681 281.403360 63 95.243289 155.044474 141 439.990521 405.194026 98 572.270864 546.564572 160 108.810034 123.839481 462 672.834086 497.991837 161 357.536425 117.370529 59 292.186951 188.015427 259 336.624817 158.817430 258 652.440361 479.598399 70 363.306727 356.799130 50 637.264696 469.406594 89 71.379855 143.925825 160 107.571495 105.849440 322 643.344716 487.827028 66 106.690056 316.037543 265 538.381368 303.798341 209 114.574653 164.534076 114 335.452491 177.423648 329 157.783119 351.655999 50 117.674206 344.459321 235 307.816360 170.500316 208 389.500985 410.488093 100 307.161794 142.768878 100 409.266731 321.520669 117 615.453723 515.672513 356 81.952890 343.600748 131 469.693799 286.908810 158 407.220862 251.057895 289 509.212020 264.106119 215 157.941736 337.622627 125 342.945281 469.254691 923 125.776230 274.627890 291 372.596107 146.826998 374 632.351211 518.482911 70 674.497513 531.818777 291 469.999146 265.743640 220 175.674321 313.682562 645 388.670575 432.395534 353 415.088450 443.385621 207 318.408928 147.772731 219 320.516225 104.343232 242 639.842119 542.281278 149 571.625315 241.252649 241 32.499384 144.422287 113 437.836747 330.119819 452 563.990188 501.740229 235 306.908050 132.024367 299 134.036055 302.882151 570 388.582589 437.309596 130 40.821540 141.910616 223 468.208668 398.102200 254 680.344959 497.941300 105 385.872594 369.354092 189 52.441366 117.815159 114 575.751094 496.072175 170 334.496992 113.915165 403 366.083552 157.322963 149 464.523346 324.630530 403 124.103736 328.260854 516 526.191323 255.942326 226 166.078154 312.689381 415 652.790294 511.876120 472 350.765530 180.821501 292 361.868565 199.074471 218 255.782787 127.070144 108 137.710429 284.732873 152 355.153366 408.680845 151 83.644496 211.149255 168 413.742126 418.716594 197 78.799863 116.000348 180 508.644950 348.018325 86 440.603911 323.663655 124 490.598960 345.991743 134 454.382097 278.085250 299 412.981618 433.884571 161 433.895792 294.016960 57 493.385001 257.275935 311 324.553915 393.618051 288 108.224414 124.194101 165 447.022518 294.955036 144 300.782137 420.767631 73 51.228614 129.000458 257 99.678648 154.283471 123 716.762668 482.624755 584 99.726693 150.385101 86 187.613644 310.617532 534 352.279699 405.309112 455 433.847561 331.133270 138 394.180470 164.083622 188 113.439752 336.168207 74 486.059083 289.251966 55 62.008737 159.874299 257 359.937175 387.568846 334 97.393153 123.919335 203 657.092276 473.094744 134 484.527602 299.776255 614 445.742720 434.491514 217 456.349446 270.744914 161 120.718047 352.042939 357 317.738445 176.251251 101 640.408003 561.737464 316 669.878638 433.078464 314 138.100003 376.567533 182 159.199090 363.578795 188 433.212430 320.465558 530 103.882215 151.400037 317 114.403085 190.020790 399 108.554261 357.855837 152 330.249374 198.248904 287 478.492016 259.055777 224 127.065985 356.022268 184 102.071784 280.495240 218 653.161477 492.143021 172 160.979517 284.158313 77 663.574135 484.967004 127 373.567283 408.895215 180 633.368484 483.030981 117 120.353396 391.832872 128 654.617499 505.631287 144 330.328251 113.794102 82 461.846549 250.107493 153 370.588892 370.161305 347 116.077082 318.766609 84 86.793365 150.902133 180 378.840429 419.051275 110 673.062840 540.218945 177 141.008243 403.372331 410 430.038775 254.253928 249 481.564815 232.291131 109 307.773626 116.508076 260 371.635264 387.980216 242 128.825391 364.385998 65 315.264203 142.614423 88 359.185683 449.793329 320 505.293016 258.475763 79 351.099089 79.377811 204 340.927718 420.369105 308 603.462588 534.796375 354 79.918644 204.722691 227 316.318146 139.257087 52 324.727411 134.735371 434 109.863917 330.946027 321 484.498979 302.387630 65 642.787431 491.007418 129 98.169246 351.150784 137 389.151995 449.838860 357 179.182201 317.617412 107 302.815779 161.993553 125 424.197030 381.737427 147 43.219458 102.744549 262 659.455991 554.080482 150 470.319790 277.654569 358 118.572453 339.534645 274 373.807428 185.403437 339 318.016130 186.491842 168 410.551142 368.673180 92 452.108142 300.290741 171 377.860530 404.149735 144 165.324815 313.991437 143 174.524227 336.939275 323 11.289835 78.353502 214 425.865491 292.670637 317 130.531184 118.505094 236 460.871189 302.702338 73 104.554972 162.144705 423 83.465752 122.503197 325 575.799225 504.396411 235 467.711072 279.804043 95 77.228638 195.110207 122 77.320905 113.509537 259 294.192205 193.099882 100 595.774739 499.381802 323 372.714419 437.155995 141 496.087947 289.600327 119 483.671869 300.639492 143 124.595995 312.693225 187 138.026924 347.127172 84 131.129705 317.368548 209 271.499383 108.992950 151 317.540255 142.867094 128 320.604676 126.473698 129 21.964297 152.314916 297 366.987498 463.163339 131 123.944578 66.860819 69 333.392182 416.734141 447 618.272868 515.024316 201 667.737596 506.708539 214 345.095588 164.144708 102 105.629330 327.355087 551 129.663696 288.096914 1268 471.305194 282.700777 183 85.562135 293.557790 191 397.837855 440.845883 324 641.204663 537.130436 209 377.160966 392.531532 145 633.392614 473.813216 148 307.457293 127.335035 173 333.875703 123.936200 156 312.501002 137.823366 228 65.410169 140.730278 184 154.120465 353.239266 224 423.729131 461.216576 513 493.158100 275.373279 215 444.897673 244.534751 95 384.379059 206.636292 161 626.460849 479.635513 50 29.773305 171.500030 50 401.801701 461.865180 118 60.897128 138.984732 87 418.574089 270.335276 207 644.527374 507.274605 92 436.011708 336.550044 268 342.056416 472.551757 175 69.331475 114.142424 282 113.246636 380.984003 147 291.552705 197.473628 72 360.597273 414.932837 153 60.546745 388.677703 112 316.985455 68.602244 152 327.836608 130.600995 130 495.002758 242.813478 82 629.297535 438.877805 215 432.881743 388.113623 184 600.760089 501.958081 210 648.022545 463.727849 109 120.572340 343.077129 249 90.150874 137.075836 264 621.675532 511.214279 54 336.656658 105.983022 517 437.436958 310.755792 453 56.564882 124.754884 169 100.417218 395.459741 51 623.746006 500.718324 143 406.220772 375.904150 347 383.133284 375.999831 204 629.033111 520.600816 183 356.635336 392.152438 184 370.187928 447.490023 306 403.184869 432.701046 368 91.795715 152.912464 188 106.071420 169.293792 95 681.376155 465.946263 106 58.453008 161.991982 211 467.229781 327.415112 244 386.780276 407.146623 262 445.027865 461.509817 282 144.761019 385.452779 108 280.283917 137.583588 333 459.158833 351.004022 358 492.156722 256.991908 510 392.449432 432.989538 163 440.922296 328.224747 175 677.849486 524.923564 120 629.936968 493.421399 394 627.473425 442.920701 198 314.027367 139.670715 362 54.099112 136.048627 290 500.198318 323.454733 124 379.836810 104.235611 119 632.991543 527.359922 114 354.944412 141.555679 350 368.484239 134.592695 69 628.241554 491.671235 108 340.345226 203.551712 147 373.103168 148.707408 359 318.389165 121.902945 148 633.052819 505.705220 216 122.670685 152.626000 100 90.322944 294.262048 730 657.385384 487.536604 117 447.317817 333.688782 173 58.388747 177.823932 124 629.384127 581.435803 161 154.271994 378.066391 247 96.898977 166.764432 189 634.358699 514.131321 105 76.073169 167.642472 178 143.354384 322.558528 233 55.637914 147.214806 248 108.356940 174.704065 211 296.665634 167.293752 168 423.136470 437.952496 87 376.712218 438.817670 176 628.024847 496.767126 69 125.018146 290.590917 212 386.251541 380.073526 248 107.783681 134.016017 162 294.630193 135.559879 277 98.113932 173.218717 116 116.560318 172.034489 161 145.601062 153.601911 74 74.118513 286.480794 122 409.943707 396.110261 136 690.708916 509.603147 497 182.051108 272.322610 291 630.211497 491.976802 136 177.219642 300.366386 163 447.172784 272.631173 343 345.592245 414.336694 125 90.242952 161.505984 144 516.058512 324.121443 274 357.528991 107.473813 50 456.361362 279.840471 352 363.469925 150.316249 50 361.895438 142.945279 179 99.740791 275.862997 151 688.740042 510.336734 231 360.690337 406.964252 283 95.904374 110.622992 159 703.789041 533.275517 229 700.446510 482.122284 132 392.300035 441.713699 103 629.121249 546.494972 476 125.240789 349.798856 137 348.678342 112.482541 229 102.301396 124.817594 459 360.416966 441.627988 113 366.384855 461.206903 109 419.956141 407.317025 184 405.940780 124.844249 114 349.110007 173.883302 322 354.633289 126.832699 289 78.458790 115.216495 281 152.736409 416.257087 241 649.245805 486.115946 243 108.604719 157.887141 67 141.974277 381.339793 385 353.384030 453.608538 269 128.272841 324.718707 50 523.076357 267.556374 76 659.325969 539.106840 453 330.521750 138.362348 98 467.873546 349.555955 96 142.974455 265.112830 277 501.360542 324.488573 247 273.806951 149.642879 228 653.991007 494.923748 82 373.592164 145.760999 173 607.895655 500.673351 101 473.525692 289.343864 572 294.344733 476.821061 291 640.768784 531.117217 111 432.016971 472.834007 269 455.323067 249.066641 143 271.883520 132.500516 107 107.290628 394.425881 222 337.060853 87.392192 393 470.938522 318.901353 243 38.996829 104.071818 216 406.328865 308.678786 195 264.313679 197.738531 95 385.820350 255.897218 136 335.497243 190.110295 90 134.111124 294.040040 292 106.012802 364.813763 88 424.641562 448.227492 251 104.795480 80.760463 440 36.121484 149.163099 88 143.977751 295.378277 209 370.679224 371.253656 50 33.974782 143.975822 252 374.390993 354.974261 251 305.319117 150.267155 294 139.660896 333.153328 106 457.915550 276.958069 146 408.261030 194.477762 170 499.389977 324.623847 292 65.075208 179.927203 304 347.714703 134.148767 146 403.667187 430.456777 68 94.057702 161.695105 287 487.702879 423.007915 384 107.894768 310.109681 540 192.011176 333.002525 180 366.306047 114.340438 326 89.368529 115.716772 237 594.244108 526.219059 90 409.987346 287.411000 452 355.704018 384.056070 77 518.034567 325.116749 296 87.823587 165.006677 187 641.388430 511.241957 221 306.131750 148.296234 346 364.240129 140.368645 287 69.957107 324.672120 209 316.820568 80.064774 591 383.989198 425.632942 81 599.830417 146.968944 85 105.950107 326.717471 140 271.732813 653.009015 191 41.894879 75.328877 228 681.037834 88.273403 82 256.319763 530.434405 131 787.783425 169.436708 125 404.978814 157.629427 87 365.804547 8.960125 275 633.908086 710.853529 204 226.116989 751.092274 161 149.241254 68.554119 163 326.711356 784.547580 112 555.170019 201.133853 174 652.820796 76.694477 95 608.088806 634.208273 393 87.688234 411.659545 291 543.199710 375.940165 242 311.254395 420.254163 88 731.431450 291.356189 165 86.890513 338.092261 209 410.039193 120.061532 88 566.571221 709.071361 198 421.964607 27.581774 110 503.372367 267.954296 84 582.568344 196.667534 180 568.703963 180.656653 161 113.035694 766.687392 161 727.206116 209.689993 269 460.149263 280.875041 283 325.636614 327.783627 152 496.995320 604.362318 262 599.780079 473.543422 153 787.597770 470.833973 140 475.444562 175.901070 283 156.764038 487.329018 118 192.629722 388.394756 182 82.806370 445.516685 114 743.927657 799.391650 241 427.416111 430.065203 277 447.820469 659.765388 259 695.562884 335.373691 136 441.365991 247.638003 321 99.593144 309.961147 423 548.940737 75.428264 352 610.678216 407.719307 517 408.853508 767.506245 235 575.439095 709.286584 251 228.158367 174.317950 346 731.414792 301.721836 462 89.348758 553.025265 292 504.143105 61.201217 434 145.330093 358.744988 453 291.126905 169.243323 141 390.909136 608.895184 131 758.359132 27.871731 264 273.204841 492.996967 452 380.379252 249.269676 346 354.552121 606.862377 90 205.054661 724.259415 168 22.101609 169.750734 111 598.361776 395.373359 77 277.253486 395.688414 124 332.552828 367.748404 125 326.781138 58.179897 105 330.581626 797.473395 291 572.093943 568.009947 212 27.216026 698.339566 74 268.368376 448.640345 175 722.706953 109.470063 146 217.938534 364.081399 149 597.041025 440.062049 248 503.435207 445.313279 540 165.918443 390.864517 172 581.001065 494.188854 143 244.427010 504.480975 168 420.562994 560.107001 323 184.239717 54.150755 353 580.234568 704.038060 291 388.198610 561.611886 113 568.759402 99.443291 146 284.689836 715.755269 72 215.280651 284.157721 209 138.601555 181.519389 324 706.818785 440.531934 415 136.234403 209.614345 287 749.886293 705.979362 76 185.324043 661.231263 147 692.110879 619.922549 106 773.348797 563.121093 151 665.114566 21.961853 106 752.510489 259.022750 315 657.896662 400.780159 224 427.405427 763.478366 108 471.777647 139.870896 69 301.341787 531.862109 269 726.064003 534.072900 645 666.332020 774.715927 69 457.694196 775.798336 136 388.100453 661.341717 228 210.248638 612.862894 316 314.957761 346.613587 113 611.923292 748.506744 277 31.387576 490.477253 1244 66.270058 696.252825 296 559.889454 458.638814 242 571.669261 727.984877 215 451.627422 717.248097 288 499.766513 694.615821 730 718.753489 212.920905 459 761.620729 55.663066 572 138.472304 340.363300 322 405.480452 722.058601 235 554.329673 716.544306 50 172.528827 760.023718 241 148.831251 54.743124 180 636.748933 260.159340 220 407.297035 500.030692 398 708.987284 595.914661 317 106.870562 614.415080 513 101.643561 334.317634 188 300.035096 260.095922 257 787.550103 350.065563 119 26.199010 294.472622 50 442.928651 0.031139 92 189.482157 103.685840 130 739.765460 546.909933 107 211.143382 622.301760 122 268.270123 572.142160 268 706.381533 493.054156 326 503.435204 157.663017 136 765.648877 774.605358 254 790.775521 414.388524 323 467.884102 278.874029 169 186.658496 635.510275 96 428.238252 140.871431 362 745.776750 670.834836 132 588.422702 498.319558 204 486.648845 399.842612 265 374.446814 526.702348 88 512.258291 565.587999 249 657.204801 360.848880 229 161.275338 551.812472 150 82.943789 143.383237 368 261.488224 675.691328 222 610.166695 109.536558 325 180.538089 358.175963 244 5.418818 436.192402 173 525.628266 333.634955 50 278.532967 270.592399 334 189.931591 690.604893 410 68.723104 149.332529 86 242.029546 706.786917 219 315.386944 540.065712 281 544.114838 237.906706 117 509.284710 542.308728 77 372.799814 91.276275 249 171.463094 222.564310 187 730.263435 621.196200 215 173.087289 84.305480 258 311.073168 149.448069 183 697.037740 603.227444 147 401.486333 109.873755 274 62.196756 205.942688 317 121.753262 723.343903 70 472.755472 298.248849 173 558.296290 366.724526 148 653.910618 634.939478 92 235.901374 219.977156 65 442.921363 325.266793 257 121.809692 375.326897 50 549.609989 78.849117 130 108.145480 252.525052 1011 78.522029 731.259303 282 420.009548 179.436534 74 646.754112 686.714544 440 714.487304 621.302086 79 465.563719 732.636821 151 626.292248 164.506632 243 435.585262 61.277734 453 118.541879 687.868501 175 233.028811 520.544680 186 43.255294 183.079839 143 40.570732 691.344067 188 364.215879 248.549970 201 60.927084 270.228073 161 517.954780 286.189823 85 491.031705 789.050737 214 723.660322 343.615009 260 143.981355 442.848613 292 65.361511 32.248688 472 399.615009 779.119822 73 485.970903 38.352474 401 393.533948 452.328381 223 280.723010 532.805253 138 785.275458 163.417428 350 438.962233 169.377705 143 418.747047 462.670061 125 81.417551 176.925426 224 417.029018 257.935868 290 157.414615 246.585044 243 406.207333 229.675253 100 341.647718 722.450787 83 191.502080 275.408687 357 497.899255 99.641519 516 143.023599 390.796260 116 715.861143 36.986026 158 9.012764 422.773031 374 415.564849 494.008090 210 791.430190 233.862448 197 449.342587 326.391277 551 389.010759 543.741470 252 692.023718 534.998853 311 285.951510 683.583601 100 364.880464 291.937302 356 511.986445 472.268463 334 272.302822 705.226790 51 651.777080 30.414358 368 318.237427 56.550719 171 75.520009 784.959679 170 6.193225 514.917193 497 480.357734 227.817135 142 490.515338 769.061868 122 87.619319 179.106924 123 689.017837 527.727348 510 49.186982 363.483913 149 221.375842 197.373083 111 751.273228 364.939092 184 494.435603 718.318805 191 251.052286 483.377175 304 674.261111 662.620479 82 415.412735 602.910819 333 8.588149 489.772739 231 408.912928 606.668530 447 362.661512 426.295805 137 697.627294 169.337762 203 639.875358 690.114375 109 434.733026 114.623958 52 696.751903 488.199919 115 426.303515 242.139429 153 229.612496 313.577728 137 433.504255 70.633477 124 663.932441 110.544413 358 674.110038 486.323273 50 248.508673 463.984871 476 409.163441 353.259721 301 584.538457 586.617654 1268 197.209112 733.403169 168 540.248451 101.493667 299 523.941310 236.468553 148 379.008923 188.188801 54 489.865213 115.868714 180 165.364353 22.662295 84 304.026642 320.931192 211 50.400871 202.818913 65 257.820245 372.597012 101 291.815607 10.325046 221 3.168223 794.253088 384 304.064304 80.165915 137 581.385842 208.423918 281 395.163689 255.118662 57 602.653297 143.482934 156 766.998354 386.734170 105 495.242730 457.535875 184 379.665948 21.537123 128 353.284676 49.722413 160 222.224965 377.688613 316 504.449706 399.746014 260 422.852550 397.399290 101 290.961252 721.170755 175 604.037340 617.670504 152 365.251273 246.395653 248 5.955934 251.825547 222 207.525543 610.317938 287 758.913284 277.945838 161 109.812308 721.233542 269 63.659212 208.399678 50 681.975927 468.352415 322 483.218250 721.220035 289 14.883095 432.575537 359 575.070572 414.983839 89 29.852380 663.659514 217 264.103544 529.061862 147 95.689981 530.332895 161 413.533467 588.822785 452 586.883177 290.821973 82 496.623177 179.499311 108 445.021227 347.340033 151 237.072962 611.245690 128 637.394831 212.923300 237 302.704774 430.347516 530 101.559308 643.250019 339 267.901288 185.110496 114 253.812592 57.716851 78 534.314165 742.505362 151 541.309913 264.357462 282 556.953255 578.930463 95 766.417671 379.338626 69 420.648079 726.688149 170 558.813551 585.781802 50 593.339834 388.608237 570 227.069980 261.471775 178 694.384832 72.003449 183 709.677453 670.954565 119 590.575275 136.760428 66 452.275029 405.857980 455 98.803788 517.739189 215 118.748326 97.429780 188 37.327336 190.693293 614 539.366042 15.849704 98 62.160790 396.332769 120 559.441801 597.161183 347 784.772086 631.198530 180 373.894563 673.066028 297 110.411216 737.323104 86 616.327350 383.730234 146 167.439219 612.118013 358 69.176638 132.378661 68 181.736889 462.387748 385 63.100621 463.355537 177 733.477736 745.464708 226 795.048415 261.329636 179 336.911237 771.029534 160 400.377726 518.671720 308 200.552563 39.515597 81 76.157036 316.238772 67 17.941905 756.509133 209 454.160802 271.613590 299 52.685519 694.633369 229 764.060599 617.103784 98 622.751582 503.381134 209 632.558526 600.849699 218 66.512980 681.000943 274 604.394411 286.824815 403 641.462034 760.251637 314 87.458305 376.305866 207 594.835607 511.911878 292 330.652230 671.182516 50 243.824417 479.400411 173 298.024121 387.579017 208 609.402957 485.932533 109 403.811334 633.464798 454 676.348408 769.171794 291 127.171870 659.720395 399 734.737180 372.792032 215 315.937849 781.028855 95 663.984920 109.621692 172 596.718170 577.228104 189 367.835680 127.933128 235 577.207414 235.630727 259 85.668092 551.639428 124 372.319549 266.653021 294 796.341366 181.461229 214 721.477382 627.063900 184 263.682442 123.825218 184 533.384216 406.632581 85 336.703968 661.292531 117 713.077901 243.947085 289 109.527144 480.274624 177 81.131861 522.848790 251 572.891066 180.528399 209 43.090173 595.403691 179 400.993392 375.961884 317 139.309942 677.000539 218 777.720732 37.945905 144 57.533006 433.092310 87 175.799275 522.340495 108 154.177546 184.575059 144 652.265614 549.475769 227 784.838147 299.666148 287 325.401822 559.395702 354 169.902131 165.864251 103 539.729152 103.844052 50 204.239253 697.986867 227 382.982931 83.571943 144 369.134824 88.560188 219 238.061312 475.228340 144 628.849427 40.241638 100 734.632925 656.252089 534 135.992806 295.923308 189 780.634368 202.101467 55 295.976800 664.464255 259 307.168400 101.668476 70 596.083451 66.828524 262 708.335801 420.039755 143 481.295420 388.679813 114 520.066203 211.966261 343 194.362136 516.631984 90 634.211646 266.465628 70 556.165929 280.242670 145 733.570745 28.246989 173 656.313060 319.299149 159 414.062133 619.110077 97 133.150515 185.177516 102 584.463147 99.392074 129 651.345318 546.229459 347 653.845356 669.579443 77 771.753996 230.010545 162 364.897420 643.220306 195 572.633916 756.509807 152 284.937791 429.804544 126 218.122467 207.367892 283 543.181535 676.074138 86 747.245033 596.291917 236 319.947355 288.606469 453 693.480839 374.237723 59 757.837274 752.695196 584 164.450255 295.707645 639 313.545699 136.747395 357 270.967178 499.612757 124 136.889081 664.444418 134 440.812162 787.099590 138 417.912774 53.084838 216 293.840509 703.615609 923 435.725602 771.430008 202 393.004977 101.799403 184 206.052637 646.245288 358 328.262430 482.674454 168 495.977660 146.814723 394 260.170100 511.592401 109 702.972548 636.514144 163 38.930232 469.705381 100 461.231067 551.010750 207 192.393559 336.466903 329 574.816098 377.593662 215 271.592398 313.170039 306 198.374608 163.993654 81 109.258297 143.619181 141 189.562186 311.520416 403 519.619070 165.340263 129 688.834315 272.909170 127 297.152984 441.175993 320 549.328366 274.494272 187 117.814049 484.843322 211 589.529217 50.769023 63 423.611973 682.284064 107 643.866179 381.282923 134 717.311709 48.837832 217 651.716372 125.580973 233 488.174715 626.791680 216 220.395648 49.093147 271 767.018547 748.630170 114 62.495716 384.373225 341 533.993083 127.188251 144 533.833745 717.732961 218 761.943932 266.851425 229 85.880433 569.682307 247
32 15 1190.068970 422.062748 20.686104 1.939555 17 1551.498351 417.009816 23.806103 0.785370 3 1351.353264 477.847436 14.849379 0.786000 2 1097.739409 248.623035 16.352890 0.943712 9 864.380891 310.300182 31.076344 1.217203 3 1214.446662 350.907203 35.194982 1.957715 11 1400.167889 332.108654 9.837348 0.851989 18 961.040592 317.056113 14.726945 0.999357 17 1182.737105 467.440307 27.792947 0.982787 14 903.648753 332.270832 24.660127 1.051766 12 1210.618982 359.155732 31.077906 1.131149 7 825.126351 441.404385 39.073720 1.648979 18 968.375004 388.840241 22.010040 0.693815 6 1310.029560 246.783053 17.852500 1.761335 9 1141.920871 438.764813 33.756733 1.345863 5 972.676367 407.343975 30.520873 1.662839 8 1570.036774 456.468014 17.564208 0.783391 15 1610.189952 294.250223 28.724760 1.424249 13 879.049108 292.437110 29.957569 0.988917 10 1220.293599 330.891347 37.021481 0.913263 3 1374.564979 338.372204 18.147616 1.447919 11 1674.220262 417.387055 12.582217 1.384590 17 1432.566526 340.451330 34.596793 1.397512 13 1519.162868 277.486571 30.603920 1.655288 8 1625.750153 299.593951 27.490145 1.932548 17 1740.536243 437.649533 28.762947 0.699053 16 1016.584182 325.024558 25.674052 1.155873 2 1439.768597 490.626244 18.119288 1.271241 2 1337.824275 251.466193 26.039490 1.406465 9 1110.758488 348.783974 34.043947 1.075920 14 1577.144966 322.591975 28.821293 1.313181 4 863.507514 461.480455 27.279792 1.756146
5
3027.76
0.01 1 0.1 2 0.005 0.1
18 25.325979 775.043009 155.924476 795.523987 757.394866 206.940946 413.013142 318.623472 327.767303 631.749002 662.184108 205.231539 435.130052 548.807430 475.092958 97.166882 312.891603 394.307776 739.282274 657.942490 539.858922 224.148588 750.990027 183.373631 270.261861 125.572593 471.207048 636.509044 561.451061 661.763356 561.947563 522.517013 201.188395 766.815104 792.387609 586.109935
900 95.578606 88.183531 218 128.584807 340.926571 128 375.900812 139.904321 140 589.239010 485.462864 259 407.076961 286.870067 97 684.739828 472.697631 317 436.027016 410.132213 151 81.599872 102.453338 77 128.136033 333.467899 401 109.631266 131.324528 229 637.687056 471.907650 215 626.087637 494.774239 283 330.523357 418.809538 454 455.638608 328.574138 316 374.911916 416.982179 453 457.289882 294.226399 275 143.404341 335.461460 173 658.572557 560.067949 358 366.039181 405.047410 142 338.134115 107.774646 146 487.948016 314.104444 209 131.928112 157.358371 179 288.708754 141.484482 398 128.608374 370.799261 137 63.029370 106.785337 85 460.104039 304.194738 271 677.091021 524.629823 341 675.053636 475.523533 115 489.714228 294.253023 222 117.876926 315.663543 85 70.175681 184.672131 186 665.776297 493.867870 269 489.911074 273.820248 260 501.880914 349.576220 70 124.846602 150.574952 1244 157.734242 343.554821 111 440.413305 355.721942 219 108.440722 129.498852 315 173.838031 390.628574 175 246.200071 115.083873 138 481.380044 248.239856 227 352.737544 418.022440 301 68.795302 136.234597 124 382.111903 431.800393 78 295.684831 173.642881 281 168.932740 372.091046 215 91.882178 175.552094 172 85.604669 131.630573 368 663.201385 528.295446 1011 73.682278 116.954915 174 396.237168 413.637788 217 109.293152 283.988714 86 383.675002 445.044342 283 482.672600 322.385509 50 370.371988 444.226216 334 632.139715 548.430445 144 56.586073 316.861183 202 131.044381 361.626426 346 582.794583 537.954118 83 135.921483 349.923068 81 136.242380 361.411209 81 119.118655 159.835963 177 620.214985 538.577460 126 395.663610 450.057697 639 384.433703 489.933587 168 460.968681 281.403360 63 95.243289 155.044474 141 439.990521 405.194026 98 572.270864 546.564572 160 108.810034 123.839481 462 672.834086 497.991837 161 357.536425 117.370529 59 292.186951 188.015427 259 336.624817 158.817430 258 652.440361 479.598399 70 363.306727 356.799130 50 637.264696 469.406594 89 71.379855 143.925825 160 107.571495 105.849440 322 643.344716 487.827028 66 106.690056 316.037543 265 538.381368 303.798341 209 114.574653 164.534076 114 335.452491 177.423648 329 157.783119 351.655999 50 117.674206 344.459321 235 307.816360 170.500316 208 389.500985 410.488093 100 307.161794 142.768878 100 409.266731 321.520669 117 615.453723 515.672513 356 81.952890 343.600748 131 469.693799 286.908810 158 407.220862 251.057895 289 509.212020 264.106119 215 157.941736 337.622627 125 342.945281 469.254691 923 125.776230 274.627890 291 372.596107 146.826998 374 632.351211 518.482911 70 674.497513 531.818777 291 469.999146 265.743640 220 175.674321 313.682562 645 388.670575 432.395534 353 415.088450 443.385621 207 318.408928 147.772731 219 320.516225 104.343232 242 639.842119 542.281278 149 571.625315 241.252649 241 32.499384 144.422287 113 437.836747 330.119819 452 563.990188 501.740229 235 306.908050 132.024367 299 134.036055 302.882151 570 388.582589 437.309596 130 40.821540 141.910616 223 468.208668 398.102200 254 680.344959 497.941300 105 385.872594 369.354092 189 52.441366 117.815159 114 575.751094 496.072175 170 334.496992 113.915165 403 366.083552 157.322963 149 464.523346 324.630530 403 124.103736 328.260854 516 526.191323 255.942326 226 166.078154 312.689381 415 652.790294 511.876120 472 350.765530 180.821501 292 361.868565 199.074471 218 255.782787 127.070144 108 137.710429 284.732873 152 355.153366 408.680845 151 83.644496 211.149255 168 413.742126 418.716594 197 78.799863 116.000348 180 508.644950 348.018325 86 440.603911 323.663655 124 490.598960 345.991743 134 454.382097 278.085250 299 412.981618 433.884571 161 433.895792 294.016960 57 493.385001 257.275935 311 324.553915 393.618051 288 108.224414 124.194101 165 447.022518 294.955036 144 300.782137 420.767631 73 51.228614 129.000458 257 99.678648 154.283471 123 716.762668 482.624755 584 99.726693 150.385101 86 187.613644 310.617532 534 352.279699 405.309112 455 433.847561 331.133270 138 394.180470 164.083622 188 113.439752 336.168207 74 486.059083 289.251966 55 62.008737 159.874299 257 359.937175 387.568846 334 97.393153 123.919335 203 657.092276 473.094744 134 484.527602 299.776255 614 445.742720 434.491514 217 456.349446 270.744914 161 120.718047 352.042939 357 317.738445 176.251251 101 640.408003 561.737464 316 669.878638 433.078464 314 138.100003 376.567533 182 159.199090 363.578795 188 433.212430 320.465558 530 103.882215 151.400037 317 114.403085 190.020790 399 108.554261 357.855837 152 330.249374 198.248904 287 478.492016 259.055777 224 127.065985 356.022268 184 102.071784 280.495240 218 653.161477 492.143021 172 160.979517 284.158313 77 663.574135 484.967004 127 373.567283 408.895215 180 633.368484 483.030981 117 120.353396 391.832872 128 654.617499 505.631287 144 330.328251 113.794102 82 461.846549 250.107493 153 370.588892 370.161305 347 116.077082 318.766609 84 86.793365 150.902133 180 378.840429 419.051275 110 673.062840 540.218945 177 141.008243 403.372331 410 430.038775 254.253928 249 481.564815 232.291131 109 307.773626 116.508076 260 371.635264 387.980216 242 128.825391 364.385998 65 315.264203 142.614423 88 359.185683 449.793329 320 505.293016 258.475763 79 351.099089 79.377811 204 340.927718 420.369105 308 603.462588 534.796375 354 79.918644 204.722691 227 316.318146 139.257087 52 324.727411 134.735371 434 109.863917 330.946027 321 484.498979 302.387630 65 642.787431 491.007418 129 98.169246 351.150784 137 389.151995 449.838860 357 179.182201 317.617412 107 302.815779 161.993553 125 424.197030 381.737427 147 43.219458 102.744549 262 659.455991 554.080482 150 470.319790 277.654569 358 118.572453 339.534645 274 373.807428 185.403437 339 318.016130 186.491842 168 410.551142 368.673180 92 452.108142 300.290741 171 377.860530 404.149735 144 165.324815 313.991437 143 174.524227 336.939275 323 11.289835 78.353502 214 425.865491 292.670637 317 130.531184 118.505094 236 460.871189 302.702338 73 104.554972 162.144705 423 83.465752 122.503197 325 575.799225 504.396411 235 467.711072 279.804043 95 77.228638 195.110207 122 77.320905 113.509537 259 294.192205 193.099882 100 595.774739 499.381802 323 372.714419 437.155995 141 496.087947 289.600327 119 483.671869 300.639492 143 124.595995 312.693225 187 138.026924 347.127172 84 131.129705 317.368548 209 271.499383 108.992950 151 317.540255 142.867094 128 320.604676 126.473698 129 21.964297 152.314916 297 366.987498 463.163339 131 123.944578 66.860819 69 333.392182 416.734141 447 618.272868 515.024316 201 667.737596 506.708539 214 345.095588 164.144708 102 105.629330 327.355087 551 129.663696 288.096914 1268 471.305194 282.700777 183 85.562135 293.557790 191 397.837855 440.845883 324 641.204663 537.130436 209 377.160966 392.531532 145 633.392614 473.813216 148 307.457293 127.335035 173 333.875703 123.936200 156 312.501002 137.823366 228 65.410169 140.730278 184 154.120465 353.239266 224 423.729131 461.216576 513 493.158100 275.373279 215 444.897673 244.534751 95 384.379059 206.636292 161 626.460849 479.635513 50 29.773305 171.500030 50 401.801701 461.865180 118 60.897128 138.984732 87 418.574089 270.335276 207 644.527374 507.274605 92 436.011708 336.550044 268 342.056416 472.551757 175 69.331475 114.142424 282 113.246636 380.984003 147 291.552705 197.473628 72 360.597273 414.932837 153 60.546745 388.677703 112 316.985455 68.602244 152 327.836608 130.600995 130 495.002758 242.813478 82 629.297535 438.877805 215 432.881743 388.113623 184 600.760089 501.958081 210 648.022545 463.727849 109 120.572340 343.077129 249 90.150874 137.075836 264 621.675532 511.214279 54 336.656658 105.983022 517 437.436958 310.755792 453 56.564882 124.754884 169 100.417218 395.459741 51 623.746006 500.718324 143 406.220772 375.904150 347 383.133284 375.999831 204 629.033111 520.600816 183 356.635336 392.152438 184 370.187928 447.490023 306 403.184869 432.701046 368 91.795715 152.912464 188 106.071420 169.293792 95 681.376155 465.946263 106 58.453008 161.991982 211 467.229781 327.415112 244 386.780276 407.146623 262 445.027865 461.509817 282 144.761019 385.452779 108 280.283917 137.583588 333 459.158833 351.004022 358 492.156722 256.991908 510 392.449432 432.989538 163 440.922296 328.224747 175 677.849486 524.923564 120 629.936968 493.421399 394 627.473425 442.920701 198 314.027367 139.670715 362 54.099112 136.048627 290 500.198318 323.454733 124 379.836810 104.235611 119 632.991543 527.359922 114 354.944412 141.555679 350 368.484239 134.592695 69 628.241554 491.671235 108 340.345226 203.551712 147 373.103168 148.707408 359 318.389165 121.902945 148 633.052819 505.705220 216 122.670685 152.626000 100 90.322944 294.262048 730 657.385384 487.536604 117 447.317817 333.688782 173 58.388747 177.823932 124 629.384127 581.435803 161 154.271994 378.066391 247 96.898977 166.764432 189 634.358699 514.131321 105 76.073169 167.642472 178 143.354384 322.558528 233 55.637914 147.214806 248 108.356940 174.704065 211 296.665634 167.293752 168 423.136470 437.952496 87 376.712218 438.817670 176 628.024847 496.767126 69 125.018146 290.590917 212 386.251541 380.073526 248 107.783681 134.016017 162 294.630193 135.559879 277 98.113932 173.218717 116 116.560318 172.034489 161 145.601062 153.601911 74 74.118513 286.480794 122 409.943707 396.110261 136 690.708916 509.603147 497 182.051108 272.322610 291 630.211497 491.976802 136 177.219642 300.366386 163 447.172784 272.631173 343 345.592245 414.336694 125 90.242952 161.505984 144 516.058512 324.121443 274 357.528991 107.473813 50 456.361362 279.840471 352 363.469925 150.316249 50 361.895438 142.945279 179 99.740791 275.862997 151 688.740042 510.336734 231 360.690337 406.964252 283 95.904374 110.622992 159 703.789041 533.275517 229 700.446510 482.122284 132 392.300035 441.713699 103 629.121249 546.494972 476 125.240789 349.798856 137 348.678342 112.482541 229 102.301396 124.817594 459 360.416966 441.627988 113 366.384855 461.206903 109 419.956141 407.317025 184 405.940780 124.844249 114 349.110007 173.883302 322 354.633289 126.832699 289 78.458790 115.216495 281 152.736409 416.257087 241 649.245805 486.115946 243 108.604719 157.887141 67 141.974277 381.339793 385 353.384030 453.608538 269 128.272841 324.718707 50 523.076357 267.556374 76 659.325969 539.106840 453 330.521750 138.362348 98 467.873546 349.555955 96 142.974455 265.112830 277 501.360542 324.488573 247 273.806951 149.642879 228 653.991007 494.923748 82 373.592164 145.760999 173 607.895655 500.673351 101 473.525692 289.343864 572 294.344733 476.821061 291 640.768784 531.117217 111 432.016971 472.834007 269 455.323067 249.066641 143 271.883520 132.500516 107 107.290628 394.425881 222 337.060853 87.392192 393 470.938522 318.901353 243 38.996829 104.071818 216 406.328865 308.678786 195 264.313679 197.738531 95 385.820350 255.897218 136 335.497243 190.110295 90 134.111124 294.040040 292 106.012802 364.813763 88 424.641562 448.227492 251 104.795480 80.760463 440 36.121484 149.163099 88 143.977751 295.378277 209 370.679224 371.253656 50 33.974782 143.975822 252 374.390993 354.974261 251 305.319117 150.267155 294 139.660896 333.153328 106 457.915550 276.958069 146 408.261030 194.477762 170 499.389977 324.623847 292 65.075208 179.927203 304 347.714703 134.148767 146 403.667187 430.456777 68 94.057702 161.695105 287 487.702879 423.007915 384 107.894768 310.109681 540 192.011176 333.002525 180 366.306047 114.340438 326 89.368529 115.716772 237 594.244108 526.219059 90 409.987346 287.411000 452 355.704018 384.056070 77 518.034567 325.116749 296 87.823587 165.006677 187 641.388430 511.241957 221 306.131750 148.296234 346 364.240129 140.368645 287 69.957107 324.672120 209 316.820568 80.064774 591 383.989198 425.632942 81 599.830417 146.968944 85 105.950107 326.717471 140 271.732813 653.009015 191 41.894879 75.328877 228 681.037834 88.273403 82 256.319763 530.434405 131 787.783425 169.436708 125 404.978814 157.629427 87 365.804547 8.960125 275 633.908086 710.853529 204 226.116989 751.092274 161 149.241254 68.554119 163 326.711356 784.547580 112 555.170019 201.133853 174 652.820796 76.694477 95 608.088806 634.208273 393 87.688234 411.659545 291 543.199710 375.940165 242 311.254395 420.254163 88 731.431450 291.356189 165 86.890513 338.092261 209 410.039193 120.061532 88 566.571221 709.071361 198 421.964607 27.581774 110 503.372367 267.954296 84 582.568344 196.667534 180 568.703963 180.656653 161 113.035694 766.687392 161 727.206116 209.689993 269 460.149263 280.875041 283 325.636614 327.783627 152 496.995320 604.362318 262 599.780079 473.543422 153 787.597770 470.833973 140 475.444562 175.901070 283 156.764038 487.329018 118 192.629722 388.394756 182 82.806370 445.516685 114 743.927657 799.391650 241 427.416111 430.065203 277 447.820469 659.765388 259 695.562884 335.373691 136 441.365991 247.638003 321 99.593144 309.961147 423 548.940737 75.428264 352 610.678216 407.719307 517 408.853508 767.506245 235 575.439095 709.286584 251 228.158367 174.317950 346 731.414792 301.721836 462 89.348758 553.025265 292 504.143105 61.201217 434 145.330093 358.744988 453 291.126905 169.243323 141 390.909136 608.895184 131 758.359132 27.871731 264 273.204841 492.996967 452 380.379252 249.269676 346 354.552121 606.862377 90 205.054661 724.259415 168 22.101609 169.750734 111 598.361776 395.373359 77 277.253486 395.688414 124 332.552828 367.748404 125 326.781138 58.179897 105 330.581626 797.473395 291 572.093943 568.009947 212 27.216026 698.339566 74 268.368376 448.640345 175 722.706953 109.470063 146 217.938534 364.081399 149 597.041025 440.062049 248 503.435207 445.313279 540 165.918443 390.864517 172 581.001065 494.188854 143 244.427010 504.480975 168 420.562994 560.107001 323 184.239717 54.150755 353 580.234568 704.038060 291 388.198610 561.611886 113 568.759402 99.443291 146 284.689836 715.755269 72 215.280651 284.157721 209 138.601555 181.519389 324 706.818785 440.531934 415 136.234403 209.614345 287 749.886293 705.979362 76 185.324043 661.231263 147 692.110879 619.922549 106 773.348797 563.121093 151 665.114566 21.961853 106 752.510489 259.022750 315 657.896662 400.780159 224 427.405427 763.478366 108 471.777647 139.870896 69 301.341787 531.862109 269 726.064003 534.072900 645 666.332020 774.715927 69 457.694196 775.798336 136 388.100453 661.341717 228 210.248638 612.862894 316 314.957761 346.613587 113 611.923292 748.506744 277 31.387576 490.477253 1244 66.270058 696.252825 296 559.889454 458.638814 242 571.669261 727.984877 215 451.627422 717.248097 288 499.766513 694.615821 730 718.753489 212.920905 459 761.620729 55.663066 572 138.472304 340.363300 322 405.480452 722.058601 235 554.329673 716.544306 50 172.528827 760.023718 241 148.831251 54.743124 180 636.748933 260.159340 220 407.297035 500.030692 398 708.987284 595.914661 317 106.870562 614.415080 513 101.643561 334.317634 188 300.035096 260.095922 257 787.550103 350.065563 119 26.199010 294.472622 50 442.928651 0.031139 92 189.482157 103.685840 130 739.765460 546.909933 107 211.143382 622.301760 122 268.270123 572.142160 268 706.381533 493.054156 326 503.435204 157.663017 136 765.648877 774.605358 254 790.775521 414.388524 323 467.884102 278.874029 169 186.658496 635.510275 96 428.238252 140.871431 362 745.776750 670.834836 132 588.422702 498.319558 204 486.648845 399.842612 265 374.446814 526.702348 88 512.258291 565.587999 249 657.204801 360.848880 229 161.275338 551.812472 150 82.943789 143.383237 368 261.488224 675.691328 222 610.166695 109.536558 325 180.538089 358.175963 244 5.418818 436.192402 173 525.628266 333.634955 50 278.532967 270.592399 334 189.931591 690.604893 410 68.723104 149.332529 86 242.029546 706.786917 219 315.386944 540.065712 281 544.114838 237.906706 117 509.284710 542.308728 77 372.799814 91.276275 249 171.463094 222.564310 187 730.263435 621.196200 215 173.087289 84.305480 258 311.073168 149.448069 183 697.037740 603.227444 147 401.486333 109.873755 274 62.196756 205.942688 317 121.753262 723.343903 70 472.755472 298.248849 173 558.296290 366.724526 148 653.910618 634.939478 92 235.901374 219.977156 65 442.921363 325.266793 257 121.809692 375.326897 50 549.609989 78.849117 130 108.145480 252.525052 1011 78.522029 731.259303 282 420.009548 179.436534 74 646.754112 686.714544 440 714.487304 621.302086 79 465.563719 732.636821 151 626.292248 164.506632 243 435.585262 61.277734 453 118.541879 687.868501 175 233.028811 520.544680 186 43.255294 183.079839 143 40.570732 691.344067 188 364.215879 248.549970 201 60.927084 270.228073 161 517.954780 286.189823 85 491.031705 789.050737 214 723.660322 343.615009 260 143.981355 442.848613 292 65.361511 32.248688 472 399.615009 779.119822 73 485.970903 38.352474 401 393.533948 452.328381 223 280.723010 532.805253 138 785.275458 163.417428 350 438.962233 169.377705 143 418.747047 462.670061 125 81.417551 176.925426 224 417.029018 257.935868 290 157.414615 246.585044 243 406.207333 229.675253 100 341.647718 722.450787 83 191.502080 275.408687 357 497.899255 99.641519 516 143.023599 390.796260 116 715.861143 36.986026 158 9.012764 422.773031 374 415.564849 494.008090 210 791.430190 233.862448 197 449.342587 326.391277 551 389.010759 543.741470 252 692.023718 534.998853 311 285.951510 683.583601 100 364.880464 291.937302 356 511.986445 472.268463 334 272.302822 705.226790 51 651.777080 30.414358 368 318.237427 56.550719 171 75.520009 784.959679 170 6.193225 514.917193 497 480.357734 227.817135 142 490.515338 769.061868 122 87.619319 179.106924 123 689.017837 527.727348 510 49.186982 363.483913 149 221.375842 197.373083 111 751.273228 364.939092 184 494.435603 718.318805 191 251.052286 483.377175 304 674.261111 662.620479 82 415.412735 602.910819 333 8.588149 489.772739 231 408.912928 606.668530 447 362.661512 426.295805 137 697.627294 169.337762 203 639.875358 690.114375 109 434.733026 114.623958 52 696.751903 488.199919 115 426.303515 242.139429 153 229.612496 313.577728 137 433.504255 70.633477 124 663.932441 110.544413 358 674.110038 486.323273 50 248.508673 463.984871 476 409.163441 353.259721 301 584.538457 586.617654 1268 197.209112 733.403169 168 540.248451 101.493667 299 523.941310 236.468553 148 379.008923 188.188801 54 489.865213 115.868714 180 165.364353 22.662295 84 304.026642 320.931192 211 50.400871 202.818913 65 257.820245 372.597012 101 291.815607 10.325046 221 3.168223 794.253088 384 304.064304 80.165915 137 581.385842 208.423918 281 395.163689 255.118662 57 602.653297 143.482934 156 766.998354 386.734170 105 495.242730 457.535875 184 379.665948 21.537123 128 353.284676 49.722413 160 222.224965 377.688613 316 504.449706 399.746014 260 422.852550 397.399290 101 290.961252 721.170755 175 604.037340 617.670504 152 365.251273 246.395653 248 5.955934 251.825547 222 207.525543 610.317938 287 758.913284 277.945838 161 109.812308 721.233542 269 63.659212 208.399678 50 681.975927 468.352415 322 483.218250 721.220035 289 14.883095 432.575537 359 575.070572 414.983839 89 29.852380 663.659514 217 264.103544 529.061862 147 95.689981 530.332895 161 413.533467 588.822785 452 586.883177 290.821973 82 496.623177 179.499311 108 445.021227 347.340033 151 237.072962 611.245690 128 637.394831 212.923300 237 302.704774 430.347516 530 101.559308 643.250019 339 267.901288 185.110496 114 253.812592 57.716851 78 534.314165 742.505362 151 541.309913 264.357462 282 556.953255 578.930463 95 766.417671 379.338626 69 420.648079 726.688149 170 558.813551 585.781802 50 593.339834 388.608237 570 227.069980 261.471775 178 694.384832 72.003449 183 709.677453 670.954565 119 590.575275 136.760428 66 452.275029 405.857980 455 98.803788 517.739189 215 118.748326 97.429780 188 37.327336 190.693293 614 539.366042 15.849704 98 62.160790 396.332769 120 559.441801 597.161183 347 784.772086 631.198530 180 373.894563 673.066028 297 110.411216 737.323104 86 616.327350 383.730234 146 167.439219 612.118013 358 69.176638 132.378661 68 181.736889 462.387748 385 63.100621 463.355537 177 733.477736 745.464708 226 795.048415 261.329636 179 336.911237 771.029534 160 400.377726 518.671720 308 200.552563 39.515597 81 76.157036 316.238772 67 17.941905 756.509133 209 454.160802 271.613590 299 52.685519 694.633369 229 764.060599 617.103784 98 622.751582 503.381134 209 632.558526 600.849699 218 66.512980 681.000943 274 604.394411 286.824815 403 641.462034 760.251637 314 87.458305 376.305866 207 594.835607 511.911878 292 330.652230 671.182516 50 243.824417 479.400411 173 298.024121 387.579017 208 609.402957 485.932533 109 403.811334 633.464798 454 676.348408 769.171794 291 127.171870 659.720395 399 734.737180 372.792032 215 315.937849 781.028855 95 663.984920 109.621692 172 596.718170 577.228104 189 367.835680 127.933128 235 577.207414 235.630727 259 85.668092 551.639428 124 372.319549 266.653021 294 796.341366 181.461229 214 721.477382 627.063900 184 263.682442 123.825218 184 533.384216 406.632581 85 336.703968 661.292531 117 713.077901 243.947085 289 109.527144 480.274624 177 81.131861 522.848790 251 572.891066 180.528399 209 43.090173 595.403691 179 400.993392 375.961884 317 139.309942 677.000539 218 777.720732 37.945905 144 57.533006 433.092310 87 175.799275 522.340495 108 154.177546 184.575059 144 652.265614 549.475769 227 784.838147 299.666148 287 325.401822 559.395702 354 169.902131 165.864251 103 539.729152 103.844052 50 204.239253 697.986867 227 382.982931 83.571943 144 369.134824 88.560188 219 238.061312 475.228340 144 628.849427 40.241638 100 734.632925 656.252089 534 135.992806 295.923308 189 780.634368 202.101467 55 295.976800 664.464255 259 307.168400 101.668476 70 596.083451 66.828524 262 708.335801 420.039755 143 481.295420 388.679813 114 520.066203 211.966261 343 194.362136 516.631984 90 634.211646 266.465628 70 556.165929 280.242670 145 733.570745 28.246989 173 656.313060 319.299149 159 414.062133 619.110077 97 133.150515 185.177516 102 584.463147 99.392074 129 651.345318 546.229459 347 653.845356 669.579443 77 771.753996 230.010545 162 364.897420 643.220306 195 572.633916 756.509807 152 284.937791 429.804544 126 218.122467 207.367892 283 543.181535 676.074138 86 747.245033 596.291917 236 319.947355 288.606469 453 693.480839 374.237723 59 757.837274 752.695196 584 164.450255 295.707645 639 313.545699 136.747395 357 270.967178 499.612757 124 136.889081 664.444418 134 440.812162 787.099590 138 417.912774 53.084838 216 293.840509 703.615609 923 435.725602 771.430008 202 393.004977 101.799403 184 206.052637 646.245288 358 328.262430 482.674454 168 495.977660 146.814723 394 260.170100 511.592401 109 702.972548 636.514144 163 38.930232 469.705381 100 461.231067 551.010750 207 192.393559 336.466903 329 574.816098 377.593662 215 271.592398 313.170039 306 198.374608 163.993654 81 109.258297 143.619181 141 189.562186 311.520416 403 519.619070 165.340263 129 688.834315 272.909170 127 297.152984 441.175993 320 549.328366 274.494272 187 117.814049 484.843322 211 589.529217 50.769023 63 423.611973 682.284064 107 643.866179 381.282923 134 717.311709 48.837832 217 651.716372 125.580973 233 488.174715 626.791680 216 220.395648 49.093147 271 767.018547 748.630170 114 62.495716 384.373225 341 533.993083 127.188251 144 533.833745 717.732961 218 761.943932 266.851425 229 85.880433 569.682307 247
32 15 1190.068970 422.062748 20.686104 1.939555 17 1551.498351 417.009816 23.806103 0.785370 3 1351.353264 477.847436 14.849379 0.786000 2 1097.739409 248.623035 16.352890 0.943712 9 864.380891 310.300182 31.076344 1.217203 3 1214.446662 350.907203 35.194982 1.957715 11 1400.167889 332.108654 9.837348 0.851989 18 961.040592 317.056113 14.726945 0.999357 17 1182.737105 467.440307 27.792947 0.982787 14 903.648753 332.270832 24.660127 1.051766 12 1210.618982 359.155732 31.077906 1.131149 7 825.126351 441.404385 39.073720 1.648979 18 968.375004 388.840241 22.010040 0.693815 6 1310.029560 246.783053 17.852500 1.761335 9 1141.920871 438.764813 33.756733 1.345863 5 972.676367 407.343975 30.520873 1.662839 8 1570.036774 456.468014 17.564208 0.783391 15 1610.189952 294.250223 28.724760 1.424249 13 879.049108 292.437110 29.957569 0.988917 10 1220.293599 330.891347 37.021481 0.913263 3 1374.564979 338.372204 18.147616 1.447919 11 1674.220262 417.387055 12.582217 1.384590 17 1432.566526 340.451330 34.596793 1.397512 13 1519.162868 277.486571 30.603920 1.655288 8 1625.750153 299.593951 27.490145 1.932548 17 1740.536243 437.649533 28.762947 0.699053 16 1016.584182 325.024558 25.674052 1.155873 2 1439.768597 490.626244 18.119288 1.271241 2 1337.824275 251.466193 26.039490 1.406465 9 1110.758488 348.783974 34.043947 1.075920 14 1577.144966 322.591975 28.821293 1.313181 4 863.507514 461.480455 27.279792 1.756146
