5
1799.21
0.01 1 0.1 2 0.005 0.1
22 882.192679 67.680604 799.523784 791.871986 160.055883 569.600839 196.307781 1073.903813 785.573756 22.661115 901.397943 495.689726 116.613174 467.575417 498.148938 1143.578596 83.216943 257.235597 929.254952 673.816441 172.496015 515.617225 734.706640 388.612146 902.091075 154.961261 1065.671534 691.006976 89.066954 640.921546 1184.417815 436.349437 94.372299 431.122504 88.711674 59.286702 931.086215 1120.733931 389.770973 1153.284728 597.972323 380.481783 780.105461 1157.046402
1100 419.941226 175.606038 178 705.092606 592.968239 106 192.440955 749.178337 233 881.159170 904.199029 211 346.975158 981.533530 221 0.000000 743.302850 323 1017.941928 484.013985 417 660.866974 684.902434 148 574.802776 0.000000 133 606.756011 87.174572 80 101.393905 120.088255 90 754.805246 671.045277 126 240.584561 266.415058 302 414.113474 520.380681 110 246.586374 270.185530 132 1200.000000 590.773452 257 752.721894 1200.000000 389 376.881995 1044.511379 110 752.587509 368.494872 96 0.000000 605.292172 301 933.608305 1028.772462 124 156.531565 513.297259 145 1185.310663 548.398352 132 769.645543 471.379981 212 11.075431 424.912146 266 843.947930 89.731340 206 450.678696 0.000000 504 282.071836 1200.000000 194 263.287855 1200.000000 81 138.393621 593.926156 215 1194.555951 0.000000 347 588.147549 471.398066 205 1001.157485 1200.000000 129 1067.361349 343.379481 164 1199.760102 909.047494 215 801.487270 259.385890 156 531.946718 872.557669 94 311.866380 1200.000000 187 735.779629 0.922552 134 1200.000000 565.761857 178 749.308171 1200.000000 130 258.336434 537.054507 177 61.675048 170.793455 155 795.282250 1059.562127 124 916.773261 327.806285 192 795.704749 696.216241 446 1096.843295 296.459476 143 1200.000000 673.896657 368 905.993238 224.863927 308 907.181053 0.000000 100 643.966361 306.340196 127 325.949311 307.086755 311 1008.600853 1102.854584 118 1200.000000 338.053080 173 649.846387 1200.000000 205 659.170640 1200.000000 249 273.180636 11.903706 208 674.217403 462.194763 499 57.572976 624.072602 129 888.972003 1196.462050 119 289.701549 475.007951 139 122.651908 521.269137 399 1049.853836 426.406096 340 421.420796 380.807480 210 261.177971 17.462141 126 1200.000000 715.984620 100 430.567192 938.221581 513 314.998697 243.395997 110 30.860662 561.078239 526 1154.224247 345.671012 378 111.023308 0.000000 151 793.083689 455.082714 144 420.731729 398.426054 219 254.369210 1200.000000 316 559.037396 1200.000000 364 810.298416 600.314950 157 273.823883 1200.000000 257 1103.957176 244.131261 231 26.710614 470.490263 352 869.743026 424.116734 172 1074.120075 899.153224 82 983.072683 585.769022 140 127.906542 470.271646 80 659.616867 335.326485 171 0.000000 313.976177 398 921.497747 922.232243 119 556.555414 1008.358454 164 235.111209 548.651700 372 865.268211 0.000000 253 774.494372 284.760536 148 618.364978 772.134261 141 1108.864766 1122.331992 257 738.537595 273.947695 159 877.661650 601.755121 268 648.217396 381.745493 107 0.000000 416.652479 218 839.641285 495.616023 190 0.000000 549.204227 232 971.083779 756.272137 122 569.500062 342.099633 233 726.299535 145.817964 217 0.000000 192.545397 206 42.068186 1200.000000 78 338.802228 1126.745241 294 0.000000 1011.574189 139 639.143357 503.220087 200 1179.129596 462.039225 170 834.535795 457.364581 224 365.049585 0.000000 53 0.000000 631.164473 115 785.382811 289.903084 167 818.851367 601.750678 183 245.618514 708.471473 173 385.408054 1200.000000 205 424.387602 1200.000000 206 433.329606 517.511857 125 1173.590981 1057.472936 372 852.388083 1032.566121 276 1078.609827 509.184128 111 361.820449 945.630466 99 106.197468 328.026117 116 0.000000 441.240999 123 862.865263 776.134567 161 95.397199 1080.723115 134 10.496934 751.423132 104 72.378958 981.995056 181 993.389547 119.069095 197 0.000000 1138.505553 72 568.257216 1200.000000 310 541.612538 155.940870 113 57.545794 517.938734 272 904.456197 418.988309 161 1200.000000 302.852632 256 280.742897 947.715529 119 622.417753 666.913352 440 1200.000000 125.948260 172 1015.257731 917.343686 169 908.384791 335.928735 313 1200.000000 731.644909 297 619.808712 926.711606 246 418.596593 119.613257 343 1053.772276 239.917606 376 477.021003 695.110989 231 559.810510 0.000000 270 258.958331 1088.539722 480 213.190059 1200.000000 118 495.359079 453.336860 93 926.269528 467.964409 694 1036.008444 405.815778 286 275.362913 1188.064439 333 1200.000000 592.865442 185 1011.830712 908.496097 218 194.770294 520.411927 265 165.614112 1200.000000 188 661.743098 713.609230 268 851.785725 1095.657096 132 373.644108 1200.000000 117 365.666814 955.845890 66 976.218914 1200.000000 148 1050.792822 1200.000000 163 805.270915 225.819735 70 562.370908 50.790488 322 154.360095 0.000000 67 449.323877 100.865211 344 392.329224 648.665469 296 425.901704 594.919045 382 912.543439 866.776415 59 1200.000000 589.390275 197 127.001785 854.679116 298 211.152592 602.292561 146 823.505408 155.175245 281 955.378021 455.294883 169 245.560600 1200.000000 151 652.076383 680.800422 71 864.765185 25.235093 110 331.601842 1190.872383 154 556.971629 639.203626 112 402.606354 735.783486 116 1056.799265 634.582171 295 490.898108 400.509830 357 391.842075 625.339594 183 609.381126 771.534117 207 480.359334 886.633240 183 1046.288807 550.647584 134 274.775483 97.317588 286 756.829978 611.729802 250 33.988425 713.488262 171 263.776569 512.366367 123 0.000000 327.507307 117 671.250671 358.502323 224 771.904288 934.002771 115 359.530925 267.751371 317 517.874982 47.443036 124 1200.000000 315.438330 53 0.000000 355.811167 207 299.564812 177.696209 153 0.000000 0.000000 226 803.505208 930.564844 322 132.879118 1200.000000 77 98.200877 1200.000000 154 149.657859 1200.000000 350 0.000000 343.519857 144 665.225625 30.300525 400 1032.154057 919.611289 337 311.606924 243.446705 348 1146.654936 259.324028 306 73.454565 423.515625 135 39.068357 422.626338 161 1046.091670 1080.603940 369 752.561514 505.828782 346 795.037031 814.504720 404 927.128741 1011.073657 301 19.694332 404.497519 128 910.998227 0.000000 189 0.000000 697.708999 124 217.242697 610.219474 127 189.215425 278.120395 137 1200.000000 227.255778 250 697.432379 805.296567 201 1079.999335 608.563942 402 1003.861500 1200.000000 109 0.000000 293.744697 332 860.551681 0.000000 220 444.753045 926.374669 134 150.912711 0.000000 126 0.000000 521.254092 100 432.512306 93.594648 111 0.000000 722.488278 200 853.185836 503.103442 336 381.226537 228.445816 328 247.909024 807.426551 133 447.264802 617.452642 217 850.312872 0.000000 202 0.000000 363.465535 262 623.997965 531.420975 170 675.370261 785.687392 154 1004.195466 1152.342565 158 77.481747 405.765292 174 70.894129 85.784076 190 105.692950 669.546302 570 281.676539 1200.000000 173 1125.271936 0.000000 327 1200.000000 1200.000000 393 930.727124 0.000000 253 15.940318 291.809392 160 800.716539 485.237564 505 1086.482850 100.834423 292 714.209474 1200.000000 166 632.075772 24.226805 209 963.506596 374.091243 150 1200.000000 0.000000 140 926.575583 0.000000 172 966.611320 607.746989 203 419.745262 844.358499 179 855.995313 1075.821306 389 522.526202 635.381894 180 398.701570 892.698173 265 961.224514 762.551953 376 1200.000000 874.251383 188 184.144629 0.000000 116 277.736768 648.425085 150 425.782898 226.478628 93 819.343119 597.333270 105 0.000000 0.000000 129 1200.000000 1082.714065 149 452.685476 460.359841 159 693.498269 167.572674 190 757.390360 966.906907 77 795.338759 743.924581 502 820.840621 400.828248 361 0.000000 559.096088 148 526.129858 1200.000000 151 810.244605 357.099085 237 1106.221275 0.000000 112 6.894412 328.921547 96 773.655248 217.409986 205 355.015820 1000.946842 211 621.599477 399.358671 454 313.259188 489.731071 171 1193.763652 398.067461 72 51.773209 845.697420 117 402.561831 1200.000000 57 1200.000000 179.383011 84 537.780535 115.569273 181 1058.832056 709.680331 77 761.976705 94.047897 150 41.965718 0.000000 184 1200.000000 508.410264 370 395.505547 983.053348 114 129.668229 1200.000000 257 724.751491 506.692116 134 952.751845 198.037783 163 131.117117 397.375031 433 448.287085 608.984254 120 821.373621 603.539358 566 891.359229 205.196182 342 124.839442 349.743024 270 523.835915 694.282959 84 811.246913 0.000000 95 704.502509 1200.000000 222 122.860128 126.164089 259 0.000000 867.549472 271 916.061414 1200.000000 156 472.035159 530.942508 129 677.286818 476.848547 294 0.000000 441.760175 327 351.608132 1200.000000 161 878.148844 420.354010 237 43.119093 387.896943 225 651.535624 872.377871 343 152.370237 350.749011 352 473.163736 1200.000000 223 525.806786 1025.850771 190 0.000000 433.431453 239 180.464912 952.216219 209 1107.362699 924.347901 116 1173.768924 850.393661 150 1116.750931 1200.000000 162 0.000000 676.819575 246 237.016615 593.453328 395 1146.079659 348.592276 165 1200.000000 361.662521 215 391.896359 418.409852 264 793.597076 0.000000 418 163.929605 498.571017 166 0.000000 831.901951 260 108.706881 120.548309 237 94.532478 679.112158 322 1092.053742 675.237918 236 1059.823850 0.000000 92 372.635497 794.578566 305 210.885210 741.269387 324 664.591407 1141.467670 143 64.367287 387.165015 130 88.635720 0.000000 136 513.548837 728.440209 131 871.585532 381.702599 204 347.034887 760.648095 276 0.000000 660.677080 214 528.064504 234.533163 457 346.151017 647.527972 200 1083.250461 1200.000000 111 914.162278 549.263469 219 870.430255 234.481957 156 723.994958 830.812452 147 14.194443 461.900070 251 603.214297 0.000000 162 845.801070 172.300885 335 190.640550 638.235227 393 0.000000 7.899757 227 158.490428 581.438311 98 103.656487 765.958239 421 963.330573 983.220735 170 564.039723 951.057261 311 488.893381 1200.000000 209 869.352689 0.000000 152 1015.892534 0.000000 290 466.584144 0.000000 128 1118.503582 437.404753 199 1144.903471 1200.000000 96 0.000000 391.476147 437 0.000000 0.000000 161 1200.000000 1130.758497 234 1200.000000 774.700367 263 1063.787297 188.349047 141 48.199544 458.524568 155 650.138548 0.000000 164 957.584563 1200.000000 351 306.327047 973.282496 199 0.000000 632.153138 137 1129.569411 783.344616 157 1052.169060 0.000000 164 932.979724 1106.615266 101 234.221665 355.082246 327 0.000000 370.217652 119 0.000000 119.290915 99 847.805309 1092.775464 125 881.044567 886.085113 143 939.095300 750.799244 218 1049.742606 961.503840 369 885.092824 943.349935 123 1118.932854 986.394083 221 104.328379 710.933514 139 675.824221 963.344218 258 659.631524 314.148047 185 279.609203 514.144288 410 800.392727 988.606318 106 727.635220 0.000000 129 1200.000000 246.964746 225 285.026280 216.142793 136 0.000000 32.294633 89 312.516265 307.815631 442 858.899546 109.308569 252 1131.557364 1174.161286 289 773.860998 543.608309 667 788.597275 330.510055 60 1050.380724 309.282816 191 506.484591 807.017864 172 612.651834 0.000000 359 0.000000 421.199450 210 20.500539 844.360702 154 89.806647 1003.677988 149 26.642148 368.450092 235 397.339130 305.734844 87 107.768436 671.304679 460 557.141309 404.054802 221 673.449864 810.054830 272 165.649966 23.814343 223 990.498197 53.156982 282 1028.792491 109.056069 349 843.733566 1031.018321 226 616.434995 201.042748 133 43.382396 517.658235 230 434.776114 725.427190 166 131.351778 690.853480 239 1079.469185 1131.300897 191 203.632032 608.153728 173 0.000000 428.743173 153 0.000000 758.312258 192 318.949396 332.742641 218 1200.000000 306.530449 198 235.226691 72.065981 270 463.908928 1172.649822 304 1200.000000 144.652704 328 896.265324 637.829600 730 310.386393 1147.225740 130 74.821113 669.555401 148 1200.000000 195.332888 153 380.217791 914.522261 233 110.920453 1200.000000 282 1151.751499 552.869783 96 387.731915 371.963655 442 93.430723 0.000000 267 624.588652 0.000000 350 806.930528 639.099774 144 1067.307168 1192.028829 188 0.000000 559.513697 265 229.523665 532.592650 145 0.000000 649.802103 195 1200.000000 590.932022 116 139.197591 364.871355 250 1200.000000 492.062125 247 412.381232 500.442076 235 669.856428 553.970197 154 974.993706 932.015210 83 787.380459 944.922566 221 118.592654 1062.355766 126 908.344458 732.397215 225 658.694113 499.833690 150 948.992769 845.055744 56 552.352401 37.535860 229 808.894381 419.110335 159 1200.000000 1200.000000 372 0.000000 280.543302 534 592.229255 1200.000000 156 354.752632 362.001243 403 1018.234277 1200.000000 292 1187.359907 0.000000 102 616.287506 205.145937 303 651.440656 463.016271 130 1180.357682 884.687129 198 409.541368 602.968476 117 799.456026 491.546334 362 679.076133 1164.936500 50 359.014851 709.052123 93 1149.178913 303.808308 196 325.220337 1054.970502 325 555.973317 1155.106941 232 455.114457 172.306576 126 872.227579 23.244418 155 311.573713 591.881805 193 981.176730 632.867640 224 1200.000000 991.228853 410 605.424140 1077.846874 196 1066.260160 256.881271 500 761.671726 705.524748 159 1200.000000 748.945292 347 1182.210281 375.265435 164 208.031394 895.446050 254 175.836899 125.976283 298 174.849098 420.511190 186 1200.000000 35.079626 140 1200.000000 395.602628 140 1153.317706 0.000000 329 903.803380 734.083044 363 487.618202 0.000000 259 1008.155912 178.326752 263 0.000000 0.000000 492 527.342761 540.910643 194 285.980105 845.927484 301 0.000000 581.982372 449 774.956597 229.591050 137 979.901665 227.712818 298 130.694080 573.873982 219 836.737478 621.452485 92 31.606403 440.673732 346 579.668490 979.641292 141 0.000000 384.469886 105 685.295405 1200.000000 258 883.625945 755.638008 90 662.823390 386.950280 158 140.798320 438.340209 263 0.000000 435.944471 172 60.939686 815.088612 384 769.660294 776.124768 64 426.030372 1200.000000 128 1053.280229 534.283529 185 348.070502 245.522477 295 580.314198 1200.000000 278 1061.515427 157.700697 137 327.352487 1042.046639 167 297.536751 1200.000000 145 247.262844 346.659036 261 712.746789 0.000000 99 356.919304 472.911516 145 734.891745 228.894537 116 508.706618 1200.000000 226 967.165150 0.000000 315 240.054275 1099.503819 178 681.194017 382.780095 428 1115.935056 181.175183 90 498.112723 137.315037 577 290.263824 167.498322 285 0.000000 486.381830 343 902.900392 1200.000000 314 622.892560 990.647916 167 530.347429 1172.227439 220 1183.111983 1200.000000 99 163.666397 761.878440 66 0.000000 203.881850 278 819.744354 989.605729 96 251.910854 84.218421 297 853.492630 639.934017 135 245.172678 1190.390410 222 0.000000 45.620044 107 1136.974695 609.449423 463 513.822113 572.794519 150 779.840517 446.850205 184 407.483770 1200.000000 215 215.238816 1134.733598 201 101.015545 0.000000 138 1004.686138 0.000000 287 493.370527 637.722979 166 1086.748602 1200.000000 144 967.969775 450.710912 205 412.753455 765.384980 88 441.621339 887.064124 327 735.456759 278.623353 273 0.000000 1200.000000 459 0.000000 644.923123 148 968.264152 0.000000 98 657.564835 689.280863 253 1200.000000 585.371826 421 260.367528 501.255415 54 760.034421 1200.000000 184 1085.125808 1200.000000 260 700.514853 351.225923 213 293.065357 286.892433 314 123.401353 8.210402 209 579.136635 1141.982615 247 143.921880 29.414547 231 740.949589 1200.000000 133 1119.385770 1049.245090 314 178.953705 1019.615213 214 992.351182 355.798278 232 532.482420 811.729116 137 295.991350 579.689366 226 801.866843 72.122166 466 1123.395527 233.188455 99 105.465685 0.000000 205 778.880736 405.988211 113 36.808151 445.798796 145 590.124371 358.858752 470 586.045335 0.000000 190 681.328500 1120.592412 190 118.214766 399.501931 107 589.673727 412.773954 215 214.854321 1200.000000 181 1200.000000 1200.000000 185 1200.000000 329.979442 205 658.045574 809.329936 119 670.487900 485.796268 195 545.208759 1129.487997 371 47.213973 340.603624 103 987.223991 1200.000000 220 718.981847 503.158899 265 982.907457 238.803189 281 418.059043 696.372435 174 355.882598 434.154074 338 325.359286 112.340288 474 0.000000 364.146551 213 932.116934 291.585575 218 61.455431 893.487682 88 318.073409 466.316368 156 1200.000000 688.554402 183 873.517108 369.990663 187 96.399598 430.153044 116 0.000000 384.400780 160 724.207765 399.780033 246 265.866858 1200.000000 456 176.657597 586.952560 302 879.287765 1200.000000 247 1088.820668 533.267854 232 645.539302 958.409282 219 722.588444 1200.000000 144 866.894323 1200.000000 143 374.672584 972.285114 230 476.409367 1025.748633 196 545.025388 895.056495 453 827.431602 478.714116 234 889.500213 449.265578 155 1141.174298 1200.000000 338 1081.106623 334.881982 138 934.802230 643.243084 273 1200.000000 433.944465 248 0.000000 444.936298 809 1018.709853 0.000000 234 0.000000 489.874474 188 96.331998 0.000000 196 994.195457 1167.739256 140 925.098111 0.000000 308 1200.000000 0.000000 188 676.456343 434.311122 185 526.169417 0.000000 84 855.260892 0.000000 105 994.735125 809.868387 258 982.096176 587.653252 203 1132.778419 328.569464 287 148.824121 662.873064 265 395.673937 934.384584 222 214.464792 343.259072 297 461.025538 0.000000 238 810.355353 485.692410 164 765.379271 0.000000 115 870.279601 0.000000 129 538.246948 0.000000 148 0.000000 411.808111 163 628.122826 616.477118 191 1200.000000 736.581385 427 1131.741875 1173.851760 183 1055.392610 584.452251 195 1058.049921 342.458677 250 0.000000 352.973234 184 618.105390 865.291685 598 636.079137 992.614191 138 616.014201 0.000000 288 265.118928 1200.000000 322 30.938975 326.957521 204 1037.120498 313.161713 261 888.338952 1200.000000 620 119.500365 1200.000000 91 842.160804 229.862860 213 750.471366 471.573152 279 713.357015 563.700127 386 1200.000000 102.176144 297 816.963347 110.195774 112 816.272717 1050.081924 500 949.504630 130.049419 213 0.000000 200.249266 540 1140.884315 0.000000 245 1008.189402 671.157306 125 85.768039 0.000000 515 968.724130 0.000000 111 975.775435 1200.000000 169 442.205318 250.092852 205 667.944129 982.832151 135 322.580043 776.078922 120 478.617786 1200.000000 169 318.342913 432.012010 188 0.000000 864.349278 297 555.326143 856.968120 239 609.476948 230.697526 281 1200.000000 961.059117 483 822.837154 377.765721 233 882.134789 0.000000 213 474.465952 1200.000000 187 778.158086 52.145457 92 686.863075 343.433084 425 1200.000000 523.235046 331 464.175190 150.480711 415 0.000000 361.553641 130 1200.000000 835.200337 144 76.634075 22.941910 175 876.467735 664.340275 212 648.046239 566.551789 165 89.359687 147.059048 165 764.015365 541.228961 303 290.236826 222.221778 521 671.055998 578.791878 301 964.773123 163.329232 86 366.911810 841.336655 184 1193.402505 701.596268 265 374.068959 1010.674269 369 722.501949 186.033162 260 552.666509 1108.191732 206 417.680330 312.653122 121 0.000000 0.000000 105 677.779520 470.823494 105 1200.000000 344.030520 210 0.000000 376.355461 295 73.065580 777.541799 191 0.000000 648.978721 125 973.975198 59.865124 304 288.746610 826.660262 385 58.713403 447.539196 98 151.683913 1003.069392 171 812.190496 655.683437 231 315.290636 529.579145 483 231.474557 858.850884 122 860.754275 907.136395 242 552.235355 0.000000 321 708.163539 463.081959 155 69.819280 814.195693 170 1200.000000 920.615913 337 947.681631 927.010181 202 916.619700 435.563915 136 434.462638 742.260313 213 793.938483 566.535497 259 1200.000000 501.224235 135 0.000000 40.805422 327 923.125883 0.000000 102 678.412763 439.455625 499 0.000000 545.178812 205 154.250862 484.226438 343 98.319625 1099.438809 260 753.662145 108.616183 117 867.304854 1200.000000 470 292.763625 147.110445 354 639.223993 519.885424 186 721.478201 426.114307 157 71.893646 1200.000000 287 585.810150 349.595522 121 0.000000 245.583315 190 1019.731056 1200.000000 238 869.611602 763.788500 81 184.825812 638.391263 94 244.042823 875.339273 214 521.590409 505.854319 139 1050.101295 829.848476 162 49.972062 308.514224 481 395.026166 1064.899818 213 1115.207525 0.000000 463 867.476237 145.264413 150 753.137850 716.045197 115 331.509878 0.000000 108 1177.810293 829.223682 171 1134.679004 565.761944 150 1194.190466 715.649274 154 875.056813 557.906326 95 1012.083891 947.144957 330 633.657450 48.776021 122 805.792256 639.686865 112 518.078607 369.714855 192 749.221659 962.470600 202 1200.000000 357.021974 108 909.012235 711.543741 411 676.564251 0.000000 188 762.757242 639.373493 379 432.024075 216.803176 218 157.677730 553.394144 204 786.080722 363.624468 103 610.261616 602.755647 154 552.406063 1037.142421 171 90.272265 528.770341 806 152.260402 1200.000000 512 1200.000000 0.000000 304 354.765789 155.513290 162 182.383234 385.823735 355 1029.212585 1200.000000 204 236.077946 712.287573 354 562.839037 608.595006 212 0.000000 1200.000000 120 45.509117 1062.141548 256 458.136887 737.646577 727 0.000000 848.089682 118 456.317393 886.856125 658 754.642057 642.430080 173 690.869521 499.912878 141 1101.256555 1058.212284 111 18.152407 755.402869 328 370.867506 894.370400 195 732.888041 0.000000 326 1200.000000 643.422672 91 993.119726 765.233871 108 700.818894 486.188362 160 477.754868 665.059786 357 510.593046 296.105791 253 0.000000 496.270949 466 783.704810 16.486882 399 144.056271 0.000000 275 671.516663 1140.271612 165 492.011568 298.361496 293 441.528185 664.722072 100 875.585229 171.149755 361 22.790442 709.096409 277 288.417017 766.785794 60 738.776082 302.904878 132 795.114442 892.781773 385 7.675349 823.738873 209 0.000000 57.895921 72 0.000000 537.018952 257 428.896121 217.097408 249 493.925557 1042.060341 201 522.085475 1013.390356 389 385.313622 634.464969 219 0.000000 200.244700 170 1200.000000 684.750061 88 38.092598 709.358656 178 801.251122 8.792021 217 172.074378 145.043125 91 241.763586 813.164299 650 208.475823 438.012672 78 1106.909550 1200.000000 144 0.000000 787.877549 105 374.919022 528.099741 139 984.891607 33.841264 197 203.212965 1200.000000 317 350.585989 967.218239 151 230.412994 1200.000000 239 416.394202 423.146479 108 998.002298 1200.000000 118 937.172020 0.000000 138 215.385181 122.373395 265 759.818712 105.377579 188 0.000000 349.953587 195 111.464361 82.436467 155 442.988199 1046.066201 242 78.141935 450.614651 231 741.978729 803.537049 190 733.966892 933.139876 375 63.195299 176.790903 263 513.006203 624.357997 343 177.933178 731.256109 112 738.703740 285.915578 295 0.000000 579.176390 125 959.083725 269.654247 96 514.228293 686.915139 88 1122.200164 777.731835 98 672.282708 50.758108 376 364.135172 753.212683 102 0.000000 707.917759 201 0.000000 538.295811 353 898.263593 537.314512 413 811.470774 1200.000000 191 811.246323 130.792737 254 600.513909 959.890550 229 108.086373 1200.000000 201 1047.334514 1200.000000 245 475.697736 52.762253 101 760.479470 1182.437905 441 557.544807 1073.382409 146 147.394802 463.445569 121 0.000000 146.535620 143 0.000000 250.874326 209 1200.000000 491.288735 173 506.737006 1200.000000 468 838.712567 767.375131 204 623.307144 284.166792 480 1200.000000 807.156195 101 560.881327 1200.000000 133 928.163940 571.335185 273 60.109447 576.667822 141 1200.000000 803.512096 175 172.796715 724.613284 280 1200.000000 181.144226 174 0.000000 134.910287 148 1053.097174 1200.000000 446 1016.513358 466.139364 195 828.775473 504.818948 187 505.195188 305.020580 449 963.484733 1038.841441 168 521.711594 1200.000000 344 398.115734 1026.964341 322 450.597989 947.671420 179 469.209740 207.560834 490 1006.425443 500.714329 102 1200.000000 720.914966 247 920.469959 344.676956 140 730.389557 559.571068 139 487.245997 756.936766 142 837.769885 107.935764 283 1200.000000 78.160362 405 875.574167 454.021130 165 660.569467 344.391213 217 782.215710 628.428259 168 0.000000 442.688742 124 469.262182 792.108202 324 384.259389 596.354617 397 760.586128 736.888495 287 120.782350 1037.601588 595 105.725222 566.695551 155 611.164493 170.585482 292 833.689082 275.690213 256 734.670623 608.199978 178 824.626738 415.299198 164 216.310393 550.254732 192 280.669963 1143.348457 119 184.457967 358.865851 102 286.562512 394.827832 271 1200.000000 679.328905 291 435.551759 765.189410 164 908.682292 144.214250 448 846.331389 7.165365 321 49.040074 670.906742 176 255.025126 1115.158637 336 85.651098 0.000000 194 910.403938 684.550563 333 1175.902332 508.419281 348 0.000000 0.000000 189 663.508873 1200.000000 445 1121.588707 404.745042 239 1108.420952 262.250491 110 0.000000 0.000000 232 586.144976 0.000000 173 1072.970280 0.000000 153 0.000000 209.538614 89 898.085152 509.483032 205 0.000000 546.590895 68 340.249321 348.112135 178 97.502728 612.633385 283 734.114669 0.000000 137 1017.974224 334.906581 261 1052.960100 530.573808 457 1083.447261 365.799854 85 0.000000 954.825690 251 578.514029 1200.000000 203 55.054934 222.441687 142 589.930071 623.505150 190 238.867324 652.457602 177 300.236208 187.232446 177 173.529926 793.197108 261 1023.662608 394.091796 144 28.602039 1157.997132 124 726.288946 826.198705 183 975.170287 1200.000000 475 1200.000000 605.472684 215 1127.414526 0.000000 244 598.172085 284.888154 117 68.890015 131.244638 69 0.000000 76.377304 343 0.000000 475.757003 378 1014.588566 386.094037 160 1196.500314 387.802779 223 975.084551 673.956384 383 515.381008 1029.983293 153 916.428430 862.149311 189 7.934218 469.347307 179 1200.000000 894.405716 129 375.692274 0.000000 184 1200.000000 750.443941 243 503.326216 1074.729403 281 840.035309 241.079400 84 899.456933 924.817289 225 572.072066 10.566318 84 170.380480 466.823369 223 466.736486 921.026297 444 174.791477 365.060436 217 114.877419 1060.186098 102 781.750127 170.229670 156 908.632548 250.131866 317 0.000000 11.238309 204 156.853975 995.182060 422 644.612490 867.245105 50 889.173998 479.913779 276 1051.986158 37.400794 300 475.021690 94.289308 248 632.126201 466.031776 227 1200.000000 421.603471 179 559.514418 309.017854 219 0.000000 0.000000 437 0.000000 754.898776 310 680.021354 1200.000000 151 0.000000 265.098091 251 0.000000 465.834885 130 722.371916 82.907358 120 1162.384315 0.000000 251 1200.000000 542.110003 285 821.800995 628.249418 213 30.299799 531.970931 150 308.586635 522.333304 136 331.973362 890.990554 104 1193.338453 284.837699 359 782.269003 456.610557 455 745.611370 898.438872 131 74.724985 1124.295403 403 244.059555 810.937293 159 901.635135 270.621462 102 666.624172 522.786922 237 79.090706 383.966682 257 0.000000 264.830808 299 865.073726 1200.000000 262 1097.782673 476.348058 110 624.400983 926.031393 189 625.234669 988.607787 220 58.447964 1021.626949 248 1052.823610 273.286807 150 1165.617374 211.873906 324 727.547846 557.419001 107 31.339432 238.524213 96 1018.639625 558.036197 322 805.115539 224.409530 308 149.352023 53.074821 238 238.121192 746.194991 209 837.478821 69.637027 147 26.256700 0.000000 224 883.792817 1045.389777 247 0.000000 70.541235 117 286.042489 604.599707 195 302.470556 423.388313 338 1045.888353 0.000000 341 66.551495 540.287129 276 728.672228 1200.000000 119 834.899748 1200.000000 183 173.873606 922.462184 228 950.781896 1200.000000 281 285.488729 500.176783 123 0.000000 49.429624 259 1200.000000 733.322564 203 13.350324 484.105229 610 537.841969 988.195778 208 402.465520 1200.000000 315 0.000000 416.030116 79 515.105912 0.000000 409 0.000000 981.337367 228 988.004369 607.335487 228 0.000000 679.900934 92 9.708788 661.689294 333 264.347354 607.853976 336 968.907237 792.413503 141 1082.691166 0.000000 465 1078.555902 629.341510 353 83.159519 749.623729 404 729.994785 148.110434 203 235.583128 565.915303 125 612.862507 284.874791 187 844.691730 459.612847 231 542.652189 746.639358 177 1200.000000 577.204924 127 543.216157 555.758358 281 0.000000 483.125514 200 705.935129 1110.275438 174 221.114890 989.559923 199 268.846712 952.644777 224 386.505596 509.764460 322 1135.005470 373.545567 150 54.787702 483.954468 405 743.748203 376.158057 254 655.964524 1097.404841 563 718.698879 580.595324 153 1010.528645 1200.000000 291 393.371788 143.858895 93 923.589401 344.655894 237 753.605830 80.247319 107 1200.000000 670.244761 216 0.000000 1140.806486 151 569.887867 828.283893 76 323.603974 405.045247 120 341.547451 164.617921 95 634.376385 1200.000000 517 876.216337 0.000000 198 344.823422 431.886152 153 767.436258 1200.000000 213 740.719250 611.757057 233 715.221456 340.607844 286 0.000000 902.846343 192 726.699989 471.961028 479 947.515316 583.916619 129 0.000000 123.053908 370 829.517437 1200.000000 392 492.347713 20.187156 217 362.117077 673.036881 101 527.977592 0.000000 123 64.742904 977.366337 373 694.440578 393.777624 77 901.572218 520.883086 538 0.000000 360.532180 104 949.056032 1200.000000 265 176.468656 234.287617 284 868.158373 629.752413 82 879.633379 656.849606 96 0.000000 571.838113 448 697.290282 1200.000000 220 135.357182 1051.925327 122 389.338607 852.381155 185 0.000000 363.282128 121 731.715391 892.283034 255 995.953195 1200.000000 219 254.778477 22.162257 148 808.916304 580.726183 166 1192.017163 567.655438 195 494.019763 1094.111583 263 244.607542 1200.000000 258 972.423159 521.859958 226 594.583423 799.478493 474 1200.000000 205.816963 221 185.759475 800.575479 271 850.952148 212.006408 200 874.768284 1200.000000 121 895.757901 979.612540 588 947.532697 264.452908 212
38 9 1449.924719 241.330444 28.905245 1.138229 21 1301.269054 319.000995 31.436666 1.306144 2 1292.634353 346.613424 37.362641 1.296398 15 887.258664 501.166022 14.339288 1.986882 7 1461.781512 283.629797 39.472695 1.989303 4 1432.198392 227.175387 25.940940 1.065747 13 1553.492445 464.150396 8.489702 0.806746 14 1273.060951 268.175282 24.862995 1.553325 14 858.222803 344.517597 17.220580 1.568948 11 987.708496 253.437556 34.077571 1.510288 7 1046.327385 224.785411 14.402105 1.798814 7 1567.181986 492.843202 15.456852 0.857113 12 904.548541 273.863621 30.209705 1.244068 16 1202.742680 285.219483 17.335548 1.582227 1 1786.897977 269.874814 31.703950 1.472452 10 1210.235519 278.061428 12.356223 1.073363 21 1460.853707 391.760787 33.272441 0.962886 11 1332.174426 220.010566 17.475966 1.880799 15 979.944177 313.021082 38.942585 1.288842 14 1508.728013 406.131474 20.811218 1.273980 20 1358.579005 403.287864 9.891172 1.556761 22 894.519018 379.693747 25.307745 1.519567 13 1366.516998 458.008931 23.540710 0.648944 22 1724.108771 399.587729 23.827207 1.906081 4 1629.822954 431.861595 30.432563 1.979105 16 1256.810136 475.365682 14.537355 1.521289 1 1438.291496 369.514629 28.592752 1.722358 20 1504.478253 288.373904 16.412050 1.902863 8 1591.388225 494.459454 14.234625 1.415388 2 978.598777 218.391479 27.767069 1.646289 7 1231.667360 388.939219 33.196364 0.773681 2 885.130054 393.365496 30.192031 1.639292 6 1260.641554 244.460088 14.500773 1.954094 10 1741.752936 379.183659 37.732258 1.429016 20 1678.612392 481.283604 21.125607 1.189361 9 1100.413916 222.534395 14.732023 1.934192 15 1544.250296 307.679566 15.584790 1.605450 4 888.173186 259.203533 22.032263 0.866787
5
1799.21
0.01 1 0.1 2 0.005 0.1
22 882.192679 67.680604 799.523784 791.871986 160.055883 569.600839 196.307781 1073.903813 785.573756 22.661115 901.397943 495.689726 116.613174 467.575417 498.148938 1143.578596 83.216943 257.235597 929.254952 673.816441 172.496015 515.617225 734.706640 388.612146 902.091075 154.961261 1065.671534 691.006976 89.066954 640.921546 1184.417815 436.349437 94.372299 431.122504 88.711674 59.286702 931.086215 1120.733931 389.770973 1153.284728 597.972323 380.481783 780.105461 1157.046402
1100 419.941226 175.606038 178 705.092606 592.968239 106 192.440955 749.178337 233 881.159170 904.199029 211 346.975158 981.533530 221 0.000000 743.302850 323 1017.941928 484.013985 417 660.866974 684.902434 148 574.802776 0.000000 133 606.756011 87.174572 80 101.393905 120.088255 90 754.805246 671.045277 126 240.584561 266.415058 302 414.113474 520.380681 110 246.586374 270.185530 132 1200.000000 590.773452 257 752.721894 1200.000000 389 376.881995 1044.511379 110 752.587509 368.494872 96 0.000000 605.292172 301 933.608305 1028.772462 124 156.531565 513.297259 145 1185.310663 548.398352 132 769.645543 471.379981 212 11.075431 424.912146 266 843.947930 89.731340 206 450.678696 0.000000 504 282.071836 1200.000000 194 263.287855 1200.000000 81 138.393621 593.926156 215 1194.555951 0.000000 347 588.147549 471.398066 205 1001.157485 1200.000000 129 1067.361349 343.379481 164 1199.760102 909.047494 215 801.487270 259.385890 156 531.946718 872.557669 94 311.866380 1200.000000 187 735.779629 0.922552 134 1200.000000 565.761857 178 749.308171 1200.000000 130 258.336434 537.054507 177 61.675048 170.793455 155 795.282250 1059.562127 124 916.773261 327.806285 192 795.704749 696.216241 446 1096.843295 296.459476 143 1200.000000 673.896657 368 905.993238 224.863927 308 907.181053 0.000000 100 643.966361 306.340196 127 325.949311 307.086755 311 1008.600853 1102.854584 118 1200.000000 338.053080 173 649.846387 1200.000000 205 659.170640 1200.000000 249 273.180636 11.903706 208 674.217403 462.194763 499 57.572976 624.072602 129 888.972003 1196.462050 119 289.701549 475.007951 139 122.651908 521.269137 399 1049.853836 426.406096 340 421.420796 380.807480 210 261.177971 17.462141 126 1200.000000 715.984620 100 430.567192 938.221581 513 314.998697 243.395997 110 30.860662 561.078239 526 1154.224247 345.671012 378 111.023308 0.000000 151 793.083689 455.082714 144 420.731729 398.426054 219 254.369210 1200.000000 316 559.037396 1200.000000 364 810.298416 600.314950 157 273.823883 1200.000000 257 1103.957176 244.131261 231 26.710614 470.490263 352 869.743026 424.116734 172 1074.120075 899.153224 82 983.072683 585.769022 140 127.906542 470.271646 80 659.616867 335.326485 171 0.000000 313.976177 398 921.497747 922.232243 119 556.555414 1008.358454 164 235.111209 548.651700 372 865.268211 0.000000 253 774.494372 284.760536 148 618.364978 772.134261 141 1108.864766 1122.331992 257 738.537595 273.947695 159 877.661650 601.755121 268 648.217396 381.745493 107 0.000000 416.652479 218 839.641285 495.616023 190 0.000000 549.204227 232 971.083779 756.272137 122 569.500062 342.099633 233 726.299535 145.817964 217 0.000000 192.545397 206 42.068186 1200.000000 78 338.802228 1126.745241 294 0.000000 1011.574189 139 639.143357 503.220087 200 1179.129596 462.039225 170 834.535795 457.364581 224 365.049585 0.000000 53 0.000000 631.164473 115 785.382811 289.903084 167 818.851367 601.750678 183 245.618514 708.471473 173 385.408054 1200.000000 205 424.387602 1200.000000 206 433.329606 517.511857 125 1173.590981 1057.472936 372 852.388083 1032.566121 276 1078.609827 509.184128 111 361.820449 945.630466 99 106.197468 328.026117 116 0.000000 441.240999 123 862.865263 776.134567 161 95.397199 1080.723115 134 10.496934 751.423132 104 72.378958 981.995056 181 993.389547 119.069095 197 0.000000 1138.505553 72 568.257216 1200.000000 310 541.612538 155.940870 113 57.545794 517.938734 272 904.456197 418.988309 161 1200.000000 302.852632 256 280.742897 947.715529 119 622.417753 666.913352 440 1200.000000 125.948260 172 1015.257731 917.343686 169 908.384791 335.928735 313 1200.000000 731.644909 297 619.808712 926.711606 246 418.596593 119.613257 343 1053.772276 239.917606 376 477.021003 695.110989 231 559.810510 0.000000 270 258.958331 1088.539722 480 213.190059 1200.000000 118 495.359079 453.336860 93 926.269528 467.964409 694 1036.008444 405.815778 286 275.362913 1188.064439 333 1200.000000 592.865442 185 1011.830712 908.496097 218 194.770294 520.411927 265 165.614112 1200.000000 188 661.743098 713.609230 268 851.785725 1095.657096 132 373.644108 1200.000000 117 365.666814 955.845890 66 976.218914 1200.000000 148 1050.792822 1200.000000 163 805.270915 225.819735 70 562.370908 50.790488 322 154.360095 0.000000 67 449.323877 100.865211 344 392.329224 648.665469 296 425.901704 594.919045 382 912.543439 866.776415 59 1200.000000 589.390275 197 127.001785 854.679116 298 211.152592 602.292561 146 823.505408 155.175245 281 955.378021 455.294883 169 245.560600 1200.000000 151 652.076383 680.800422 71 864.765185 25.235093 110 331.601842 1190.872383 154 556.971629 639.203626 112 402.606354 735.783486 116 1056.799265 634.582171 295 490.898108 400.509830 357 391.842075 625.339594 183 609.381126 771.534117 207 480.359334 886.633240 183 1046.288807 550.647584 134 274.775483 97.317588 286 756.829978 611.729802 250 33.988425 713.488262 171 263.776569 512.366367 123 0.000000 327.507307 117 671.250671 358.502323 224 771.904288 934.002771 115 359.530925 267.751371 317 517.874982 47.443036 124 1200.000000 315.438330 53 0.000000 355.811167 207 299.564812 177.696209 153 0.000000 0.000000 226 803.505208 930.564844 322 132.879118 1200.000000 77 98.200877 1200.000000 154 149.657859 1200.000000 350 0.000000 343.519857 144 665.225625 30.300525 400 1032.154057 919.611289 337 311.606924 243.446705 348 1146.654936 259.324028 306 73.454565 423.515625 135 39.068357 422.626338 161 1046.091670 1080.603940 369 752.561514 505.828782 346 795.037031 814.504720 404 927.128741 1011.073657 301 19.694332 404.497519 128 910.998227 0.000000 189 0.000000 697.708999 124 217.242697 610.219474 127 189.215425 278.120395 137 1200.000000 227.255778 250 697.432379 805.296567 201 1079.999335 608.563942 402 1003.861500 1200.000000 109 0.000000 293.744697 332 860.551681 0.000000 220 444.753045 926.374669 134 150.912711 0.000000 126 0.000000 521.254092 100 432.512306 93.594648 111 0.000000 722.488278 200 853.185836 503.103442 336 381.226537 228.445816 328 247.909024 807.426551 133 447.264802 617.452642 217 850.312872 0.000000 202 0.000000 363.465535 262 623.997965 531.420975 170 675.370261 785.687392 154 1004.195466 1152.342565 158 77.481747 405.765292 174 70.894129 85.784076 190 105.692950 669.546302 570 281.676539 1200.000000 173 1125.271936 0.000000 327 1200.000000 1200.000000 393 930.727124 0.000000 253 15.940318 291.809392 160 800.716539 485.237564 505 1086.482850 100.834423 292 714.209474 1200.000000 166 632.075772 24.226805 209 963.506596 374.091243 150 1200.000000 0.000000 140 926.575583 0.000000 172 966.611320 607.746989 203 419.745262 844.358499 179 855.995313 1075.821306 389 522.526202 635.381894 180 398.701570 892.698173 265 961.224514 762.551953 376 1200.000000 874.251383 188 184.144629 0.000000 116 277.736768 648.425085 150 425.782898 226.478628 93 819.343119 597.333270 105 0.000000 0.000000 129 1200.000000 1082.714065 149 452.685476 460.359841 159 693.498269 167.572674 190 757.390360 966.906907 77 795.338759 743.924581 502 820.840621 400.828248 361 0.000000 559.096088 148 526.129858 1200.000000 151 810.244605 357.099085 237 1106.221275 0.000000 112 6.894412 328.921547 96 773.655248 217.409986 205 355.015820 1000.946842 211 621.599477 399.358671 454 313.259188 489.731071 171 1193.763652 398.067461 72 51.773209 845.697420 117 402.561831 1200.000000 57 1200.000000 179.383011 84 537.780535 115.569273 181 1058.832056 709.680331 77 761.976705 94.047897 150 41.965718 0.000000 184 1200.000000 508.410264 370 395.505547 983.053348 114 129.668229 1200.000000 257 724.751491 506.692116 134 952.751845 198.037783 163 131.117117 397.375031 433 448.287085 608.984254 120 821.373621 603.539358 566 891.359229 205.196182 342 124.839442 349.743024 270 523.835915 694.282959 84 811.246913 0.000000 95 704.502509 1200.000000 222 122.860128 126.164089 259 0.000000 867.549472 271 916.061414 1200.000000 156 472.035159 530.942508 129 677.286818 476.848547 294 0.000000 441.760175 327 351.608132 1200.000000 161 878.148844 420.354010 237 43.119093 387.896943 225 651.535624 872.377871 343 152.370237 350.749011 352 473.163736 1200.000000 223 525.806786 1025.850771 190 0.000000 433.431453 239 180.464912 952.216219 209 1107.362699 924.347901 116 1173.768924 850.393661 150 1116.750931 1200.000000 162 0.000000 676.819575 246 237.016615 593.453328 395 1146.079659 348.592276 165 1200.000000 361.662521 215 391.896359 418.409852 264 793.597076 0.000000 418 163.929605 498.571017 166 0.000000 831.901951 260 108.706881 120.548309 237 94.532478 679.112158 322 1092.053742 675.237918 236 1059.823850 0.000000 92 372.635497 794.578566 305 210.885210 741.269387 324 664.591407 1141.467670 143 64.367287 387.165015 130 88.635720 0.000000 136 513.548837 728.440209 131 871.585532 381.702599 204 347.034887 760.648095 276 0.000000 660.677080 214 528.064504 234.533163 457 346.151017 647.527972 200 1083.250461 1200.000000 111 914.162278 549.263469 219 870.430255 234.481957 156 723.994958 830.812452 147 14.194443 461.900070 251 603.214297 0.000000 162 845.801070 172.300885 335 190.640550 638.235227 393 0.000000 7.899757 227 158.490428 581.438311 98 103.656487 765.958239 421 963.330573 983.220735 170 564.039723 951.057261 311 488.893381 1200.000000 209 869.352689 0.000000 152 1015.892534 0.000000 290 466.584144 0.000000 128 1118.503582 437.404753 199 1144.903471 1200.000000 96 0.000000 391.476147 437 0.000000 0.000000 161 1200.000000 1130.758497 234 1200.000000 774.700367 263 1063.787297 188.349047 141 48.199544 458.524568 155 650.138548 0.000000 164 957.584563 1200.000000 351 306.327047 973.282496 199 0.000000 632.153138 137 1129.569411 783.344616 157 1052.169060 0.000000 164 932.979724 1106.615266 101 234.221665 355.082246 327 0.000000 370.217652 119 0.000000 119.290915 99 847.805309 1092.775464 125 881.044567 886.085113 143 939.095300 750.799244 218 1049.742606 961.503840 369 885.092824 943.349935 123 1118.932854 986.394083 221 104.328379 710.933514 139 675.824221 963.344218 258 659.631524 314.148047 185 279.609203 514.144288 410 800.392727 988.606318 106 727.635220 0.000000 129 1200.000000 246.964746 225 285.026280 216.142793 136 0.000000 32.294633 89 312.516265 307.815631 442 858.899546 109.308569 252 1131.557364 1174.161286 289 773.860998 543.608309 667 788.597275 330.510055 60 1050.380724 309.282816 191 506.484591 807.017864 172 612.651834 0.000000 359 0.000000 421.199450 210 20.500539 844.360702 154 89.806647 1003.677988 149 26.642148 368.450092 235 397.339130 305.734844 87 107.768436 671.304679 460 557.141309 404.054802 221 673.449864 810.054830 272 165.649966 23.814343 223 990.498197 53.156982 282 1028.792491 109.056069 349 843.733566 1031.018321 226 616.434995 201.042748 133 43.382396 517.658235 230 434.776114 725.427190 166 131.351778 690.853480 239 1079.469185 1131.300897 191 203.632032 608.153728 173 0.000000 428.743173 153 0.000000 758.312258 192 318.949396 332.742641 218 1200.000000 306.530449 198 235.226691 72.065981 270 463.908928 1172.649822 304 1200.000000 144.652704 328 896.265324 637.829600 730 310.386393 1147.225740 130 74.821113 669.555401 148 1200.000000 195.332888 153 380.217791 914.522261 233 110.920453 1200.000000 282 1151.751499 552.869783 96 387.731915 371.963655 442 93.430723 0.000000 267 624.588652 0.000000 350 806.930528 639.099774 144 1067.307168 1192.028829 188 0.000000 559.513697 265 229.523665 532.592650 145 0.000000 649.802103 195 1200.000000 590.932022 116 139.197591 364.871355 250 1200.000000 492.062125 247 412.381232 500.442076 235 669.856428 553.970197 154 974.993706 932.015210 83 787.380459 944.922566 221 118.592654 1062.355766 126 908.344458 732.397215 225 658.694113 499.833690 150 948.992769 845.055744 56 552.352401 37.535860 229 808.894381 419.110335 159 1200.000000 1200.000000 372 0.000000 280.543302 534 592.229255 1200.000000 156 354.752632 362.001243 403 1018.234277 1200.000000 292 1187.359907 0.000000 102 616.287506 205.145937 303 651.440656 463.016271 130 1180.357682 884.687129 198 409.541368 602.968476 117 799.456026 491.546334 362 679.076133 1164.936500 50 359.014851 709.052123 93 1149.178913 303.808308 196 325.220337 1054.970502 325 555.973317 1155.106941 232 455.114457 172.306576 126 872.227579 23.244418 155 311.573713 591.881805 193 981.176730 632.867640 224 1200.000000 991.228853 410 605.424140 1077.846874 196 1066.260160 256.881271 500 761.671726 705.524748 159 1200.000000 748.945292 347 1182.210281 375.265435 164 208.031394 895.446050 254 175.836899 125.976283 298 174.849098 420.511190 186 1200.000000 35.079626 140 1200.000000 395.602628 140 1153.317706 0.000000 329 903.803380 734.083044 363 487.618202 0.000000 259 1008.155912 178.326752 263 0.000000 0.000000 492 527.342761 540.910643 194 285.980105 845.927484 301 0.000000 581.982372 449 774.956597 229.591050 137 979.901665 227.712818 298 130.694080 573.873982 219 836.737478 621.452485 92 31.606403 440.673732 346 579.668490 979.641292 141 0.000000 384.469886 105 685.295405 1200.000000 258 883.625945 755.638008 90 662.823390 386.950280 158 140.798320 438.340209 263 0.000000 435.944471 172 60.939686 815.088612 384 769.660294 776.124768 64 426.030372 1200.000000 128 1053.280229 534.283529 185 348.070502 245.522477 295 580.314198 1200.000000 278 1061.515427 157.700697 137 327.352487 1042.046639 167 297.536751 1200.000000 145 247.262844 346.659036 261 712.746789 0.000000 99 356.919304 472.911516 145 734.891745 228.894537 116 508.706618 1200.000000 226 967.165150 0.000000 315 240.054275 1099.503819 178 681.194017 382.780095 428 1115.935056 181.175183 90 498.112723 137.315037 577 290.263824 167.498322 285 0.000000 486.381830 343 902.900392 1200.000000 314 622.892560 990.647916 167 530.347429 1172.227439 220 1183.111983 1200.000000 99 163.666397 761.878440 66 0.000000 203.881850 278 819.744354 989.605729 96 251.910854 84.218421 297 853.492630 639.934017 135 245.172678 1190.390410 222 0.000000 45.620044 107 1136.974695 609.449423 463 513.822113 572.794519 150 779.840517 446.850205 184 407.483770 1200.000000 215 215.238816 1134.733598 201 101.015545 0.000000 138 1004.686138 0.000000 287 493.370527 637.722979 166 1086.748602 1200.000000 144 967.969775 450.710912 205 412.753455 765.384980 88 441.621339 887.064124 327 735.456759 278.623353 273 0.000000 1200.000000 459 0.000000 644.923123 148 968.264152 0.000000 98 657.564835 689.280863 253 1200.000000 585.371826 421 260.367528 501.255415 54 760.034421 1200.000000 184 1085.125808 1200.000000 260 700.514853 351.225923 213 293.065357 286.892433 314 123.401353 8.210402 209 579.136635 1141.982615 247 143.921880 29.414547 231 740.949589 1200.000000 133 1119.385770 1049.245090 314 178.953705 1019.615213 214 992.351182 355.798278 232 532.482420 811.729116 137 295.991350 579.689366 226 801.866843 72.122166 466 1123.395527 233.188455 99 105.465685 0.000000 205 778.880736 405.988211 113 36.808151 445.798796 145 590.124371 358.858752 470 586.045335 0.000000 190 681.328500 1120.592412 190 118.214766 399.501931 107 589.673727 412.773954 215 214.854321 1200.000000 181 1200.000000 1200.000000 185 1200.000000 329.979442 205 658.045574 809.329936 119 670.487900 485.796268 195 545.208759 1129.487997 371 47.213973 340.603624 103 987.223991 1200.000000 220 718.981847 503.158899 265 982.907457 238.803189 281 418.059043 696.372435 174 355.882598 434.154074 338 325.359286 112.340288 474 0.000000 364.146551 213 932.116934 291.585575 218 61.455431 893.487682 88 318.073409 466.316368 156 1200.000000 688.554402 183 873.517108 369.990663 187 96.399598 430.153044 116 0.000000 384.400780 160 724.207765 399.780033 246 265.866858 1200.000000 456 176.657597 586.952560 302 879.287765 1200.000000 247 1088.820668 533.267854 232 645.539302 958.409282 219 722.588444 1200.000000 144 866.894323 1200.000000 143 374.672584 972.285114 230 476.409367 1025.748633 196 545.025388 895.056495 453 827.431602 478.714116 234 889.500213 449.265578 155 1141.174298 1200.000000 338 1081.106623 334.881982 138 934.802230 643.243084 273 1200.000000 433.944465 248 0.000000 444.936298 809 1018.709853 0.000000 234 0.000000 489.874474 188 96.331998 0.000000 196 994.195457 1167.739256 140 925.098111 0.000000 308 1200.000000 0.000000 188 676.456343 434.311122 185 526.169417 0.000000 84 855.260892 0.000000 105 994.735125 809.868387 258 982.096176 587.653252 203 1132.778419 328.569464 287 148.824121 662.873064 265 395.673937 934.384584 222 214.464792 343.259072 297 461.025538 0.000000 238 810.355353 485.692410 164 765.379271 0.000000 115 870.279601 0.000000 129 538.246948 0.000000 148 0.000000 411.808111 163 628.122826 616.477118 191 1200.000000 736.581385 427 1131.741875 1173.851760 183 1055.392610 584.452251 195 1058.049921 342.458677 250 0.000000 352.973234 184 618.105390 865.291685 598 636.079137 992.614191 138 616.014201 0.000000 288 265.118928 1200.000000 322 30.938975 326.957521 204 1037.120498 313.161713 261 888.338952 1200.000000 620 119.500365 1200.000000 91 842.160804 229.862860 213 750.471366 471.573152 279 713.357015 563.700127 386 1200.000000 102.176144 297 816.963347 110.195774 112 816.272717 1050.081924 500 949.504630 130.049419 213 0.000000 200.249266 540 1140.884315 0.000000 245 1008.189402 671.157306 125 85.768039 0.000000 515 968.724130 0.000000 111 975.775435 1200.000000 169 442.205318 250.092852 205 667.944129 982.832151 135 322.580043 776.078922 120 478.617786 1200.000000 169 318.342913 432.012010 188 0.000000 864.349278 297 555.326143 856.968120 239 609.476948 230.697526 281 1200.000000 961.059117 483 822.837154 377.765721 233 882.134789 0.000000 213 474.465952 1200.000000 187 778.158086 52.145457 92 686.863075 343.433084 425 1200.000000 523.235046 331 464.175190 150.480711 415 0.000000 361.553641 130 1200.000000 835.200337 144 76.634075 22.941910 175 876.467735 664.340275 212 648.046239 566.551789 165 89.359687 147.059048 165 764.015365 541.228961 303 290.236826 222.221778 521 671.055998 578.791878 301 964.773123 163.329232 86 366.911810 841.336655 184 1193.402505 701.596268 265 374.068959 1010.674269 369 722.501949 186.033162 260 552.666509 1108.191732 206 417.680330 312.653122 121 0.000000 0.000000 105 677.779520 470.823494 105 1200.000000 344.030520 210 0.000000 376.355461 295 73.065580 777.541799 191 0.000000 648.978721 125 973.975198 59.865124 304 288.746610 826.660262 385 58.713403 447.539196 98 151.683913 1003.069392 171 812.190496 655.683437 231 315.290636 529.579145 483 231.474557 858.850884 122 860.754275 907.136395 242 552.235355 0.000000 321 708.163539 463.081959 155 69.819280 814.195693 170 1200.000000 920.615913 337 947.681631 927.010181 202 916.619700 435.563915 136 434.462638 742.260313 213 793.938483 566.535497 259 1200.000000 501.224235 135 0.000000 40.805422 327 923.125883 0.000000 102 678.412763 439.455625 499 0.000000 545.178812 205 154.250862 484.226438 343 98.319625 1099.438809 260 753.662145 108.616183 117 867.304854 1200.000000 470 292.763625 147.110445 354 639.223993 519.885424 186 721.478201 426.114307 157 71.893646 1200.000000 287 585.810150 349.595522 121 0.000000 245.583315 190 1019.731056 1200.000000 238 869.611602 763.788500 81 184.825812 638.391263 94 244.042823 875.339273 214 521.590409 505.854319 139 1050.101295 829.848476 162 49.972062 308.514224 481 395.026166 1064.899818 213 1115.207525 0.000000 463 867.476237 145.264413 150 753.137850 716.045197 115 331.509878 0.000000 108 1177.810293 829.223682 171 1134.679004 565.761944 150 1194.190466 715.649274 154 875.056813 557.906326 95 1012.083891 947.144957 330 633.657450 48.776021 122 805.792256 639.686865 112 518.078607 369.714855 192 749.221659 962.470600 202 1200.000000 357.021974 108 909.012235 711.543741 411 676.564251 0.000000 188 762.757242 639.373493 379 432.024075 216.803176 218 157.677730 553.394144 204 786.080722 363.624468 103 610.261616 602.755647 154 552.406063 1037.142421 171 90.272265 528.770341 806 152.260402 1200.000000 512 1200.000000 0.000000 304 354.765789 155.513290 162 182.383234 385.823735 355 1029.212585 1200.000000 204 236.077946 712.287573 354 562.839037 608.595006 212 0.000000 1200.000000 120 45.509117 1062.141548 256 458.136887 737.646577 727 0.000000 848.089682 118 456.317393 886.856125 658 754.642057 642.430080 173 690.869521 499.912878 141 1101.256555 1058.212284 111 18.152407 755.402869 328 370.867506 894.370400 195 732.888041 0.000000 326 1200.000000 643.422672 91 993.119726 765.233871 108 700.818894 486.188362 160 477.754868 665.059786 357 510.593046 296.105791 253 0.000000 496.270949 466 783.704810 16.486882 399 144.056271 0.000000 275 671.516663 1140.271612 165 492.011568 298.361496 293 441.528185 664.722072 100 875.585229 171.149755 361 22.790442 709.096409 277 288.417017 766.785794 60 738.776082 302.904878 132 795.114442 892.781773 385 7.675349 823.738873 209 0.000000 57.895921 72 0.000000 537.018952 257 428.896121 217.097408 249 493.925557 1042.060341 201 522.085475 1013.390356 389 385.313622 634.464969 219 0.000000 200.244700 170 1200.000000 684.750061 88 38.092598 709.358656 178 801.251122 8.792021 217 172.074378 145.043125 91 241.763586 813.164299 650 208.475823 438.012672 78 1106.909550 1200.000000 144 0.000000 787.877549 105 374.919022 528.099741 139 984.891607 33.841264 197 203.212965 1200.000000 317 350.585989 967.218239 151 230.412994 1200.000000 239 416.394202 423.146479 108 998.002298 1200.000000 118 937.172020 0.000000 138 215.385181 122.373395 265 759.818712 105.377579 188 0.000000 349.953587 195 111.464361 82.436467 155 442.988199 1046.066201 242 78.141935 450.614651 231 741.978729 803.537049 190 733.966892 933.139876 375 63.195299 176.790903 263 513.006203 624.357997 343 177.933178 731.256109 112 738.703740 285.915578 295 0.000000 579.176390 125 959.083725 269.654247 96 514.228293 686.915139 88 1122.200164 777.731835 98 672.282708 50.758108 376 364.135172 753.212683 102 0.000000 707.917759 201 0.000000 538.295811 353 898.263593 537.314512 413 811.470774 1200.000000 191 811.246323 130.792737 254 600.513909 959.890550 229 108.086373 1200.000000 201 1047.334514 1200.000000 245 475.697736 52.762253 101 760.479470 1182.437905 441 557.544807 1073.382409 146 147.394802 463.445569 121 0.000000 146.535620 143 0.000000 250.874326 209 1200.000000 491.288735 173 506.737006 1200.000000 468 838.712567 767.375131 204 623.307144 284.166792 480 1200.000000 807.156195 101 560.881327 1200.000000 133 928.163940 571.335185 273 60.109447 576.667822 141 1200.000000 803.512096 175 172.796715 724.613284 280 1200.000000 181.144226 174 0.000000 134.910287 148 1053.097174 1200.000000 446 1016.513358 466.139364 195 828.775473 504.818948 187 505.195188 305.020580 449 963.484733 1038.841441 168 521.711594 1200.000000 344 398.115734 1026.964341 322 450.597989 947.671420 179 469.209740 207.560834 490 1006.425443 500.714329 102 1200.000000 720.914966 247 920.469959 344.676956 140 730.389557 559.571068 139 487.245997 756.936766 142 837.769885 107.935764 283 1200.000000 78.160362 405 875.574167 454.021130 165 660.569467 344.391213 217 782.215710 628.428259 168 0.000000 442.688742 124 469.262182 792.108202 324 384.259389 596.354617 397 760.586128 736.888495 287 120.782350 1037.601588 595 105.725222 566.695551 155 611.164493 170.585482 292 833.689082 275.690213 256 734.670623 608.199978 178 824.626738 415.299198 164 216.310393 550.254732 192 280.669963 1143.348457 119 184.457967 358.865851 102 286.562512 394.827832 271 1200.000000 679.328905 291 435.551759 765.189410 164 908.682292 144.214250 448 846.331389 7.165365 321 49.040074 670.906742 176 255.025126 1115.158637 336 85.651098 0.000000 194 910.403938 684.550563 333 1175.902332 508.419281 348 0.000000 0.000000 189 663.508873 1200.000000 445 1121.588707 404.745042 239 1108.420952 262.250491 110 0.000000 0.000000 232 586.144976 0.000000 173 1072.970280 0.000000 153 0.000000 209.538614 89 898.085152 509.483032 205 0.000000 546.590895 68 340.249321 348.112135 178 97.502728 612.633385 283 734.114669 0.000000 137 1017.974224 334.906581 261 1052.960100 530.573808 457 1083.447261 365.799854 85 0.000000 954.825690 251 578.514029 1200.000000 203 55.054934 222.441687 142 589.930071 623.505150 190 238.867324 652.457602 177 300.236208 187.232446 177 173.529926 793.197108 261 1023.662608 394.091796 144 28.602039 1157.997132 124 726.288946 826.198705 183 975.170287 1200.000000 475 1200.000000 605.472684 215 1127.414526 0.000000 244 598.172085 284.888154 117 68.890015 131.244638 69 0.000000 76.377304 343 0.000000 475.757003 378 1014.588566 386.094037 160 1196.500314 387.802779 223 975.084551 673.956384 383 515.381008 1029.983293 153 916.428430 862.149311 189 7.934218 469.347307 179 1200.000000 894.405716 129 375.692274 0.000000 184 1200.000000 750.443941 243 503.326216 1074.729403 281 840.035309 241.079400 84 899.456933 924.817289 225 572.072066 10.566318 84 170.380480 466.823369 223 466.736486 921.026297 444 174.791477 365.060436 217 114.877419 1060.186098 102 781.750127 170.229670 156 908.632548 250.131866 317 0.000000 11.238309 204 156.853975 995.182060 422 644.612490 867.245105 50 889.173998 479.913779 276 1051.986158 37.400794 300 475.021690 94.289308 248 632.126201 466.031776 227 1200.000000 421.603471 179 559.514418 309.017854 219 0.000000 0.000000 437 0.000000 754.898776 310 680.021354 1200.000000 151 0.000000 265.098091 251 0.000000 465.834885 130 722.371916 82.907358 120 1162.384315 0.000000 251 1200.000000 542.110003 285 821.800995 628.249418 213 30.299799 531.970931 150 308.586635 522.333304 136 331.973362 890.990554 104 1193.338453 284.837699 359 782.269003 456.610557 455 745.611370 898.438872 131 74.724985 1124.295403 403 244.059555 810.937293 159 901.635135 270.621462 102 666.624172 522.786922 237 79.090706 383.966682 257 0.000000 264.830808 299 865.073726 1200.000000 262 1097.782673 476.348058 110 624.400983 926.031393 189 625.234669 988.607787 220 58.447964 1021.626949 248 1052.823610 273.286807 150 1165.617374 211.873906 324 727.547846 557.419001 107 31.339432 238.524213 96 1018.639625 558.036197 322 805.115539 224.409530 308 149.352023 53.074821 238 238.121192 746.194991 209 837.478821 69.637027 147 26.256700 0.000000 224 883.792817 1045.389777 247 0.000000 70.541235 117 286.042489 604.599707 195 302.470556 423.388313 338 1045.888353 0.000000 341 66.551495 540.287129 276 728.672228 1200.000000 119 834.899748 1200.000000 183 173.873606 922.462184 228 950.781896 1200.000000 281 285.488729 500.176783 123 0.000000 49.429624 259 1200.000000 733.322564 203 13.350324 484.105229 610 537.841969 988.195778 208 402.465520 1200.000000 315 0.000000 416.030116 79 515.105912 0.000000 409 0.000000 981.337367 228 988.004369 607.335487 228 0.000000 679.900934 92 9.708788 661.689294 333 264.347354 607.853976 336 968.907237 792.413503 141 1082.691166 0.000000 465 1078.555902 629.341510 353 83.159519 749.623729 404 729.994785 148.110434 203 235.583128 565.915303 125 612.862507 284.874791 187 844.691730 459.612847 231 542.652189 746.639358 177 1200.000000 577.204924 127 543.216157 555.758358 281 0.000000 483.125514 200 705.935129 1110.275438 174 221.114890 989.559923 199 268.846712 952.644777 224 386.505596 509.764460 322 1135.005470 373.545567 150 54.787702 483.954468 405 743.748203 376.158057 254 655.964524 1097.404841 563 718.698879 580.595324 153 1010.528645 1200.000000 291 393.371788 143.858895 93 923.589401 344.655894 237 753.605830 80.247319 107 1200.000000 670.244761 216 0.000000 1140.806486 151 569.887867 828.283893 76 323.603974 405.045247 120 341.547451 164.617921 95 634.376385 1200.000000 517 876.216337 0.000000 198 344.823422 431.886152 153 767.436258 1200.000000 213 740.719250 611.757057 233 715.221456 340.607844 286 0.000000 902.846343 192 726.699989 471.961028 479 947.515316 583.916619 129 0.000000 123.053908 370 829.517437 1200.000000 392 492.347713 20.187156 217 362.117077 673.036881 101 527.977592 0.000000 123 64.742904 977.366337 373 694.440578 393.777624 77 901.572218 520.883086 538 0.000000 360.532180 104 949.056032 1200.000000 265 176.468656 234.287617 284 868.158373 629.752413 82 879.633379 656.849606 96 0.000000 571.838113 448 697.290282 1200.000000 220 135.357182 1051.925327 122 389.338607 852.381155 185 0.000000 363.282128 121 731.715391 892.283034 255 995.953195 1200.000000 219 254.778477 22.162257 148 808.916304 580.726183 166 1192.017163 567.655438 195 494.019763 1094.111583 263 244.607542 1200.000000 258 972.423159 521.859958 226 594.583423 799.478493 474 1200.000000 205.816963 221 185.759475 800.575479 271 850.952148 212.006408 200 874.768284 1200.000000 121 895.757901 979.612540 588 947.532697 264.452908 212
38 9 1449.924719 241.330444 28.905245 1.138229 21 1301.269054 319.000995 31.436666 1.306144 2 1292.634353 346.613424 37.362641 1.296398 15 887.258664 501.166022 14.339288 1.986882 7 1461.781512 283.629797 39.472695 1.989303 4 1432.198392 227.175387 25.940940 1.065747 13 1553.492445 464.150396 8.489702 0.806746 14 1273.060951 268.175282 24.862995 1.553325 14 858.222803 344.517597 17.220580 1.568948 11 987.708496 253.437556 34.077571 1.510288 7 1046.327385 224.785411 14.402105 1.798814 7 1567.181986 492.843202 15.456852 0.857113 12 904.548541 273.863621 30.209705 1.244068 16 1202.742680 285.219483 17.335548 1.582227 1 1786.897977 269.874814 31.703950 1.472452 10 1210.235519 278.061428 12.356223 1.073363 21 1460.853707 391.760787 33.272441 0.962886 11 1332.174426 220.010566 17.475966 1.880799 15 979.944177 313.021082 38.942585 1.288842 14 1508.728013 406.131474 20.811218 1.273980 20 1358.579005 403.287864 9.891172 1.556761 22 894.519018 379.693747 25.307745 1.519567 13 1366.516998 458.008931 23.540710 0.648944 22 1724.108771 399.587729 23.827207 1.906081 4 1629.822954 431.861595 30.432563 1.979105 16 1256.810136 475.365682 14.537355 1.521289 1 1438.291496 369.514629 28.592752 1.722358 20 1504.478253 288.373904 16.412050 1.902863 8 1591.388225 494.459454 14.234625 1.415388 2 978.598777 218.391479 27.767069 1.646289 7 1231.667360 388.939219 33.196364 0.773681 2 885.130054 393.365496 30.192031 1.639292 6 1260.641554 244.460088 14.500773 1.954094 10 1741.752936 379.183659 37.732258 1.429016 20 1678.612392 481.283604 21.125607 1.189361 9 1100.413916 222.534395 14.732023 1.934192 15 1544.250296 307.679566 15.584790 1.605450 4 888.173186 259.203533 22.032263 0.866787
