5
1563.31
0.01 1 0.1 2 0.005 0.1
12 26.233915 121.752045 0.975279 28.037579 179.025259 99.821225 118.807713 30.024290 264.747103 200.328753 143.995949 159.612353 53.725184 175.684753 224.936406 55.113354 42.384649 151.825837 39.731290 122.519051 80.118906 13.761941 101.899805 244.878381
600 138.875506 171.259768 644 57.455414 45.665389 406 184.613277 294.083889 193 99.153030 9.842540 307 154.218828 43.764604 380 16.996747 218.158079 242 201.306091 49.695338 90 51.804800 221.071915 103 203.318832 132.304095 225 263.521152 213.830334 153 182.977144 144.651657 50 122.219376 157.905477 239 85.056962 160.587580 74 246.468605 154.079022 133 286.772420 137.119897 282 80.922640 288.157498 227 49.175940 282.632320 225 109.165670 217.749489 226 254.943527 252.791603 88 63.708896 82.809242 322 27.474385 202.252672 248 66.775352 147.041206 268 145.440207 71.134268 139 11.109895 285.930118 428 183.171898 232.666463 349 170.027010 228.353278 175 12.585358 12.041877 271 283.941191 183.230262 174 31.908465 213.338659 60 114.905635 75.274683 61 64.346613 141.278859 334 193.475568 143.635833 74 149.686938 158.076370 202 62.148295 172.221451 207 50.950070 163.905246 298 99.474268 30.631803 294 284.615997 51.913196 128 51.249118 257.734052 299 105.890066 75.248469 172 290.897652 262.927947 335 125.171529 24.309290 204 59.240230 278.628766 223 10.992719 155.931976 219 235.443926 135.249988 152 98.259814 143.053609 121 216.237070 137.184357 225 124.198594 44.785420 143 211.300594 222.720358 59 95.935353 82.190155 126 81.955496 222.747780 221 216.897223 279.001901 309 110.529403 195.550480 152 79.441459 150.705186 133 87.521798 282.587255 146 39.056565 139.157896 326 47.452891 92.740774 200 100.536229 58.043301 415 165.010690 80.083056 79 88.710911 120.096778 176 253.499926 1.858526 354 62.403283 226.649913 164 101.631562 31.456446 85 106.961327 183.121798 83 257.073614 262.620638 180 151.679986 195.016627 174 210.558935 2.348861 133 17.688692 95.147171 138 48.028481 145.423396 197 19.631503 138.047341 95 57.203952 153.770650 204 121.144403 82.833477 60 154.431191 247.057232 261 94.876337 7.648849 121 244.496391 209.274630 157 94.173852 253.629229 76 182.036477 278.860606 70 18.878734 8.746660 213 3.394039 241.734198 120 10.960158 130.474625 224 22.612322 24.424579 167 118.472312 168.708064 340 133.640469 218.694540 357 124.030524 297.076927 100 269.872934 266.866378 374 55.314354 234.847291 178 144.722445 133.675509 91 293.589638 240.415450 197 128.470663 276.243664 63 230.593255 7.977780 80 226.605934 237.172937 157 90.451765 39.975592 89 299.386468 89.959820 159 155.922119 45.696919 114 51.524245 102.803046 239 118.231565 157.732971 87 174.388449 129.672218 141 173.446369 272.285591 271 64.775546 229.906619 269 131.671211 210.760681 408 50.915868 95.834548 257 180.208234 162.750897 233 166.357636 154.973399 496 245.991804 13.536336 253 130.895062 149.812508 148 2.755698 1.836489 234 231.825103 0.956812 214 201.606646 170.033392 402 141.507390 90.533745 518 88.564568 97.251186 140 83.038628 270.122485 78 180.224742 243.590965 164 283.975254 17.199694 179 157.673660 98.288037 197 0.935760 132.079603 212 284.282922 40.243835 161 116.050683 214.731144 321 75.232991 194.772491 320 158.141398 290.228141 338 134.149050 170.489768 221 80.950847 106.976010 67 162.073378 193.993604 140 247.926774 209.574759 232 108.156216 61.372664 466 49.536674 251.003232 196 5.620864 91.900177 366 145.390061 39.167649 427 202.059166 55.424971 62 245.937134 110.842127 142 8.734059 90.158678 152 216.277206 126.529760 133 151.864625 120.089865 211 120.642773 36.599585 119 93.129214 63.560237 94 79.240441 52.149305 199 220.995423 169.035012 66 71.294029 13.982973 264 4.051673 64.473000 181 39.955188 14.593406 64 114.022840 45.892929 167 255.216317 96.876436 300 1.918061 202.077312 195 167.474737 125.312076 106 30.749872 31.818918 432 145.251490 200.445268 158 273.636191 213.239600 427 33.489219 198.979437 145 148.336822 89.569797 129 145.291148 252.981192 351 37.796159 208.711903 209 233.834474 208.076357 415 101.113485 204.423312 356 151.998508 216.278876 148 298.176221 203.536108 444 259.437117 73.529548 105 7.769191 43.578738 69 292.447383 102.427305 253 52.955494 248.756671 435 32.945384 102.273972 102 25.711340 171.687954 393 44.651992 101.373378 479 244.799639 245.437942 153 174.662664 151.513401 74 55.728810 24.282364 288 159.334092 143.515663 357 249.469911 21.963656 79 38.801435 182.127736 138 55.002142 281.558349 156 138.701963 21.934603 586 258.717631 226.465854 204 54.963688 255.077957 223 71.674408 159.363631 272 144.852579 206.330113 104 286.633391 267.468461 234 45.989058 48.075352 133 69.466208 2.306880 305 232.827686 164.016486 218 0.769989 201.901867 466 267.765145 295.099900 161 52.659598 30.114327 191 102.593676 21.203087 292 153.887331 182.890602 291 2.500858 60.972565 183 225.606824 258.782216 152 120.683546 22.915828 197 241.898462 126.994025 344 76.324660 15.454637 209 10.608616 131.837258 192 24.323922 201.018897 143 115.218287 20.404624 299 265.155546 277.813990 284 17.082800 255.659773 196 176.222252 80.360903 92 116.689238 240.875760 187 280.757125 141.602966 337 169.012577 65.769209 201 16.249017 118.232991 367 19.340361 148.368293 50 61.779361 254.856088 236 29.504955 236.855923 215 128.307381 36.092690 165 276.712183 277.314817 112 112.635417 87.225170 632 250.881320 162.921799 117 45.764188 129.982317 133 270.086393 1.109910 192 252.752900 298.913057 50 220.418255 107.324804 159 109.132695 156.048268 431 66.775814 153.558547 280 49.665761 203.308960 106 60.202382 155.102420 326 249.263453 17.508256 229 47.876361 1.886123 206 163.563277 23.262252 599 299.871114 233.513855 84 230.902659 290.515669 212 215.241762 254.269700 217 108.599985 143.237447 134 46.226007 64.439102 159 191.469024 59.979093 323 64.796251 245.515760 105 90.814501 271.684096 238 59.526152 222.981542 96 53.772042 110.781715 500 79.080919 171.947927 182 30.400131 12.095037 143 76.142117 282.751655 98 124.791794 232.444981 146 175.651630 144.749715 232 199.062183 214.576414 102 50.044930 44.499644 277 78.869345 153.257573 297 195.018551 10.132282 258 47.942927 50.388594 111 29.030687 113.565924 965 219.346164 256.166973 106 80.957389 85.758130 429 71.037798 269.128804 126 183.087901 217.489714 166 281.097235 249.393426 113 285.338152 206.185986 397 164.829336 174.625303 60 283.043552 47.302992 306 268.391754 5.694810 62 74.909398 228.569301 277 102.063322 84.710018 75 10.405463 78.150652 502 80.870213 65.867307 279 172.370117 69.330519 233 91.301705 180.978256 207 111.333626 169.674105 165 288.087491 2.333447 195 30.175951 232.658155 239 252.083681 110.269666 389 54.472220 230.745288 217 243.787925 264.850027 237 288.062912 136.968003 210 137.151866 142.191041 50 105.382688 22.506370 316 289.575069 168.487713 98 285.896990 139.763066 286 163.934207 261.007582 211 16.587497 194.913086 105 277.771054 175.925724 126 260.515528 46.637867 90 153.003591 212.460251 421 19.350104 28.421191 93 227.858177 253.157596 519 75.311593 163.215829 167 215.215113 228.852993 95 102.086373 140.599429 102 85.267078 127.820468 118 210.354144 56.304444 181 228.868226 135.487265 185 0.150325 283.939612 169 298.828443 123.456708 221 86.458918 26.832047 78 223.703785 130.376792 181 201.463308 284.226530 134 196.212909 16.919290 111 123.855059 97.768650 241 197.862135 16.090323 125 203.259871 71.224833 84 64.091435 15.174272 329 245.584136 211.863706 53 35.379564 16.308759 283 110.935722 26.200323 100 208.997791 71.145059 208 239.131591 4.810645 103 132.933344 94.210446 190 226.408901 158.049133 209 63.128525 113.382235 246 124.664360 43.773833 267 203.996001 91.091876 186 55.112049 62.747449 160 189.686014 108.646306 177 261.163419 121.882648 93 106.308671 147.474317 131 197.246549 295.441544 642 168.155317 135.673365 279 11.748208 114.459661 123 290.768722 105.878090 142 291.731722 201.625625 68 294.598805 93.850141 204 262.749541 234.769430 167 229.590612 42.602598 87 245.538753 248.812414 118 206.516141 93.693305 420 154.263777 219.981886 85 96.187821 294.518204 182 225.455725 209.737148 160 225.441715 46.052409 460 5.419966 70.143491 431 254.620082 116.752408 145 214.799677 57.931248 390 142.139539 123.063374 53 46.162834 218.040688 161 31.960948 175.697719 252 24.933759 86.843065 267 81.035321 195.796095 96 214.569761 108.217969 98 46.684876 239.958045 122 113.446109 182.047042 61 38.699299 13.873205 50 215.248922 278.641317 95 214.029866 267.310601 462 231.133600 38.675491 126 82.343223 118.072995 110 57.085257 189.320821 302 93.088004 217.812316 277 54.527524 30.430695 216 88.997752 290.530956 352 132.470084 164.139679 57 20.697108 92.906245 142 75.654610 199.082528 353 179.008683 177.438850 154 234.895486 97.865578 135 98.568001 288.112207 207 137.143050 62.691194 228 136.378624 63.254230 304 235.569337 266.559936 153 165.595979 94.958531 181 299.964171 168.033582 130 285.096069 239.862057 87 67.710234 20.262578 286 134.932620 206.047099 125 197.994401 171.366273 111 241.367999 115.078421 118 78.708913 219.124437 348 231.208216 90.730800 234 186.661587 128.498921 150 186.431431 296.465245 148 44.903028 28.578740 555 81.834300 246.343569 530 12.922997 43.674158 170 197.442381 182.182835 185 236.194465 3.464837 199 138.403186 100.638166 117 220.592615 1.467665 379 174.370458 37.772626 247 233.955839 17.623443 314 288.589578 152.859897 187 216.146663 0.122665 182 127.501623 110.535591 1190 88.591739 154.527290 202 281.187764 43.152042 81 31.742176 129.055453 221 73.018936 259.096934 140 260.520433 125.340901 261 195.024695 3.674732 95 142.651846 214.100536 348 238.718301 2.564092 142 30.977581 81.491102 95 230.668474 238.779991 235 184.103673 199.492376 691 169.173040 201.036614 185 134.710022 119.119915 50 233.127959 149.299518 355 25.316855 161.983595 211 110.941017 96.096969 324 84.216404 8.739800 114 26.397416 151.870309 189 275.811033 100.162178 84 42.808538 0.198386 250 24.916718 8.591990 168 188.599705 259.911665 116 39.949925 141.588553 710 191.453808 18.257353 102 120.446262 158.451579 195 148.481435 85.900706 174 162.676576 7.751206 577 68.969398 150.015548 82 108.739206 201.942582 72 234.340458 103.003687 71 281.586923 88.979841 198 19.345685 72.292153 367 16.747640 1.203539 84 10.056135 164.916820 97 116.254155 253.655194 71 222.245630 82.134584 370 81.223356 96.080336 122 98.052741 153.206718 93 172.136129 263.358940 85 92.986863 184.217642 415 168.630978 270.616765 137 247.289878 190.293887 203 128.921687 66.780320 106 21.035085 7.549950 146 187.340430 135.602975 50 2.284057 10.485333 133 197.615125 20.511430 127 192.652271 87.103010 306 80.644849 125.712579 100 277.996420 290.375640 467 204.070699 137.889225 123 169.413229 53.481816 528 277.204717 2.522955 87 250.155864 172.582804 50 271.684135 275.281548 226 192.108407 278.560286 220 93.628990 49.922743 257 295.497130 77.057660 131 79.777743 131.610114 700 231.918976 293.736461 148 268.632771 127.176203 157 88.778462 4.624806 67 83.903810 148.137009 92 156.973876 144.323926 526 247.115100 53.607924 235 231.393765 50.367077 63 109.238885 293.326018 348 71.469729 270.367760 143 185.731835 168.325103 378 289.647904 285.752567 307 197.336670 57.715421 289 277.715215 83.039132 148 143.855359 97.291989 248 233.971753 238.388086 108 32.676051 59.318722 134 157.426548 26.873878 96 239.255889 285.366512 346 16.759127 264.536145 158 180.294420 293.546794 179 290.717087 249.024917 182 217.116808 168.902192 221 92.194324 128.431126 185 147.762452 239.099699 266 156.387979 277.449345 137 204.544686 213.773039 66 68.667943 260.474480 210 64.251571 222.853036 139 31.047415 266.765122 196 85.544143 145.340578 360 279.164496 257.684254 185 34.720939 19.455197 715 223.431216 296.202525 292 160.506741 182.734305 406 1.068778 295.555675 54 248.340302 214.086998 146 2.581054 118.517795 115 70.431487 9.864165 392 49.859238 168.148544 316 93.627528 268.255756 186 138.585260 213.148613 236 74.910087 91.036550 272 280.826299 36.331988 286 131.717398 172.803132 209 98.883176 120.414052 479 188.481229 28.563467 170 238.196266 170.054282 156 136.862263 51.655293 96 149.483444 226.173237 153 209.067122 153.449603 80 199.729641 87.829535 192 167.148689 118.870534 214 186.184046 282.810184 91 83.867356 140.570285 250 79.520297 78.103100 73 264.897936 225.624947 220 118.782617 131.970062 145 152.136527 208.212692 200 241.483776 166.060251 284 177.065517 13.392553 161 254.456862 221.823688 99 99.826291 53.184132 83 14.663870 52.235789 219 3.501893 133.012568 454 20.357392 147.418825 221 115.095559 146.490670 190 114.677993 162.810055 246 165.537439 147.532595 306 158.297721 233.031231 253 33.550998 43.035030 202 135.361697 223.151686 94 57.599647 28.685978 273 35.938657 0.876830 136 271.978113 231.979161 368 35.445312 252.136089 946 178.949115 7.063083 68 87.097782 159.478788 404 242.167451 86.860489 415 74.336635 285.084120 321 261.886324 123.481458 125 228.516704 47.304444 298 67.025365 177.846815 74 130.527883 125.290599 124 227.574863 252.501056 664 162.923520 22.994640 210 196.801515 70.654994 228 269.198711 129.364540 222 52.844778 172.136979 148 7.675622 65.276016 111 261.632936 62.404210 402 117.034825 266.680581 102 79.628024 294.219693 100 292.555762 235.989520 166 205.145272 180.231585 165 158.372459 256.372909 211 134.830457 228.295739 223 172.211575 219.961921 332 68.774446 118.682356 273 152.686960 286.900129 106 172.461433 85.374514 80 239.423392 63.669352 76 115.104648 107.241777 240 228.412904 295.710739 239 166.126776 75.593865 216 287.482105 87.916989 58 136.799308 63.502166 335 240.698327 220.714264 309 216.970177 68.584329 292 21.284541 134.577894 537 77.019510 291.629486 121 42.331796 288.628308 161 55.557620 201.788787 50 227.311434 76.463737 81 64.661177 55.964093 554 52.518665 128.503907 97 21.175329 46.368183 131 290.158990 258.931445 166 16.855696 142.057211 144 216.394359 267.138651 97 232.537095 47.737849 333 142.838548 114.914609 100 217.651282 264.081984 109 201.414844 11.011859 109 287.021994 221.320862 367 119.868788 221.328649 172 115.176822 288.818252 331 199.866236 54.264603 195 84.693922 169.380569 91 181.388423 248.022626 92 177.897692 220.609030 173 89.082376 26.893229 201 100.918567 291.301424 252 59.615732 112.524709 193 217.065649 107.247251 250 129.736114 162.544524 145 17.244803 206.667646 129 95.941924 261.742926 209 93.869325 162.365320 74 84.553763 124.402950 505 34.759298 79.272814 88 29.572735 35.218999 80 43.611956 102.001165 82 225.299612 65.264698 250 120.781457 205.468502 228 84.895015 251.702087 102 283.033631 7.233649 126 293.273749 262.575346 101 14.103705 232.451714 171 60.608088 288.513278 50 31.199716 105.995355 146 89.288664 154.635727 163 49.502680 25.779350 84 95.154384 7.464518 243 59.065952 204.223868 270 42.043242 203.865427 366 189.408525 58.206921 252 71.333619 29.972806 378 45.310187 167.740225 689 116.640651 188.672995 234 183.689255 245.827324 324 6.734928 32.771537 134 59.718427 238.275848 255 37.409451 62.139049 184 279.514688 277.628476 246 10.833674 282.970254 240 204.201109 125.672362 168 282.373687 254.288936 214 251.597275 30.874203 168 167.603943 149.670308 291 35.336466 193.665004 147 34.977462 98.784086 135 12.968668 236.451869 176 286.915918 10.112455 219 116.649188 173.698561 87 227.464684 241.531036 321 210.183512 275.376380 192 83.728806 289.958938 132
28 7 906.337488 235.000616 25.270207 1.536810 11 987.811567 252.819500 35.037573 0.893479 11 860.762426 243.041926 35.246536 0.811255 10 1169.584978 200.898398 31.059650 0.800466 1 927.747984 134.855789 24.406985 1.203864 1 917.856997 139.351462 38.978426 0.670722 5 1352.270591 159.589769 8.509890 1.834311 7 1085.209015 191.047620 30.906548 0.862178 8 1608.839406 198.570863 30.988402 1.216142 4 1267.577049 147.542204 13.546723 0.820588 8 953.720781 266.978020 25.047203 1.376182 10 1125.386257 169.939641 28.912802 1.827022 8 1227.456026 155.416171 31.604434 1.965607 7 1363.921966 273.762644 23.246336 0.948306 12 1542.225999 142.938343 19.481010 1.290736 1 902.219628 163.912612 36.125840 1.581548 7 1654.843196 254.076576 23.901586 1.073679 12 1572.707334 190.057776 19.634316 1.999038 1 899.583609 172.293723 14.700381 1.787603 1 995.950991 230.950889 29.564206 1.561627 10 1588.008392 249.921352 21.451347 0.930409 11 1461.011517 242.087046 19.098923 1.420158 1 1749.047571 125.000483 14.838702 1.737326 9 906.648254 208.501033 38.452685 1.615272 7 1041.171042 182.099178 31.857673 0.947154 6 1315.646308 148.476285 16.155483 0.927527 1 810.926845 150.307310 18.092011 1.768858 3 1322.286252 250.337706 8.532934 1.350865
5
1563.31
0.01 1 0.1 2 0.005 0.1
12 26.233915 121.752045 0.975279 28.037579 179.025259 99.821225 118.807713 30.024290 264.747103 200.328753 143.995949 159.612353 53.725184 175.684753 224.936406 55.113354 42.384649 151.825837 39.731290 122.519051 80.118906 13.761941 101.899805 244.878381
600 138.875506 171.259768 644 57.455414 45.665389 406 184.613277 294.083889 193 99.153030 9.842540 307 154.218828 43.764604 380 16.996747 218.158079 242 201.306091 49.695338 90 51.804800 221.071915 103 203.318832 132.304095 225 263.521152 213.830334 153 182.977144 144.651657 50 122.219376 157.905477 239 85.056962 160.587580 74 246.468605 154.079022 133 286.772420 137.119897 282 80.922640 288.157498 227 49.175940 282.632320 225 109.165670 217.749489 226 254.943527 252.791603 88 63.708896 82.809242 322 27.474385 202.252672 248 66.775352 147.041206 268 145.440207 71.134268 139 11.109895 285.930118 428 183.171898 232.666463 349 170.027010 228.353278 175 12.585358 12.041877 271 283.941191 183.230262 174 31.908465 213.338659 60 114.905635 75.274683 61 64.346613 141.278859 334 193.475568 143.635833 74 149.686938 158.076370 202 62.148295 172.221451 207 50.950070 163.905246 298 99.474268 30.631803 294 284.615997 51.913196 128 51.249118 257.734052 299 105.890066 75.248469 172 290.897652 262.927947 335 125.171529 24.309290 204 59.240230 278.628766 223 10.992719 155.931976 219 235.443926 135.249988 152 98.259814 143.053609 121 216.237070 137.184357 225 124.198594 44.785420 143 211.300594 222.720358 59 95.935353 82.190155 126 81.955496 222.747780 221 216.897223 279.001901 309 110.529403 195.550480 152 79.441459 150.705186 133 87.521798 282.587255 146 39.056565 139.157896 326 47.452891 92.740774 200 100.536229 58.043301 415 165.010690 80.083056 79 88.710911 120.096778 176 253.499926 1.858526 354 62.403283 226.649913 164 101.631562 31.456446 85 106.961327 183.121798 83 257.073614 262.620638 180 151.679986 195.016627 174 210.558935 2.348861 133 17.688692 95.147171 138 48.028481 145.423396 197 19.631503 138.047341 95 57.203952 153.770650 204 121.144403 82.833477 60 154.431191 247.057232 261 94.876337 7.648849 121 244.496391 209.274630 157 94.173852 253.629229 76 182.036477 278.860606 70 18.878734 8.746660 213 3.394039 241.734198 120 10.960158 130.474625 224 22.612322 24.424579 167 118.472312 168.708064 340 133.640469 218.694540 357 124.030524 297.076927 100 269.872934 266.866378 374 55.314354 234.847291 178 144.722445 133.675509 91 293.589638 240.415450 197 128.470663 276.243664 63 230.593255 7.977780 80 226.605934 237.172937 157 90.451765 39.975592 89 299.386468 89.959820 159 155.922119 45.696919 114 51.524245 102.803046 239 118.231565 157.732971 87 174.388449 129.672218 141 173.446369 272.285591 271 64.775546 229.906619 269 131.671211 210.760681 408 50.915868 95.834548 257 180.208234 162.750897 233 166.357636 154.973399 496 245.991804 13.536336 253 130.895062 149.812508 148 2.755698 1.836489 234 231.825103 0.956812 214 201.606646 170.033392 402 141.507390 90.533745 518 88.564568 97.251186 140 83.038628 270.122485 78 180.224742 243.590965 164 283.975254 17.199694 179 157.673660 98.288037 197 0.935760 132.079603 212 284.282922 40.243835 161 116.050683 214.731144 321 75.232991 194.772491 320 158.141398 290.228141 338 134.149050 170.489768 221 80.950847 106.976010 67 162.073378 193.993604 140 247.926774 209.574759 232 108.156216 61.372664 466 49.536674 251.003232 196 5.620864 91.900177 366 145.390061 39.167649 427 202.059166 55.424971 62 245.937134 110.842127 142 8.734059 90.158678 152 216.277206 126.529760 133 151.864625 120.089865 211 120.642773 36.599585 119 93.129214 63.560237 94 79.240441 52.149305 199 220.995423 169.035012 66 71.294029 13.982973 264 4.051673 64.473000 181 39.955188 14.593406 64 114.022840 45.892929 167 255.216317 96.876436 300 1.918061 202.077312 195 167.474737 125.312076 106 30.749872 31.818918 432 145.251490 200.445268 158 273.636191 213.239600 427 33.489219 198.979437 145 148.336822 89.569797 129 145.291148 252.981192 351 37.796159 208.711903 209 233.834474 208.076357 415 101.113485 204.423312 356 151.998508 216.278876 148 298.176221 203.536108 444 259.437117 73.529548 105 7.769191 43.578738 69 292.447383 102.427305 253 52.955494 248.756671 435 32.945384 102.273972 102 25.711340 171.687954 393 44.651992 101.373378 479 244.799639 245.437942 153 174.662664 151.513401 74 55.728810 24.282364 288 159.334092 143.515663 357 249.469911 21.963656 79 38.801435 182.127736 138 55.002142 281.558349 156 138.701963 21.934603 586 258.717631 226.465854 204 54.963688 255.077957 223 71.674408 159.363631 272 144.852579 206.330113 104 286.633391 267.468461 234 45.989058 48.075352 133 69.466208 2.306880 305 232.827686 164.016486 218 0.769989 201.901867 466 267.765145 295.099900 161 52.659598 30.114327 191 102.593676 21.203087 292 153.887331 182.890602 291 2.500858 60.972565 183 225.606824 258.782216 152 120.683546 22.915828 197 241.898462 126.994025 344 76.324660 15.454637 209 10.608616 131.837258 192 24.323922 201.018897 143 115.218287 20.404624 299 265.155546 277.813990 284 17.082800 255.659773 196 176.222252 80.360903 92 116.689238 240.875760 187 280.757125 141.602966 337 169.012577 65.769209 201 16.249017 118.232991 367 19.340361 148.368293 50 61.779361 254.856088 236 29.504955 236.855923 215 128.307381 36.092690 165 276.712183 277.314817 112 112.635417 87.225170 632 250.881320 162.921799 117 45.764188 129.982317 133 270.086393 1.109910 192 252.752900 298.913057 50 220.418255 107.324804 159 109.132695 156.048268 431 66.775814 153.558547 280 49.665761 203.308960 106 60.202382 155.102420 326 249.263453 17.508256 229 47.876361 1.886123 206 163.563277 23.262252 599 299.871114 233.513855 84 230.902659 290.515669 212 215.241762 254.269700 217 108.599985 143.237447 134 46.226007 64.439102 159 191.469024 59.979093 323 64.796251 245.515760 105 90.814501 271.684096 238 59.526152 222.981542 96 53.772042 110.781715 500 79.080919 171.947927 182 30.400131 12.095037 143 76.142117 282.751655 98 124.791794 232.444981 146 175.651630 144.749715 232 199.062183 214.576414 102 50.044930 44.499644 277 78.869345 153.257573 297 195.018551 10.132282 258 47.942927 50.388594 111 29.030687 113.565924 965 219.346164 256.166973 106 80.957389 85.758130 429 71.037798 269.128804 126 183.087901 217.489714 166 281.097235 249.393426 113 285.338152 206.185986 397 164.829336 174.625303 60 283.043552 47.302992 306 268.391754 5.694810 62 74.909398 228.569301 277 102.063322 84.710018 75 10.405463 78.150652 502 80.870213 65.867307 279 172.370117 69.330519 233 91.301705 180.978256 207 111.333626 169.674105 165 288.087491 2.333447 195 30.175951 232.658155 239 252.083681 110.269666 389 54.472220 230.745288 217 243.787925 264.850027 237 288.062912 136.968003 210 137.151866 142.191041 50 105.382688 22.506370 316 289.575069 168.487713 98 285.896990 139.763066 286 163.934207 261.007582 211 16.587497 194.913086 105 277.771054 175.925724 126 260.515528 46.637867 90 153.003591 212.460251 421 19.350104 28.421191 93 227.858177 253.157596 519 75.311593 163.215829 167 215.215113 228.852993 95 102.086373 140.599429 102 85.267078 127.820468 118 210.354144 56.304444 181 228.868226 135.487265 185 0.150325 283.939612 169 298.828443 123.456708 221 86.458918 26.832047 78 223.703785 130.376792 181 201.463308 284.226530 134 196.212909 16.919290 111 123.855059 97.768650 241 197.862135 16.090323 125 203.259871 71.224833 84 64.091435 15.174272 329 245.584136 211.863706 53 35.379564 16.308759 283 110.935722 26.200323 100 208.997791 71.145059 208 239.131591 4.810645 103 132.933344 94.210446 190 226.408901 158.049133 209 63.128525 113.382235 246 124.664360 43.773833 267 203.996001 91.091876 186 55.112049 62.747449 160 189.686014 108.646306 177 261.163419 121.882648 93 106.308671 147.474317 131 197.246549 295.441544 642 168.155317 135.673365 279 11.748208 114.459661 123 290.768722 105.878090 142 291.731722 201.625625 68 294.598805 93.850141 204 262.749541 234.769430 167 229.590612 42.602598 87 245.538753 248.812414 118 206.516141 93.693305 420 154.263777 219.981886 85 96.187821 294.518204 182 225.455725 209.737148 160 225.441715 46.052409 460 5.419966 70.143491 431 254.620082 116.752408 145 214.799677 57.931248 390 142.139539 123.063374 53 46.162834 218.040688 161 31.960948 175.697719 252 24.933759 86.843065 267 81.035321 195.796095 96 214.569761 108.217969 98 46.684876 239.958045 122 113.446109 182.047042 61 38.699299 13.873205 50 215.248922 278.641317 95 214.029866 267.310601 462 231.133600 38.675491 126 82.343223 118.072995 110 57.085257 189.320821 302 93.088004 217.812316 277 54.527524 30.430695 216 88.997752 290.530956 352 132.470084 164.139679 57 20.697108 92.906245 142 75.654610 199.082528 353 179.008683 177.438850 154 234.895486 97.865578 135 98.568001 288.112207 207 137.143050 62.691194 228 136.378624 63.254230 304 235.569337 266.559936 153 165.595979 94.958531 181 299.964171 168.033582 130 285.096069 239.862057 87 67.710234 20.262578 286 134.932620 206.047099 125 197.994401 171.366273 111 241.367999 115.078421 118 78.708913 219.124437 348 231.208216 90.730800 234 186.661587 128.498921 150 186.431431 296.465245 148 44.903028 28.578740 555 81.834300 246.343569 530 12.922997 43.674158 170 197.442381 182.182835 185 236.194465 3.464837 199 138.403186 100.638166 117 220.592615 1.467665 379 174.370458 37.772626 247 233.955839 17.623443 314 288.589578 152.859897 187 216.146663 0.122665 182 127.501623 110.535591 1190 88.591739 154.527290 202 281.187764 43.152042 81 31.742176 129.055453 221 73.018936 259.096934 140 260.520433 125.340901 261 195.024695 3.674732 95 142.651846 214.100536 348 238.718301 2.564092 142 30.977581 81.491102 95 230.668474 238.779991 235 184.103673 199.492376 691 169.173040 201.036614 185 134.710022 119.119915 50 233.127959 149.299518 355 25.316855 161.983595 211 110.941017 96.096969 324 84.216404 8.739800 114 26.397416 151.870309 189 275.811033 100.162178 84 42.808538 0.198386 250 24.916718 8.591990 168 188.599705 259.911665 116 39.949925 141.588553 710 191.453808 18.257353 102 120.446262 158.451579 195 148.481435 85.900706 174 162.676576 7.751206 577 68.969398 150.015548 82 108.739206 201.942582 72 234.340458 103.003687 71 281.586923 88.979841 198 19.345685 72.292153 367 16.747640 1.203539 84 10.056135 164.916820 97 116.254155 253.655194 71 222.245630 82.134584 370 81.223356 96.080336 122 98.052741 153.206718 93 172.136129 263.358940 85 92.986863 184.217642 415 168.630978 270.616765 137 247.289878 190.293887 203 128.921687 66.780320 106 21.035085 7.549950 146 187.340430 135.602975 50 2.284057 10.485333 133 197.615125 20.511430 127 192.652271 87.103010 306 80.644849 125.712579 100 277.996420 290.375640 467 204.070699 137.889225 123 169.413229 53.481816 528 277.204717 2.522955 87 250.155864 172.582804 50 271.684135 275.281548 226 192.108407 278.560286 220 93.628990 49.922743 257 295.497130 77.057660 131 79.777743 131.610114 700 231.918976 293.736461 148 268.632771 127.176203 157 88.778462 4.624806 67 83.903810 148.137009 92 156.973876 144.323926 526 247.115100 53.607924 235 231.393765 50.367077 63 109.238885 293.326018 348 71.469729 270.367760 143 185.731835 168.325103 378 289.647904 285.752567 307 197.336670 57.715421 289 277.715215 83.039132 148 143.855359 97.291989 248 233.971753 238.388086 108 32.676051 59.318722 134 157.426548 26.873878 96 239.255889 285.366512 346 16.759127 264.536145 158 180.294420 293.546794 179 290.717087 249.024917 182 217.116808 168.902192 221 92.194324 128.431126 185 147.762452 239.099699 266 156.387979 277.449345 137 204.544686 213.773039 66 68.667943 260.474480 210 64.251571 222.853036 139 31.047415 266.765122 196 85.544143 145.340578 360 279.164496 257.684254 185 34.720939 19.455197 715 223.431216 296.202525 292 160.506741 182.734305 406 1.068778 295.555675 54 248.340302 214.086998 146 2.581054 118.517795 115 70.431487 9.864165 392 49.859238 168.148544 316 93.627528 268.255756 186 138.585260 213.148613 236 74.910087 91.036550 272 280.826299 36.331988 286 131.717398 172.803132 209 98.883176 120.414052 479 188.481229 28.563467 170 238.196266 170.054282 156 136.862263 51.655293 96 149.483444 226.173237 153 209.067122 153.449603 80 199.729641 87.829535 192 167.148689 118.870534 214 186.184046 282.810184 91 83.867356 140.570285 250 79.520297 78.103100 73 264.897936 225.624947 220 118.782617 131.970062 145 152.136527 208.212692 200 241.483776 166.060251 284 177.065517 13.392553 161 254.456862 221.823688 99 99.826291 53.184132 83 14.663870 52.235789 219 3.501893 133.012568 454 20.357392 147.418825 221 115.095559 146.490670 190 114.677993 162.810055 246 165.537439 147.532595 306 158.297721 233.031231 253 33.550998 43.035030 202 135.361697 223.151686 94 57.599647 28.685978 273 35.938657 0.876830 136 271.978113 231.979161 368 35.445312 252.136089 946 178.949115 7.063083 68 87.097782 159.478788 404 242.167451 86.860489 415 74.336635 285.084120 321 261.886324 123.481458 125 228.516704 47.304444 298 67.025365 177.846815 74 130.527883 125.290599 124 227.574863 252.501056 664 162.923520 22.994640 210 196.801515 70.654994 228 269.198711 129.364540 222 52.844778 172.136979 148 7.675622 65.276016 111 261.632936 62.404210 402 117.034825 266.680581 102 79.628024 294.219693 100 292.555762 235.989520 166 205.145272 180.231585 165 158.372459 256.372909 211 134.830457 228.295739 223 172.211575 219.961921 332 68.774446 118.682356 273 152.686960 286.900129 106 172.461433 85.374514 80 239.423392 63.669352 76 115.104648 107.241777 240 228.412904 295.710739 239 166.126776 75.593865 216 287.482105 87.916989 58 136.799308 63.502166 335 240.698327 220.714264 309 216.970177 68.584329 292 21.284541 134.577894 537 77.019510 291.629486 121 42.331796 288.628308 161 55.557620 201.788787 50 227.311434 76.463737 81 64.661177 55.964093 554 52.518665 128.503907 97 21.175329 46.368183 131 290.158990 258.931445 166 16.855696 142.057211 144 216.394359 267.138651 97 232.537095 47.737849 333 142.838548 114.914609 100 217.651282 264.081984 109 201.414844 11.011859 109 287.021994 221.320862 367 119.868788 221.328649 172 115.176822 288.818252 331 199.866236 54.264603 195 84.693922 169.380569 91 181.388423 248.022626 92 177.897692 220.609030 173 89.082376 26.893229 201 100.918567 291.301424 252 59.615732 112.524709 193 217.065649 107.247251 250 129.736114 162.544524 145 17.244803 206.667646 129 95.941924 261.742926 209 93.869325 162.365320 74 84.553763 124.402950 505 34.759298 79.272814 88 29.572735 35.218999 80 43.611956 102.001165 82 225.299612 65.264698 250 120.781457 205.468502 228 84.895015 251.702087 102 283.033631 7.233649 126 293.273749 262.575346 101 14.103705 232.451714 171 60.608088 288.513278 50 31.199716 105.995355 146 89.288664 154.635727 163 49.502680 25.779350 84 95.154384 7.464518 243 59.065952 204.223868 270 42.043242 203.865427 366 189.408525 58.206921 252 71.333619 29.972806 378 45.310187 167.740225 689 116.640651 188.672995 234 183.689255 245.827324 324 6.734928 32.771537 134 59.718427 238.275848 255 37.409451 62.139049 184 279.514688 277.628476 246 10.833674 282.970254 240 204.201109 125.672362 168 282.373687 254.288936 214 251.597275 30.874203 168 167.603943 149.670308 291 35.336466 193.665004 147 34.977462 98.784086 135 12.968668 236.451869 176 286.915918 10.112455 219 116.649188 173.698561 87 227.464684 241.531036 321 210.183512 275.376380 192 83.728806 289.958938 132
28 7 906.337488 235.000616 25.270207 1.536810 11 987.811567 252.819500 35.037573 0.893479 11 860.762426 243.041926 35.246536 0.811255 10 1169.584978 200.898398 31.059650 0.800466 1 927.747984 134.855789 24.406985 1.203864 1 917.856997 139.351462 38.978426 0.670722 5 1352.270591 159.589769 8.509890 1.834311 7 1085.209015 191.047620 30.906548 0.862178 8 1608.839406 198.570863 30.988402 1.216142 4 1267.577049 147.542204 13.546723 0.820588 8 953.720781 266.978020 25.047203 1.376182 10 1125.386257 169.939641 28.912802 1.827022 8 1227.456026 155.416171 31.604434 1.965607 7 1363.921966 273.762644 23.246336 0.948306 12 1542.225999 142.938343 19.481010 1.290736 1 902.219628 163.912612 36.125840 1.581548 7 1654.843196 254.076576 23.901586 1.073679 12 1572.707334 190.057776 19.634316 1.999038 1 899.583609 172.293723 14.700381 1.787603 1 995.950991 230.950889 29.564206 1.561627 10 1588.008392 249.921352 21.451347 0.930409 11 1461.011517 242.087046 19.098923 1.420158 1 1749.047571 125.000483 14.838702 1.737326 9 906.648254 208.501033 38.452685 1.615272 7 1041.171042 182.099178 31.857673 0.947154 6 1315.646308 148.476285 16.155483 0.927527 1 810.926845 150.307310 18.092011 1.768858 3 1322.286252 250.337706 8.532934 1.350865
