2 2
0 967 563 2 9 0 815 415 8 0 152 148
0 1494 84 1 1 0 1494 84
-1
1 6
7740 51 277 2 8 5302 51 241 9 2438 0 36
2081 1001 289 1 6 2081 1001 289
349 1594 19 2 1 0 0 2 7 349 1594 17
286 1541 432 2 1 0 107 0 4 286 1434 432
447 1560 35 1 3 447 1560 35
0 683 0 1 10 0 683 0
-1
3 4
1589 0 265 2 10 585 0 15 2 1004 0 250
2049 447 73 1 4 2049 447 73
1656 441 814 2 8 0 441 114 10 1656 0 700
3511 0 1 2 10 3511 0 0 5 0 0 1
-1
4 3
607 959 362 2 3 107 944 19 3 500 15 343
2849 2142 560 3 7 2830 32 394 5 19 1651 125 1 0 459 41
1876 2833 317 2 8 0 561 220 5 1876 2272 97
-1
5 6
154 3132 473 2 1 0 1 88 2 154 3131 385
0 2573 333 2 7 0 2438 304 1 0 135 29
168 1626 165 2 6 163 121 85 9 5 1505 80
0 1317 108 2 9 0 655 71 4 0 662 37
0 1671 117 2 7 0 164 108 2 0 1507 9
0 1859 630 1 5 0 1859 630
-1
