1 75
0 25416 2824 2 29 0 15606 1734 54 0 9810 1090
0 17523 1947 2 74 0 6192 688 131 0 11331 1259
0 17163 1907 2 86 0 12501 1389 119 0 4662 518
0 21420 2380 2 108 0 14976 1664 47 0 6444 716
0 16407 1823 2 169 0 9819 1091 66 0 6588 732
0 26406 2934 2 4 0 14022 1558 100 0 12384 1376
0 25605 2845 2 159 0 10548 1172 2 0 15057 1673
0 18018 2002 2 142 0 13194 1466 185 0 4824 536
0 19971 2219 2 140 0 10692 1188 157 0 9279 1031
0 23841 2649 2 37 0 10476 1164 91 0 13365 1485
0 19917 2213 2 154 0 13365 1485 93 0 6552 728
0 15363 1707 2 139 0 9477 1053 41 0 5886 654
0 28296 3144 2 25 0 11223 1247 48 0 17073 1897
0 28152 3128 2 156 0 16119 1791 45 0 12033 1337
0 19287 2143 2 149 0 10890 1210 144 0 8397 933
0 19188 2132 2 104 0 5211 579 158 0 13977 1553
0 21762 2418 2 43 0 9684 1076 21 0 12078 1342
0 29475 3275 2 31 0 16173 1797 80 0 13302 1478
0 30816 3424 2 81 0 14481 1609 155 0 16335 1815
0 20304 2256 2 195 0 12573 1397 55 0 7731 859
0 23211 2579 2 103 0 9756 1084 127 0 13455 1495
0 27846 3094 2 116 0 15498 1722 102 0 12348 1372
0 27477 3053 2 143 0 11664 1296 59 0 15813 1757
0 19566 2174 2 113 0 13167 1463 110 0 6399 711
0 16533 1837 2 153 0 6597 733 90 0 9936 1104
0 27549 3061 2 189 0 10440 1160 101 0 17109 1901
0 17289 1921 2 122 0 7209 801 107 0 10080 1120
0 21501 2389 2 121 0 9522 1058 115 0 11979 1331
0 29988 3332 2 190 0 16488 1832 18 0 13500 1500
0 17631 1959 2 58 0 5976 664 24 0 11655 1295
0 23697 2633 2 97 0 15660 1740 194 0 8037 893
0 22536 2504 2 49 0 9972 1108 176 0 12564 1396
0 17037 1893 2 53 0 12096 1344 39 0 4941 549
0 17496 1944 2 65 0 8658 962 26 0 8838 982
0 22401 2489 2 63 0 17784 1976 114 0 4617 513
0 26118 2902 2 8 0 17226 1914 111 0 8892 988
0 26685 2965 2 68 0 13698 1522 179 0 12987 1443
0 22230 2470 2 92 0 5445 605 129 0 16785 1865
0 22554 2506 2 64 0 10566 1174 60 0 11988 1332
0 16857 1873 2 96 0 9027 1003 117 0 7830 870
0 19179 2131 2 11 0 12753 1417 7 0 6426 714
0 19494 2166 2 61 0 14013 1557 46 0 5481 609
0 29142 3238 2 178 0 16290 1810 137 0 12852 1428
0 16470 1830 2 138 0 7137 793 16 0 9333 1037
0 21195 2355 2 168 0 15894 1766 1 0 5301 589
0 18486 2054 2 83 0 7659 851 13 0 10827 1203
0 20079 2231 2 77 0 4950 550 184 0 15129 1681
0 27261 3029 2 23 0 15228 1692 126 0 12033 1337
0 21528 2392 2 76 0 6372 708 17 0 15156 1684
0 21573 2397 2 69 0 14130 1570 135 0 7443 827
0 22149 2461 2 150 0 16056 1784 151 0 6093 677
0 28899 3211 2 84 0 11565 1285 56 0 17334 1926
0 15246 1694 2 167 0 7866 874 57 0 7380 820
0 22563 2507 2 94 0 14049 1561 191 0 8514 946
0 24111 2679 2 87 0 13752 1528 98 0 10359 1151
0 24003 2667 2 19 0 17451 1939 95 0 6552 728
0 31905 3545 2 88 0 14832 1648 109 0 17073 1897
0 20025 2225 2 163 0 11970 1330 34 0 8055 895
0 17163 1907 2 99 0 10161 1129 187 0 7002 778
0 28764 3196 2 173 0 11295 1255 82 0 17469 1941
0 27279 3031 2 183 0 14409 1601 170 0 12870 1430
0 10593 1177 2 174 0 5274 586 165 0 5319 591
0 23643 2627 2 3 0 6957 773 50 0 16686 1854
0 17631 1959 2 145 0 6048 672 152 0 11583 1287
0 24975 2775 2 147 0 9540 1060 44 0 15435 1715
0 22365 2485 2 14 0 5058 562 132 0 17307 1923
0 22995 2555 2 125 0 12114 1346 70 0 10881 1209
0 24354 2706 2 160 0 17388 1932 124 0 6966 774
0 21672 2408 2 162 0 7794 866 22 0 13878 1542
0 13212 1468 2 36 0 8568 952 62 0 4644 516
0 16533 1837 2 199 0 5589 621 71 0 10944 1216
0 25425 2825 2 128 0 11403 1267 6 0 14022 1558
0 21069 2341 2 130 0 8712 968 161 0 12357 1373
0 29988 3332 2 148 0 12834 1426 30 0 17154 1906
0 23247 2583 2 106 0 5958 662 52 0 17289 1921
-1
2 24
0 28332 3148 2 5 0 12213 1357 123 0 16119 1791
0 14967 1663 2 175 0 8757 973 136 0 6210 690
0 30339 3371 2 38 0 13041 1449 33 0 17298 1922
0 22671 2519 2 67 0 13959 1551 73 0 8712 968
0 29277 3253 2 78 0 14481 1609 141 0 14796 1644
0 21159 2351 2 164 0 6372 708 72 0 14787 1643
0 27243 3027 2 42 0 10881 1209 40 0 16362 1818
0 33552 3728 2 28 0 17514 1946 105 0 16038 1782
0 18963 2107 2 15 0 6021 669 193 0 12942 1438
0 19089 2121 2 89 0 14328 1592 197 0 4761 529
0 16749 1861 2 27 0 8280 920 196 0 8469 941
0 22320 2480 2 198 0 13959 1551 118 0 8361 929
0 28179 3131 2 182 0 10764 1196 20 0 17415 1935
0 24075 2675 2 177 0 13482 1498 200 0 10593 1177
0 34155 3795 2 120 0 17208 1912 186 0 16947 1883
0 20421 2269 2 112 0 12708 1412 35 0 7713 857
0 23733 2637 2 172 0 14310 1590 32 0 9423 1047
0 18639 2071 2 134 0 10008 1112 85 0 8631 959
0 17217 1913 2 75 0 12015 1335 10 0 5202 578
0 24885 2765 2 188 0 16164 1796 171 0 8721 969
0 24696 2744 2 146 0 17505 1945 181 0 7191 799
0 29961 3329 2 133 0 13356 1484 79 0 16605 1845
0 28962 3218 2 51 0 11988 1332 166 0 16974 1886
0 15372 1708 2 180 0 5742 638 9 0 9630 1070
-1
3 0
-1
4 0
-1
5 0
-1
6 0
-1
7 0
-1
8 0
-1
9 0
-1
10 0
-1
11 0
-1
12 0
-1
13 0
-1
14 0
-1
15 0
-1
