1 0
-1
2 0
-1
3 43
1623 1176 310 1 126 1623 1176 310
1494 1215 302 2 126 0 0 1 1046 1494 1215 301
5499 0 573 1 975 5499 0 573
0 1215 173 2 975 0 0 38 1092 0 1215 135
717 1453 241 2 807 716 1453 241 264 1 0 0
14 1668 187 1 264 14 1668 187
4178 394 508 1 1083 4178 394 508
6048 0 1 1 914 6048 0 1
622 1304 885 1 914 622 1304 885
6048 0 1 1 40 6048 0 1
1542 1023 955 1 40 1542 1023 955
6048 0 1 2 40 0 0 1 238 6048 0 0
573 1497 230 1 943 573 1497 230
52 1478 842 2 238 0 576 736 204 52 902 106
456 1533 220 1 820 456 1533 220
6048 0 1 2 820 0 0 1 268 6048 0 0
350 1387 865 1 268 350 1387 865
3192 696 431 1 15 3192 696 431
3154 707 430 2 15 0 0 1 493 3154 707 429
3894 481 486 2 550 3893 481 486 424 1 0 0
6048 0 1 1 972 6048 0 1
1894 915 983 2 972 1893 915 983 424 1 0 0
4862 185 560 1 424 4862 185 560
6048 0 1 2 424 0 0 1 887 6048 0 0
4982 148 570 1 495 4982 148 570
661 1292 889 1 887 661 1292 889
638 1477 235 2 559 0 1026 114 481 638 451 121
5450 5 606 2 1010 5449 5 606 328 1 0 0
1466 1224 298 1 328 1466 1224 298
379 1556 216 2 328 0 0 1 886 379 1556 215
2077 1098 122 2 415 0 1098 122 72 2077 0 0
4904 111 787 1 72 4904 111 787
6048 0 1 2 72 0 0 1 850 6048 0 0
1478 1042 952 1 850 1478 1042 952
3113 720 426 1 26 3113 720 426
5796 1 260 2 26 0 1 0 361 5796 0 260
4830 93 930 2 361 0 0 384 398 4830 93 546
5949 0 104 2 398 0 0 1 602 5949 0 103
0 1026 672 2 602 0 0 558 482 0 1026 114
67 1652 190 1 287 67 1652 190
6048 0 1 2 287 0 0 1 532 6048 0 0
2442 819 763 2 532 0 819 763 556 2442 0 0
6048 0 1 1 480 6048 0 1
-1
4 66
1867 5 207 1 781 1867 5 207
2082 0 1 2 781 0 0 1 329 2082 0 0
2083 0 0 1 329 2083 0 0
426 323 546 1 329 426 323 546
1076 247 146 1 657 1076 247 146
2082 0 1 2 657 0 0 1 844 2082 0 0
2083 0 0 1 844 2083 0 0
1640 0 462 1 844 1640 0 462
1908 0 183 2 844 0 0 183 243 1908 0 0
2083 0 0 1 243 2083 0 0
1318 55 596 1 243 1318 55 596
2083 0 0 1 14 2083 0 0
888 243 357 2 14 887 243 357 189 1 0 0
2083 0 0 1 189 2083 0 0
444 379 322 1 189 444 379 322
2082 0 1 2 189 0 0 1 366 2082 0 0
2083 0 0 1 366 2083 0 0
1450 10 624 1 366 1450 10 624
2082 0 1 2 366 0 0 1 811 2082 0 0
1841 0 253 1 811 1841 0 253
1904 1 183 2 811 0 1 183 1153 1904 0 0
2083 0 0 1 1153 2083 0 0
2083 0 0 1 1153 2083 0 0
1841 0 253 1 1153 1841 0 253
1483 0 626 2 1153 0 0 626 136 1483 0 0
2083 0 0 1 136 2083 0 0
2083 0 0 1 136 2083 0 0
387 291 703 1 136 387 291 703
2083 0 0 1 1064 2083 0 0
2083 0 0 1 1064 2083 0 0
2083 0 0 1 1064 2083 0 0
1392 0 721 1 1064 1392 0 721
1958 0 131 2 1064 0 0 128 58 1958 0 3
2083 0 0 1 125 2083 0 0
394 394 319 1 125 394 394 319
2083 0 0 1 58 2083 0 0
1512 0 596 1 58 1512 0 596
2066 0 18 2 58 0 0 18 1035 2066 0 0
1777 0 319 1 1035 1777 0 319
1980 0 108 2 1035 0 0 108 5 1980 0 0
1666 8 406 1 5 1666 8 406
2083 0 0 1 841 2083 0 0
2083 0 0 1 841 2083 0 0
2083 0 0 1 841 2083 0 0
1130 46 825 1 841 1130 46 825
2083 0 0 1 739 2083 0 0
2003 0 84 1 739 2003 0 84
1728 0 370 2 739 0 0 370 903 1728 0 0
1298 179 164 2 349 1297 179 164 903 1 0 0
203 463 266 2 903 202 463 266 180 1 0 0
2015 0 71 1 180 2015 0 71
1935 0 155 2 180 0 0 153 1173 1935 0 2
479 387 256 2 1173 0 387 256 251 479 0 0
2083 0 0 1 251 2083 0 0
1181 174 304 2 251 0 174 304 1193 1181 0 0
2083 0 0 1 1193 2083 0 0
1848 0 245 1 1193 1848 0 245
1770 0 327 2 1193 0 0 323 352 1770 0 4
2083 0 0 1 352 2083 0 0
2083 0 0 1 352 2083 0 0
2020 0 66 1 352 2020 0 66
1300 0 817 2 352 0 0 814 687 1300 0 3
2083 0 0 1 687 2083 0 0
1389 52 533 1 687 1389 52 533
1789 29 201 1 348 1789 29 201
2082 0 1 2 348 0 0 1 254 2082 0 0
-1
5 45
4805 982 643 1 363 4805 982 643
8100 0 802 1 367 8100 0 802
2275 1730 543 2 367 0 0 98 135 2275 1730 445
8869 0 0 1 1139 8869 0 0
7481 122 1001 2 1139 0 122 999 536 7481 0 2
360 2122 1105 2 536 0 808 919 1131 360 1314 186
1217 2115 238 2 161 0 2115 235 849 1217 0 3
3854 1238 698 1 849 3854 1238 698
8235 0 661 1 1090 8235 0 661
247 2309 538 2 1090 0 0 254 297 247 2309 284
733 2228 329 2 440 0 1548 172 168 733 680 157
1913 1867 419 1 1025 1913 1867 419
0 1467 164 2 1025 0 0 1 773 0 1467 163
2485 1692 464 2 555 2484 1692 464 852 1 0 0
6191 558 750 1 852 6191 558 750
2083 1815 433 2 56 2082 1815 433 65 1 0 0
1030 2137 352 1 65 1030 2137 352
2471 1696 464 2 208 2471 1696 463 105 0 0 1
7114 276 820 2 105 7113 276 820 703 1 0 0
2860 1577 493 1 296 2860 1577 493
2485 1692 464 2 202 2484 1692 464 703 1 0 0
108 2419 281 1 703 108 2419 281
916 2172 343 2 419 915 2172 343 680 1 0 0
2525 1754 195 2 680 0 1754 195 32 2525 0 0
5605 663 977 1 32 5605 663 977
1318 2049 374 2 379 1317 2049 374 1158 1 0 0
2850 1664 186 2 1158 0 1664 185 138 2850 0 1
0 2028 541 2 138 0 309 350 1073 0 1719 191
7256 232 833 2 581 7256 232 832 1125 0 0 1
1433 2014 382 1 1125 1433 2014 382
6698 403 788 1 711 6698 403 788
2004 1839 427 2 711 0 0 1 722 2004 1839 426
7580 133 857 2 722 0 0 1 501 7580 133 856
0 909 102 2 501 0 0 1 1066 0 909 101
5959 629 732 1 772 5959 629 732
1563 1974 393 1 1017 1563 1974 393
8595 0 286 1 159 8595 0 286
2584 1484 1121 2 159 0 0 669 982 2584 1484 452
2926 1557 498 2 893 2925 1557 498 1019 1 0 0
8765 0 108 1 1019 8765 0 108
1466 1774 1226 2 1019 0 0 866 91 1466 1774 360
629 2260 320 1 987 629 2260 320
7204 248 828 2 987 0 0 1 226 7204 248 827
7541 145 854 2 226 0 0 1 1085 7541 145 853
0 1053 118 2 1085 0 0 1 1052 0 1053 117
-1
6 38
2573 672 592 1 1007 2573 672 592
1999 909 323 2 249 1998 909 323 170 1 0 0
4265 216 497 1 170 4265 216 497
5310 0 198 2 170 0 0 1 36 5310 0 197
5123 0 393 2 36 0 0 393 1048 5123 0 0
1673 907 670 2 1048 0 907 670 1055 1673 0 0
4547 80 700 1 1055 4547 80 700
5500 0 0 1 1196 5500 0 0
1763 819 898 1 1196 1763 819 898
5500 0 0 1 141 5500 0 0
3939 269 643 2 141 0 269 641 974 3939 0 2
2622 603 793 1 974 2622 603 793
5499 0 1 2 974 0 0 1 821 5499 0 0
1544 886 881 1 821 1544 886 881
3216 537 416 1 788 3216 537 416
507 1365 209 2 788 0 0 1 505 507 1365 208
2568 735 366 1 790 2568 735 366
5499 0 1 2 790 0 0 1 842 5499 0 0
727 1136 818 2 842 0 396 655 925 727 740 163
3268 521 420 1 985 3268 521 420
5499 0 1 2 985 0 0 1 461 5499 0 0
3221 468 663 2 461 0 468 663 640 3221 0 0
1526 959 633 1 640 1526 959 633
0 1125 126 2 640 0 0 1 941 0 1125 125
4306 203 501 1 247 4306 203 501
1271 1132 266 1 589 1271 1132 266
2374 794 353 2 589 0 0 1 184 2374 794 352
5193 0 320 1 1186 5193 0 320
929 1168 490 2 1186 0 0 257 907 929 1168 233
5500 0 0 1 582 5500 0 0
2813 498 978 1 582 2813 498 978
0 1467 164 2 582 0 0 1 81 0 1467 163
378 1405 198 2 282 377 1405 198 911 1 0 0
2865 644 390 1 911 2865 644 390
52 1505 172 1 1057 52 1505 172
5499 0 1 2 1057 0 0 1 127 5499 0 0
1414 926 871 1 127 1414 926 871
5500 0 0 1 587 5500 0 0
-1
7 23
23 2619 291 2 165 0 2619 291 1174 23 0 0
1176 2265 385 1 1174 1176 2265 385
4518 1243 640 2 1174 0 1 0 181 4518 1242 640
316 2538 282 2 537 0 2538 282 543 316 0 0
5009 1093 677 1 311 5009 1093 677
0 2070 231 2 311 0 0 1 456 0 2070 230
5722 1034 150 2 543 0 1034 150 1011 5722 0 0
2350 1738 1089 2 1011 0 947 741 446 2350 791 348
7251 407 851 1 622 7251 407 851
0 1 1 2 622 0 1 0 446 0 0 1
2953 1809 201 2 804 0 1809 201 962 2953 0 0
3018 1791 199 2 881 0 1791 199 962 3018 0 0
1843 1940 879 2 962 0 1940 879 387 1843 0 0
151 2525 502 2 387 150 2525 502 17 1 0 0
5319 1115 274 2 17 0 1115 124 162 5319 0 150
0 852 767 2 162 0 0 441 254 0 852 326
5735 871 733 1 1107 5735 871 733
5930 811 749 2 1107 0 0 1 99 5930 811 748
8835 0 689 2 99 0 0 1 283 8835 0 688
2843 1678 795 2 283 0 3 294 142 2843 1675 501
1599 2136 416 2 142 0 0 1 978 1599 2136 415
6319 692 779 1 1037 6319 692 779
8703 0 826 1 179 8703 0 826
-1
8 0
-1
9 46
7168 158 814 1 908 7168 158 814
1216 1979 355 1 648 1216 1979 355
880 2082 329 2 827 879 2082 329 1109 1 0 0
7784 0 750 1 1109 7784 0 750
6045 471 839 2 1109 0 0 115 828 6045 471 724
4835 872 634 2 698 4834 872 634 1034 1 0 0
7568 36 844 1 1034 7568 36 844
3978 1134 568 2 1034 0 0 1 817 3978 1134 567
5807 574 710 2 817 0 0 1 458 5807 574 709
366 2250 250 2 1145 0 2250 250 660 366 0 0
1741 1808 434 1 660 1741 1808 434
7168 158 814 2 660 0 0 1 534 7168 158 813
4834 872 635 2 534 0 0 1 579 4834 872 634
5508 666 686 1 876 5508 666 686
425 2221 294 1 672 425 2221 294
8504 0 0 1 1144 8504 0 0
346 1995 1204 2 1144 0 388 988 433 346 1607 216
2265 1658 437 2 433 0 0 1 753 2265 1658 436
945 2062 334 2 753 0 1 0 438 945 2061 334
7884 0 646 1 235 7884 0 646
1628 1792 610 2 235 0 0 230 93 1628 1792 380
1462 1904 373 2 631 0 1557 173 447 1462 347 200
3447 1296 528 2 447 0 0 1 239 3447 1296 527
8253 0 261 2 75 0 0 1 1097 8253 0 260
3529 1097 1171 2 1097 0 0 657 232 3529 1097 514
4911 849 639 1 1115 4911 849 639
4238 1054 589 2 1115 0 0 1 960 4238 1054 588
3978 1134 568 1 269 3978 1134 568
5430 690 679 1 610 5430 690 679
840 2094 327 2 610 0 0 1 847 840 2094 326
4083 1102 576 2 926 4082 1102 576 1141 1 0 0
3224 1365 509 1 1141 3224 1365 509
4886 856 639 2 1141 0 0 1 984 4886 856 638
5276 737 668 2 1181 5275 737 668 164 1 0 0
2876 1556 173 2 164 0 1556 173 1112 2876 0 0
2653 1455 775 1 1112 2653 1455 775
3810 1185 556 2 1112 0 0 1 883 3810 1185 555
2798 1495 477 1 676 2798 1495 477
5482 674 684 1 1000 5482 674 684
2033 1729 418 2 528 0 1656 184 730 2033 73 234
8316 0 196 1 31 8316 0 196
0 972 836 2 31 0 0 728 633 0 972 108
6845 257 789 2 1188 6844 257 789 92 1 0 0
8396 0 112 1 92 8396 0 112
2489 1372 1250 2 92 0 0 821 816 2489 1372 429
5313 726 670 1 1094 5313 726 670
-1
10 43
4356 0 407 1 993 4356 0 407
4673 0 77 2 993 0 0 77 310 4673 0 0
4192 0 578 1 310 4192 0 578
4356 0 407 2 310 0 0 407 1012 4356 0 0
4563 0 191 1 1012 4563 0 191
2305 395 1100 2 1012 0 0 800 242 2305 395 300
1036 1026 114 2 193 0 1026 114 794 1036 0 0
3403 241 519 1 794 3403 241 519
4745 0 2 2 794 0 0 1 199 4745 0 1
4111 0 663 1 199 4111 0 663
0 1089 441 2 199 0 0 320 870 0 1089 121
456 1173 180 1 16 456 1173 180
4745 0 2 2 16 0 0 1 1132 4745 0 1
2619 448 579 2 1132 0 448 576 200 2619 0 3
2602 440 626 1 200 2602 440 626
4745 0 2 1 1162 4745 0 2
83 1148 661 2 1162 0 79 534 650 83 1069 127
4745 0 2 2 650 0 0 1 11 4745 0 1
668 988 636 2 11 0 988 636 805 668 0 0
1882 717 362 1 805 1882 717 362
55 1295 151 2 805 0 0 1 113 55 1295 150
1636 812 271 1 33 1636 812 271
4745 0 2 2 33 0 0 1 188 4745 0 1
641 977 705 1 188 641 977 705
4745 0 2 2 188 0 0 1 459 4745 0 1
993 869 733 2 459 992 869 733 970 1 0 0
623 1122 193 1 970 623 1122 193
4745 0 2 2 970 0 0 1 339 4745 0 1
2394 511 583 2 339 0 511 583 166 2394 0 0
871 1046 212 1 721 871 1046 212
2648 502 351 2 721 0 0 1 217 2648 502 350
4745 0 2 1 166 4745 0 2
870 862 887 2 166 0 862 887 245 870 0 0
3298 278 493 1 245 3298 278 493
4527 0 229 2 245 0 0 1 506 4527 0 228
976 941 487 2 506 0 0 275 566 976 941 212
2479 554 337 2 566 0 0 1 473 2479 554 336
4745 0 2 2 473 0 0 1 48 4745 0 1
719 953 711 1 48 719 953 711
4745 0 2 2 48 0 0 1 144 4745 0 1
473 1028 693 1 144 473 1028 693
4745 0 2 1 757 4745 0 2
1536 703 774 1 757 1536 703 774
-1
11 27
1182 888 230 1 983 1182 888 230
2556 468 335 1 483 2556 468 335
3127 293 380 2 483 0 0 1 470 3127 293 379
4519 0 1 2 470 0 0 1 209 4519 0 0
2928 221 851 1 209 2928 221 851
0 954 107 2 209 0 0 1 840 0 954 106
948 960 211 1 858 948 960 211
4519 0 1 2 858 0 0 1 265 4519 0 0
38 1106 625 2 265 0 1106 625 486 38 0 0
1545 776 262 2 486 1544 776 262 45 1 0 0
804 1004 200 1 45 804 1004 200
3841 74 436 2 45 0 0 1 331 3841 74 435
4009 23 449 2 344 4009 23 448 246 0 0 1
4520 0 0 1 246 4520 0 0
813 868 688 1 246 813 868 688
793 1007 200 1 78 793 1007 200
4520 0 0 1 535 4520 0 0
1384 693 733 1 535 1384 693 733
2206 575 308 1 614 2206 575 308
3257 253 391 2 614 0 0 1 276 3257 253 390
4520 0 0 1 963 4520 0 0
1591 630 748 1 963 1591 630 748
4519 0 1 2 963 0 0 1 52 4519 0 0
2512 422 549 2 52 0 422 549 799 2512 0 0
4520 0 0 1 799 4520 0 0
529 881 937 1 799 529 881 937
4519 0 1 2 799 0 0 1 408 4519 0 0
-1
12 21
4873 0 0 1 998 4873 0 0
3369 173 935 1 998 3369 173 935
3881 160 449 1 1013 3881 160 449
4873 0 0 1 1082 4873 0 0
332 1112 665 2 1082 0 1112 665 57 332 0 0
3300 328 440 1 57 3300 328 440
4873 0 0 1 158 4873 0 0
2356 483 857 1 158 2356 483 857
3195 370 395 2 158 0 1 0 954 3195 369 395
1794 798 289 2 954 0 0 1 284 1794 798 288
4873 0 0 1 508 4873 0 0
3099 347 580 2 508 0 347 580 129 3099 0 0
4173 0 730 1 129 4173 0 730
4798 0 78 2 129 0 0 78 467 4798 0 0
2087 629 603 2 467 0 629 603 573 2087 0 0
614 1098 422 2 573 613 1098 422 1026 1 0 0
2064 716 308 1 1026 2064 716 308
0 1296 145 2 1026 0 0 1 795 0 1296 144
2519 577 343 1 1160 2519 577 343
3285 342 404 2 1160 0 0 1 79 3285 342 403
4873 0 0 1 1197 4873 0 0
-1
13 25
2762 1676 493 2 1146 2761 1676 493 835 1 0 0
3401 1386 888 2 474 0 0 356 835 3401 1386 532
7158 331 832 2 167 7157 331 832 549 1 0 0
7272 296 841 1 549 7272 296 841
1758 2034 230 2 812 0 2034 226 19 1758 0 4
5554 771 894 2 19 5553 771 894 54 1 0 0
1320 2117 382 1 54 1320 2117 382
101 2493 277 2 298 0 2493 277 607 101 0 0
7665 173 882 2 607 7664 173 882 679 1 0 0
8873 0 255 1 679 8873 0 255
6995 187 1529 2 679 0 0 731 1023 6995 187 798
141 2478 290 1 163 141 2478 290
1140 2172 369 2 163 0 0 1 498 1140 2172 368
6560 514 786 1 1175 6560 514 786
5976 693 740 1 1038 5976 693 740
0 972 109 2 1038 0 0 1 981 0 972 108
2994 1605 511 1 431 2994 1605 511
5939 704 738 2 1106 5938 704 738 116 1 0 0
7142 336 830 1 116 7142 336 830
7351 272 847 2 116 0 0 1 301 7351 272 846
1114 2180 367 2 34 1114 2180 366 301 0 0 1
3978 1304 587 1 743 3978 1304 587
2969 1613 508 2 743 0 1 0 404 2969 1612 508
0 1692 189 2 404 0 0 1 38 0 1692 188
2575 1809 201 2 341 0 1809 201 237 2575 0 0
-1
14 22
6210 381 746 2 859 0 381 444 423 6210 0 302
643 1985 680 2 423 0 0 388 712 643 1985 292
2401 1550 439 2 732 0 1215 135 819 2401 335 304
5215 689 656 1 322 5215 689 656
3659 1165 536 1 274 3659 1165 536
2686 1463 460 1 330 2686 1463 460
0 2277 254 2 330 0 0 1 409 0 2277 253
7596 0 695 1 815 7596 0 695
6322 311 885 2 815 0 0 149 695 6322 311 736
4022 1054 564 2 695 0 0 1 490 4022 1054 563
1805 1732 394 2 490 0 0 1 609 1805 1732 393
6200 388 731 1 9 6200 388 731
2090 1645 415 2 9 0 0 1 854 2090 1645 414
8262 0 1 2 854 0 0 1 1014 8262 0 0
3089 1096 1383 2 1014 0 675 993 448 3089 421 390
8263 0 0 1 97 8263 0 0
572 1866 1189 2 97 0 404 963 755 572 1462 226
2972 1375 483 2 741 0 1260 140 218 2972 115 343
6902 173 786 2 742 6901 173 786 1086 1 0 0
5784 515 700 1 1086 5784 515 700
7596 0 695 1 932 7596 0 695
759 2013 456 2 932 0 0 149 1121 759 2013 307
-1
15 15
330 2550 500 2 980 0 0 181 693 330 2550 319
7367 445 867 1 358 7367 445 867
0 0 2 2 358 0 0 1 693 0 0 1
3866 1516 598 1 362 3866 1516 598
780 2460 360 1 516 780 2460 360
8883 0 915 1 186 8883 0 915
1093 2345 454 2 186 0 0 72 450 1093 2345 382
4903 1199 677 1 466 4903 1199 677
5072 1147 691 2 466 0 0 1 260 5072 1147 690
5993 865 763 2 260 0 0 1 1168 5993 865 762
3490 1631 569 1 1116 3490 1631 569
1330 2331 259 2 590 0 2331 259 377 1330 0 0
5391 1010 860 2 377 5391 1010 859 689 0 0 1
4099 1445 615 1 689 4099 1445 615
842 2466 274 2 798 0 2466 274 601 842 0 0
-1
16 19
3667 0 0 1 68 3667 0 0
2347 257 436 2 68 0 257 436 18 2347 0 0
1948 349 515 1 18 1948 349 515
562 842 156 2 18 0 0 1 111 562 842 155
1353 600 217 2 111 0 0 1 912 1353 600 216
1094 679 198 2 912 0 0 1 584 1094 679 197
382 897 142 2 766 381 897 142 653 1 0 0
3667 0 0 1 653 3667 0 0
3667 0 0 1 653 3667 0 0
379 693 892 2 653 0 693 892 132 379 0 0
317 906 177 1 132 317 906 177
3666 0 1 2 132 0 0 1 488 3666 0 0
908 628 578 1 488 908 628 578
3667 0 0 1 605 3667 0 0
971 609 582 1 605 971 609 582
2430 270 301 2 605 0 0 1 59 2430 270 300
3667 0 0 1 856 3667 0 0
3667 0 0 1 856 3667 0 0
823 546 967 1 856 823 546 967
-1
17 13
2926 539 385 1 782 2926 539 385
5187 0 0 1 396 5187 0 0
1689 765 848 1 396 1689 765 848
3562 344 435 2 396 0 0 1 751 3562 344 434
5187 0 0 1 333 5187 0 0
1781 789 664 2 333 0 789 664 29 1781 0 0
306 1297 343 2 29 0 1297 342 1068 306 0 1
2212 749 361 1 1068 2212 749 361
5186 0 1 2 1068 0 0 1 530 5186 0 0
0 889 676 2 530 0 889 675 1099 0 0 1
44 1422 158 2 774 0 1422 158 1130 44 0 0
5187 0 0 1 1130 5187 0 0
863 1016 790 1 1130 863 1016 790
-1
18 17
3817 915 678 2 916 0 915 678 293 3817 0 0
668 1826 627 2 293 0 1826 627 191 668 0 0
7679 0 0 1 191 7679 0 0
2736 1040 1347 2 191 0 329 964 124 2736 711 383
3773 1080 120 2 973 0 1080 120 597 3773 0 0
3191 1147 482 1 1079 3191 1147 482
7089 52 425 2 597 0 52 425 376 7089 0 0
3898 722 1300 2 376 0 183 808 810 3898 539 492
6109 254 707 2 810 0 0 1 995 6109 254 706
6693 75 753 2 995 0 0 1 1149 6693 75 752
118 2087 245 1 521 118 2087 245
7679 0 0 1 639 7679 0 0
506 1742 1103 2 639 0 565 916 280 506 1177 187
7209 0 490 1 644 7209 0 490
4840 560 911 2 644 0 0 311 1102 4840 560 600
5862 330 687 1 915 5862 330 687
7623 0 59 2 915 0 0 1 1 7623 0 58
-1
19 19
7493 148 848 1 108 7493 148 848
0 780 279 2 108 0 0 1 961 0 780 278
2449 1691 460 1 966 2449 1691 460
3810 1275 564 1 503 3810 1275 564
4589 1036 626 2 503 0 0 1 289 4589 1036 625
4342 1112 605 1 560 4342 1112 605
2151 1782 438 2 560 0 0 1 1105 2151 1782 437
5184 1007 112 2 747 0 1007 112 315 5184 0 0
2328 1512 1241 2 315 0 54 582 216 2328 1458 659
5834 655 722 2 216 0 0 1 922 5834 655 721
426 2310 304 2 656 0 1170 130 865 426 1140 174
8514 0 325 1 603 8514 0 325
547 2108 916 2 603 0 0 621 1067 547 2108 295
3240 1449 521 1 1199 3240 1449 521
465 2298 307 1 764 465 2298 307
363 2340 260 2 332 0 2340 260 1003 363 0 0
2071 1796 470 1 1003 2071 1796 470
972 2143 346 2 316 971 2143 346 452 1 0 0
5159 862 669 2 452 5158 862 669 894 1 0 0
-1
20 24
669 834 167 1 309 669 834 167
3757 0 0 1 360 3757 0 0
2003 315 676 2 360 2003 315 675 866 0 0 1
3757 0 0 1 866 3757 0 0
3506 0 261 1 866 3506 0 261
3234 0 545 2 866 0 0 545 1059 3234 0 0
3757 0 0 1 1059 3757 0 0
113 798 878 1 1059 113 798 878
3756 0 1 2 894 0 0 1 313 3756 0 0
3757 0 0 1 313 3757 0 0
537 653 967 1 313 537 653 967
3757 0 0 1 62 3757 0 0
2755 85 733 1 62 2755 85 733
3609 0 154 1 1060 3609 0 154
3520 0 247 2 1060 0 0 247 553 3520 0 0
2593 142 694 1 553 2593 142 694
2355 318 298 2 553 0 0 1 13 2355 318 297
1967 437 267 2 335 1966 437 267 959 1 0 0
3757 0 0 1 959 3757 0 0
1599 439 643 1 959 1599 439 643
2148 381 282 2 959 0 0 1 80 2148 381 281
1071 711 198 1 629 1071 711 198
3757 0 0 1 923 3757 0 0
1678 464 469 2 923 0 464 469 512 1678 0 0
-1
21 10
2543 453 529 1 930 2543 453 529
3754 134 433 2 930 0 0 1 100 3754 134 432
93 1095 733 2 1036 0 0 601 1104 93 1095 132
4640 0 0 1 647 4640 0 0
1430 751 599 2 647 0 751 599 562 1430 0 0
4640 0 0 1 263 4640 0 0
623 956 690 1 263 623 956 690
4393 0 258 2 263 0 0 1 562 4393 0 257
544 1013 563 2 562 0 0 390 1065 544 1013 173
1419 849 251 1 411 1419 849 251
-1
22 11
1783 412 244 1 110 1783 412 244
3366 1 97 2 110 0 1 0 767 3366 0 97
3197 0 277 2 767 0 0 277 994 3197 0 0
3352 0 116 1 994 3352 0 116
2865 3 612 2 994 0 3 612 898 2865 0 0
3463 0 0 1 898 3463 0 0
2206 161 721 2 898 0 161 721 1040 2206 0 0
1502 433 460 2 1040 1501 433 460 7 1 0 0
3463 0 0 1 7 3463 0 0
364 744 508 1 7 364 744 508
3463 0 0 1 109 3463 0 0
-1
23 9
521 1872 208 2 21 0 1872 208 736 521 0 0
6248 89 762 1 736 6248 89 762
1689 1345 919 2 109 0 1345 919 258 1689 0 0
3843 903 291 2 258 0 903 288 785 3843 0 3
1342 1493 739 2 785 0 297 457 714 1342 1196 282
3903 822 524 1 997 3903 822 524
7288 0 4 2 997 0 0 1 1157 7288 0 3
2762 957 1220 2 1157 0 830 899 520 2762 127 321
2269 1322 398 1 234 2269 1322 398
-1
24 22
55 2168 247 2 565 55 2168 246 825 0 0 1
4334 859 576 2 565 0 0 1 825 4334 859 575
2467 1430 433 2 825 0 0 1 61 2467 1430 432
0 1755 196 2 61 0 0 1 382 0 1755 195
7902 0 0 1 429 7902 0 0
0 1872 1086 2 429 0 801 967 428 0 1071 119
225 2116 260 2 198 224 2116 260 504 1 0 0
2493 1422 435 2 504 2492 1422 435 1030 1 0 0
6330 248 731 1 1030 6330 248 731
4762 728 609 1 572 4762 728 609
7245 0 685 2 572 0 0 1 405 7245 0 684
2435 1408 547 2 405 0 0 121 940 2435 1408 426
7901 0 1 2 940 0 0 1 101 7901 0 0
1974 1348 1247 2 101 0 1090 999 345 1974 258 248
3102 1236 481 1 646 3102 1236 481
5242 581 647 2 646 0 0 1 95 5242 581 646
691 1973 297 2 95 0 0 1 860 691 1973 296
7386 0 538 1 178 7386 0 538
0 1002 394 2 178 0 3 283 469 0 999 111
6707 133 759 1 1056 6707 133 759
7901 0 1 2 1056 0 0 1 314 7901 0 0
146 1907 1106 2 314 0 325 914 272 146 1582 192
-1
25 14
0 1018 717 2 670 0 716 497 512 0 302 220
5400 0 0 1 539 5400 0 0
430 1215 735 2 539 0 1215 735 1134 430 0 0
5400 0 0 1 1134 5400 0 0
1626 824 919 1 1134 1626 824 919
5399 0 1 2 1134 0 0 1 413 5399 0 0
971 1037 822 1 413 971 1037 822
4177 215 488 2 413 0 0 1 1049 4177 215 487
2621 691 368 2 1049 0 0 1 67 2621 691 367
2777 643 381 2 67 0 0 1 531 2777 643 380
5400 0 0 1 1078 5400 0 0
2643 603 667 2 1078 0 603 667 758 2643 0 0
1013 1105 529 1 758 1013 1105 529
1278 1116 213 2 464 0 1116 124 604 1278 0 89
-1
26 17
0 1666 1010 2 968 0 1 825 546 0 1665 185
1043 1747 310 2 1081 0 1395 155 436 1043 352 155
1133 1630 644 2 613 0 0 337 906 1133 1630 307
4090 815 544 1 225 4090 815 544
4091 814 546 2 225 0 0 1 706 4091 814 545
2289 1366 406 2 174 2288 1366 406 27 1 0 0
4076 819 544 1 27 4076 819 544
7473 0 0 1 832 7473 0 0
2843 1059 952 2 832 0 1059 948 620 2843 0 4
4068 739 845 1 620 4068 739 845
1601 1576 354 2 620 0 0 1 1191 1601 1576 353
7473 0 0 1 373 7473 0 0
1608 1401 988 2 373 0 1401 986 746 1608 0 2
51 2004 404 1 746 51 2004 404
5595 354 662 2 746 0 0 1 750 5595 354 661
7473 0 0 1 1192 7473 0 0
4832 510 887 2 1192 0 510 887 1028 4832 0 0
-1
27 8
5036 0 0 1 547 5036 0 0
2103 601 859 1 547 2103 601 859
5035 0 1 2 547 0 0 1 718 5035 0 0
1747 761 644 2 718 0 761 644 175 1747 0 0
2640 611 262 2 175 0 611 262 1154 2640 0 0
5036 0 0 1 1154 5036 0 0
211 1108 976 2 1154 0 1108 976 831 211 0 0
5036 0 0 1 831 5036 0 0
-1
28 14
1727 865 287 1 634 1727 865 287
0 1233 138 2 634 0 0 1 735 0 1233 137
484 1245 192 2 717 483 1245 192 668 1 0 0
5038 0 0 1 668 5038 0 0
1620 749 823 2 668 1619 749 823 624 1 0 0
3465 333 422 2 624 3464 333 422 839 1 0 0
5038 0 0 1 839 5038 0 0
103 1216 695 2 839 0 1216 695 787 103 0 0
3438 338 431 1 787 3438 338 431
4743 0 308 1 392 4743 0 308
0 1260 359 2 392 0 0 219 511 0 1260 140
5038 0 0 1 1111 5038 0 0
846 1010 675 2 1111 0 1010 672 1001 846 0 3
2527 596 437 1 1001 2527 596 437
-1
29 15
1158 696 205 1 791 1158 696 205
3797 0 1 2 791 0 0 1 215 3797 0 0
3583 0 224 1 215 3583 0 224
3226 0 596 2 215 0 0 596 240 3226 0 0
3797 0 1 1 240 3797 0 1
2312 204 802 2 240 0 204 802 861 2312 0 0
3797 0 1 1 861 3797 0 1
86 844 781 2 861 85 844 781 651 1 0 0
3797 0 1 1 651 3797 0 1
100 908 532 1 651 100 908 532
3797 0 1 2 651 0 0 1 759 3797 0 0
3797 0 1 1 759 3797 0 1
996 551 904 2 759 0 551 904 519 996 0 0
3797 0 1 1 519 3797 0 1
3045 0 785 1 519 3045 0 785
-1
30 12
7049 475 836 2 831 0 0 1 1137 7049 475 835
3795 1470 586 2 1137 0 0 1 699 3795 1470 585
8676 0 878 1 364 8676 0 878
2725 1775 586 2 364 0 0 86 8 2725 1775 500
7892 217 901 1 684 7892 217 901
1486 2177 407 1 596 1486 2177 407
1188 2268 384 1 1187 1188 2268 384
6634 602 804 1 69 6634 602 804
6232 725 773 1 563 6232 725 773
2886 1749 514 1 70 2886 1749 514
8928 0 615 2 70 0 0 1 621 8928 0 614
852 2271 724 2 621 0 0 378 106 852 2271 346
-1
31 11
704 1042 193 1 55 704 1042 193
4545 0 2 2 55 0 0 1 955 4545 0 1
3153 159 871 1 955 3153 159 871
4545 0 2 2 955 0 0 1 353 4545 0 1
3374 91 889 1 353 3374 91 889
901 1008 112 2 882 0 1008 112 542 901 0 0
4545 0 2 1 542 4545 0 2
648 899 774 1 542 648 899 774
4545 0 2 2 542 0 0 1 777 4545 0 1
772 909 609 2 777 0 909 605 599 772 0 4
4545 0 2 1 599 4545 0 2
-1
32 7
4048 1317 596 2 23 4047 1317 596 1166 1 0 0
4005 1448 161 2 1166 0 1448 161 441 4005 0 0
3205 1457 962 2 441 0 9 446 1005 3205 1448 516
0 2025 226 2 1005 0 0 1 892 0 2025 225
5706 810 723 1 347 5706 810 723
6692 508 800 2 347 0 0 1 1004 6692 508 799
7832 159 889 2 1004 0 0 1 585 7832 159 888
-1
33 17
2159 2161 479 2 386 0 1431 159 1051 2159 730 320
0 1638 183 2 1051 0 0 1 558 0 1638 182
7333 578 878 1 638 7333 578 878
993 2517 391 2 638 0 0 1 720 993 2517 390
3002 1903 544 1 1169 3002 1903 544
5298 1200 723 2 1169 0 0 1 818 5298 1200 722
7359 570 880 1 252 7359 570 880
3249 1827 564 2 252 0 0 1 937 3249 1827 563
6141 942 788 2 937 0 0 1 570 6141 942 787
2406 2085 499 1 475 2406 2085 499
6453 847 811 2 1075 6452 847 811 206 1 0 0
1847 2256 456 1 206 1847 2256 456
1331 2414 416 2 176 1330 2414 416 1050 1 0 0
8460 233 965 1 1050 8460 233 965
4676 1390 675 2 1050 0 0 1 319 4676 1390 674
5129 1252 709 1 1142 5129 1252 709
1838 2313 257 2 432 0 2313 257 917 1838 0 0
-1
34 10
261 1882 238 2 879 260 1882 238 1006 1 0 0
2592 1169 417 1 1006 2592 1169 417
0 1386 155 2 1006 0 0 1 1008 0 1386 154
1478 1510 331 1 351 1478 1510 331
0 1701 190 2 351 0 0 1 551 0 1701 189
6651 0 463 1 85 6651 0 463
1571 1408 607 2 85 0 0 276 682 1571 1408 331
1389 1537 325 2 948 1388 1537 325 143 1 0 0
7094 0 2 1 143 7094 0 2
3162 879 884 2 143 0 879 884 192 3162 0 0
-1
35 10
633 1700 189 2 557 0 1700 189 24 633 0 0
5594 145 707 1 24 5594 145 707
0 1188 133 2 24 0 0 1 594 0 1188 132
579 1698 252 1 88 579 1698 252
2149 1217 375 2 88 0 0 1 509 2149 1217 374
2289 1242 138 2 733 0 1242 138 1020 2289 0 0
3423 861 350 2 1020 0 861 350 600 3423 0 0
1978 1169 730 1 600 1978 1169 730
1344 1464 311 1 229 1344 1464 311
2084 1237 370 2 229 0 0 1 571 2084 1237 369
-1
36 8
1014 2538 282 2 705 0 2538 282 60 1014 0 0
1822 2231 563 1 60 1822 2231 563
6831 927 113 2 305 0 927 103 190 6831 0 10
5769 855 1484 2 190 0 0 749 1027 5769 855 735
6670 764 877 1 780 6670 764 877
0 0 2 2 780 0 0 1 1027 0 0 1
2541 2041 509 2 294 2540 2041 509 259 1 0 0
2992 1903 544 2 259 0 1502 167 1103 2992 401 377
-1
37 10
5841 0 189 1 642 5841 0 189
3690 414 916 2 642 0 0 460 1095 3690 414 456
6022 0 0 1 443 6022 0 0
2552 782 756 2 443 0 782 756 792 2552 0 0
3965 377 765 1 792 3965 377 765
3489 597 455 2 792 0 0 1 826 3489 597 454
3358 638 443 1 90 3358 638 443
182 1609 200 2 90 0 0 1 324 182 1609 199
228 1602 178 2 1140 0 1602 178 1088 228 0 0
4570 260 562 1 1088 4570 260 562
-1
38 13
188 1549 192 1 123 188 1549 192
5809 0 1 2 123 0 0 1 956 5809 0 0
1648 931 932 1 956 1648 931 932
5810 0 0 1 900 5810 0 0
998 1130 881 1 900 998 1130 881
0 0 2 2 900 0 0 1 619 0 0 1
1576 1124 301 2 945 1576 1124 300 320 0 0 1
5661 0 155 1 320 5661 0 155
5356 0 473 2 320 0 0 473 654 5356 0 0
375 1334 784 1 654 375 1334 784
1615 1112 304 2 654 0 0 1 971 1615 1112 303
1655 1100 306 2 513 1654 1100 306 552 1 0 0
505 1466 166 2 552 0 1466 163 151 505 0 3
-1
39 10
3265 0 0 1 884 3265 0 0
2552 101 374 2 884 0 101 374 690 2552 0 0
2391 166 304 2 690 0 166 302 771 2391 0 2
2802 0 483 1 771 2802 0 483
563 706 233 2 771 0 0 92 1108 563 706 141
489 753 138 1 312 489 753 138
800 658 162 1 1136 800 658 162
3265 0 0 1 385 3265 0 0
3265 0 0 1 385 3265 0 0
1279 319 903 2 385 1278 319 903 236 1 0 0
-1
40 8
7702 424 903 1 236 7702 424 903
3591 1586 937 1 525 3591 1586 937
3308 1768 565 2 525 0 0 1 300 3308 1768 564
2803 1923 525 2 371 2802 1923 525 1138 1 0 0
4111 1444 914 2 1138 0 1444 914 568 4111 0 0
3159 1693 996 1 568 3159 1693 996
6654 745 821 2 568 0 1 0 12 6654 744 821
7237 566 868 2 12 0 0 1 950 7237 566 867
-1
