1 137
0 28593 3177 2 706 0 13392 1488 1025 0 15201 1689
0 25974 2886 2 452 0 9819 1091 924 0 16155 1795
0 21609 2401 2 1075 0 16146 1794 765 0 5463 607
0 22887 2543 2 571 0 7308 812 325 0 15579 1731
0 22527 2503 2 152 0 13788 1532 445 0 8739 971
537 30540 3442 2 629 0 13941 1549 937 537 16599 1893
0 15192 1699 2 937 0 0 11 122 0 15192 1688
0 25821 2869 2 483 0 7938 882 491 0 17883 1987
0 20358 2262 2 737 0 8055 895 475 0 12303 1367
0 15174 1686 2 36 0 8838 982 623 0 6336 704
0 21159 2351 2 216 0 7479 831 3 0 13680 1520
0 19323 2147 2 1188 0 11376 1264 552 0 7947 883
0 10926 1214 2 1009 0 5013 557 560 0 5913 657
0 15858 1762 2 305 0 8577 953 127 0 7281 809
0 23931 2659 2 666 0 13698 1522 527 0 10233 1137
0 20304 2256 2 339 0 10728 1192 44 0 9576 1064
0 22968 2552 2 248 0 7659 851 392 0 15309 1701
0 26352 2928 2 722 0 11970 1330 786 0 14382 1598
0 20511 2279 2 278 0 15687 1743 928 0 4824 536
0 22977 2553 2 575 0 12555 1395 185 0 10422 1158
0 21960 2440 2 100 0 8901 989 72 0 13059 1451
0 16686 1854 2 360 0 5715 635 143 0 10971 1219
0 23364 2596 2 977 0 11502 1278 901 0 11862 1318
0 18063 2007 2 798 0 9315 1035 414 0 8748 972
0 13176 1464 2 948 0 8658 962 267 0 4518 502
0 14427 1603 2 929 0 5571 619 494 0 8856 984
0 26784 2976 2 991 0 9234 1026 530 0 17550 1950
0 14490 1610 2 581 0 9846 1094 614 0 4644 516
0 26811 2979 2 27 0 12519 1391 45 0 14292 1588
0 18117 2013 2 49 0 8190 910 1000 0 9927 1103
0 25758 2862 2 140 0 14265 1585 1005 0 11493 1277
0 16380 1820 2 635 0 8334 926 797 0 8046 894
0 26820 2980 2 1012 0 9666 1074 669 0 17154 1906
0 19917 2213 2 1054 0 14247 1583 617 0 5670 630
0 22167 2463 2 79 0 9999 1111 150 0 12168 1352
0 29142 3238 2 710 0 11187 1243 1011 0 17955 1995
0 19422 2158 2 846 0 13104 1456 772 0 6318 702
3927 29616 3710 2 1027 0 15894 1766 1148 3927 13722 1944
0 8739 988 2 1148 0 0 17 852 0 8739 971
401 30577 3432 2 1125 0 14040 1560 28 401 16537 1872
0 5769 651 2 28 0 0 10 71 0 5769 641
0 18063 2007 2 554 0 11034 1226 365 0 7029 781
0 28089 3121 2 550 0 11070 1230 1042 0 17019 1891
0 24669 2741 2 198 0 16245 1805 355 0 8424 936
0 28854 3206 2 16 0 11808 1312 580 0 17046 1894
0 16560 1840 2 724 0 5553 617 1062 0 11007 1223
0 16596 1844 2 1150 0 11565 1285 155 0 5031 559
2354 30046 3574 2 1184 0 16254 1806 539 2354 13792 1768
0 7704 882 2 539 0 0 26 427 0 7704 856
0 19602 2178 2 789 0 5040 560 727 0 14562 1618
0 27252 3028 2 317 0 9684 1076 1065 0 17568 1952
0 16623 1847 2 207 0 7677 853 230 0 8946 994
0 24246 2694 2 1119 0 16920 1880 196 0 7326 814
0 24912 2768 2 46 0 13428 1492 1151 0 11484 1276
0 28719 3191 2 613 0 14157 1573 648 0 14562 1618
1615 30245 3538 2 1002 0 17829 1981 1017 1615 12416 1557
0 13437 1495 2 1017 0 0 2 546 0 13437 1493
0 17910 1990 2 729 0 13248 1472 809 0 4662 518
2406 30030 3595 2 654 0 15498 1722 587 2406 14532 1873
0 15156 1693 2 587 0 0 9 754 0 15156 1684
0 26082 2898 2 498 0 17217 1913 1048 0 8865 985
0 14940 1660 2 430 0 6660 740 285 0 8280 920
0 26685 2965 2 204 0 13230 1470 214 0 13455 1495
0 21528 2392 2 471 0 13608 1512 109 0 7920 880
0 28575 3175 2 712 0 11655 1295 831 0 16920 1880
0 27675 3075 2 672 0 13815 1535 796 0 13860 1540
1380 30309 3520 2 1107 0 17037 1893 676 1380 13272 1627
0 17604 1957 2 676 0 0 1 1109 0 17604 1956
0 24678 2742 2 32 0 15228 1692 1172 0 9450 1050
2109 30111 3571 2 767 0 15192 1688 173 2109 14919 1883
0 10251 1148 2 173 0 0 9 227 0 10251 1139
0 22437 2493 2 986 0 6345 705 91 0 16092 1788
0 27999 3111 2 422 0 11835 1315 41 0 16164 1796
0 21663 2407 2 54 0 15561 1729 299 0 6102 678
0 19656 2184 2 419 0 12420 1380 788 0 7236 804
0 27576 3064 2 523 0 15120 1680 533 0 12456 1384
0 27819 3091 2 810 0 15534 1726 35 0 12285 1365
0 14265 1585 2 110 0 6813 757 576 0 7452 828
0 23688 2632 2 117 0 13995 1555 970 0 9693 1077
0 28737 3193 2 843 0 14319 1591 112 0 14418 1602
0 14922 1658 2 520 0 6363 707 268 0 8559 951
0 23157 2573 2 938 0 15525 1725 531 0 7632 848
0 12339 1371 2 1004 0 6642 738 718 0 5697 633
0 16731 1859 2 180 0 6543 727 57 0 10188 1132
0 27243 3027 2 540 0 16137 1793 594 0 11106 1234
0 13311 1479 2 170 0 8595 955 677 0 4716 524
0 18243 2027 2 5 0 7218 802 555 0 11025 1225
0 19557 2173 2 1031 0 9747 1083 858 0 9810 1090
0 21618 2402 2 33 0 9081 1009 1020 0 12537 1393
179 30637 3419 2 130 0 16866 1874 428 179 13771 1545
0 8487 948 2 428 0 0 5 1113 0 8487 943
1874 30175 3553 2 206 0 15084 1676 920 1874 15091 1877
0 13887 1551 2 920 0 0 8 261 0 13887 1543
0 19323 2147 2 528 0 4554 506 469 0 14769 1641
0 21627 2403 2 790 0 8073 897 947 0 13554 1506
0 22671 2519 2 725 0 8793 977 579 0 13878 1542
0 26712 2968 2 849 0 14634 1626 872 0 12078 1342
0 12096 1344 2 964 0 5562 618 685 0 6534 726
5339 29230 3832 2 945 0 17091 1899 101 5339 12139 1933
0 5031 568 2 101 0 0 9 51 0 5031 559
0 19701 2189 2 936 0 12807 1423 564 0 6894 766
0 24147 2683 2 323 0 9063 1007 75 0 15084 1676
0 20241 2249 2 135 0 9864 1096 377 0 10377 1153
0 26046 2894 2 123 0 12141 1349 1129 0 13905 1545
885 30444 3480 2 993 0 15804 1756 759 885 14640 1724
0 4842 539 2 759 0 0 1 473 0 4842 538
0 19998 2222 2 851 0 6444 716 1049 0 13554 1506
0 10341 1149 2 746 0 4608 512 989 0 5733 637
0 29943 3327 2 490 0 16056 1784 191 0 13887 1543
0 19080 2120 2 1166 0 13104 1456 1030 0 5976 664
0 16956 1884 2 664 0 7830 870 501 0 9126 1014
2194 30089 3567 2 638 0 15363 1707 511 2194 14726 1860
0 9783 1107 2 511 0 0 20 505 0 9783 1087
0 23328 2592 2 1186 0 15858 1762 881 0 7470 830
0 29196 3244 2 1006 0 11916 1324 912 0 17280 1920
0 20664 2296 2 811 0 11232 1248 417 0 9432 1048
0 14355 1595 2 873 0 8064 896 532 0 6291 699
0 24714 2746 2 395 0 8784 976 131 0 15930 1770
0 16542 1838 2 1066 0 6138 682 345 0 10404 1156
0 19809 2201 2 847 0 5859 651 642 0 13950 1550
179 30637 3419 2 569 0 14760 1640 961 179 15877 1779
0 14472 1613 2 961 0 0 5 1053 0 14472 1608
0 23193 2577 2 1078 0 12177 1353 1064 0 11016 1224
0 23013 2557 2 1182 0 11673 1297 129 0 11340 1260
0 27216 3024 2 708 0 12888 1432 941 0 14328 1592
0 14481 1609 2 558 0 4698 522 1068 0 9783 1087
0 22527 2503 2 1170 0 11970 1330 1057 0 10557 1173
0 25587 2843 2 350 0 17199 1911 462 0 8388 932
0 27648 3072 2 258 0 17460 1940 965 0 10188 1132
0 14247 1583 2 384 0 5580 620 663 0 8667 963
0 19620 2180 2 757 0 14931 1659 667 0 4689 521
0 28737 3193 2 969 0 16344 1816 1088 0 12393 1377
0 26244 2916 2 804 0 8955 995 39 0 17289 1921
0 18117 2013 2 604 0 6255 695 167 0 11862 1318
0 25344 2816 2 752 0 12024 1336 456 0 13320 1480
0 18477 2053 2 394 0 9225 1025 701 0 9252 1028
0 29898 3322 2 1185 0 16794 1866 156 0 13104 1456
-1
2 77
0 25560 2840 2 583 0 8352 928 909 0 17208 1912
0 24948 2772 2 26 0 9243 1027 996 0 15705 1745
0 21501 2389 2 904 0 11124 1236 1032 0 10377 1153
0 29880 3320 2 645 0 17343 1927 236 0 12537 1393
0 28296 3144 2 273 0 15597 1733 566 0 12699 1411
0 24957 2773 2 630 0 17640 1960 482 0 7317 813
0 22977 2553 2 1074 0 15210 1690 644 0 7767 863
0 19566 2174 2 53 0 8631 959 998 0 10935 1215
0 20403 2267 2 543 0 4671 519 808 0 15732 1748
0 27747 3083 2 608 0 13374 1486 731 0 14373 1597
0 29835 3315 2 521 0 15480 1720 242 0 14355 1595
0 27873 3097 2 176 0 16254 1806 208 0 11619 1291
0 10908 1212 2 612 0 6021 669 802 0 4887 543
0 23112 2568 2 154 0 9891 1099 735 0 13221 1469
3880 29627 3723 2 502 0 16740 1860 1044 3880 12887 1863
0 14976 1664 2 845 0 10467 1163 466 0 4509 501
0 13923 1547 2 985 0 8766 974 245 0 5157 573
0 19746 2194 2 687 0 12861 1429 162 0 6885 765
0 30582 3398 2 431 0 14382 1598 453 0 16200 1800
0 26136 2904 2 1126 0 11556 1284 1110 0 14580 1620
0 22779 2531 2 187 0 14571 1619 105 0 8208 912
0 28026 3114 2 509 0 12384 1376 925 0 15642 1738
2976 29874 3646 2 507 0 15435 1715 1160 2976 14439 1931
0 5256 588 2 1160 0 0 4 265 0 5256 584
0 25677 2853 2 867 0 16308 1812 94 0 9369 1041
0 19026 2114 2 70 0 5490 610 38 0 13536 1504
0 16371 1819 2 942 0 9558 1062 992 0 6813 757
0 24084 2676 2 302 0 9279 1031 976 0 14805 1645
0 14688 1632 2 834 0 5247 583 182 0 9441 1049
0 19044 2116 2 958 0 4851 539 164 0 14193 1577
0 23382 2598 2 557 0 10638 1182 603 0 12744 1416
0 28854 3206 2 1038 0 11997 1333 420 0 16857 1873
0 23229 2581 2 515 0 9234 1026 631 0 13995 1555
0 27225 3025 2 6 0 9396 1044 396 0 17829 1981
0 25254 2806 2 87 0 15408 1712 272 0 9846 1094
0 25452 2828 2 848 0 8838 982 64 0 16614 1846
0 27801 3089 2 753 0 15111 1679 271 0 12690 1410
0 14589 1621 2 662 0 5139 571 840 0 9450 1050
0 27774 3086 2 556 0 14121 1569 61 0 13653 1517
0 26055 2895 2 383 0 14598 1622 1090 0 11457 1273
0 12141 1349 2 210 0 5778 642 832 0 6363 707
0 14832 1648 2 1181 0 10197 1133 1096 0 4635 515
0 13914 1546 2 1189 0 8298 922 598 0 5616 624
0 23562 2618 2 744 0 16686 1854 254 0 6876 764
0 21897 2433 2 1010 0 9378 1042 402 0 12519 1391
0 18108 2012 2 700 0 9405 1045 443 0 8703 967
0 26604 2956 2 693 0 10548 1172 37 0 16056 1784
0 28404 3156 2 915 0 12069 1341 334 0 16335 1815
0 23787 2643 2 30 0 16821 1869 864 0 6966 774
0 22401 2489 2 939 0 6912 768 590 0 15489 1721
0 24705 2745 2 538 0 7407 823 599 0 17298 1922
0 19935 2215 2 771 0 6354 706 480 0 13581 1509
0 14562 1618 2 487 0 9873 1097 1095 0 4689 521
0 19512 2168 2 616 0 13320 1480 9 0 6192 688
0 19233 2137 2 99 0 7614 846 78 0 11619 1291
0 28458 3162 2 967 0 14148 1572 121 0 14310 1590
0 13761 1529 2 830 0 5580 620 821 0 8181 909
0 15975 1775 2 988 0 10629 1181 884 0 5346 594
0 20295 2255 2 439 0 8982 998 651 0 11313 1257
0 22500 2500 2 467 0 17586 1954 826 0 4914 546
0 29556 3284 2 871 0 16695 1855 348 0 12861 1429
0 12042 1338 2 1177 0 6570 730 340 0 5472 608
0 28107 3123 2 125 0 14823 1647 1131 0 13284 1476
0 30420 3380 2 952 0 15120 1680 1100 0 15300 1700
0 24993 2777 2 263 0 7443 827 195 0 17550 1950
0 23166 2574 2 77 0 7002 778 29 0 16164 1796
0 15282 1698 2 347 0 6255 695 329 0 9027 1003
0 17019 1891 2 888 0 4653 517 816 0 12366 1374
0 25722 2858 2 755 0 15336 1704 157 0 10386 1154
0 25110 2790 2 734 0 10755 1195 1135 0 14355 1595
0 29529 3281 2 269 0 13770 1530 93 0 15759 1751
0 11961 1329 2 239 0 5859 651 1086 0 6102 678
0 14589 1621 2 819 0 9234 1026 232 0 5355 595
0 25380 2820 2 201 0 15732 1748 524 0 9648 1072
0 19530 2170 2 1022 0 12078 1342 674 0 7452 828
0 29943 3327 2 907 0 15327 1703 1041 0 14616 1624
0 14841 1649 2 681 0 8892 988 12 0 5949 661
-1
3 63
0 29754 3306 2 955 0 12672 1408 190 0 17082 1898
0 17451 1939 2 218 0 11421 1269 134 0 6030 670
0 19044 2116 2 1112 0 7767 863 853 0 11277 1253
0 17568 1952 2 1175 0 10530 1170 228 0 7038 782
0 29880 3320 2 615 0 12069 1341 686 0 17811 1979
0 23679 2631 2 288 0 17154 1906 679 0 6525 725
0 26820 2980 2 723 0 10647 1183 764 0 16173 1797
0 23337 2593 2 76 0 17739 1971 147 0 5598 622
0 20835 2315 2 868 0 4869 541 891 0 15966 1774
0 19674 2186 2 432 0 4680 520 260 0 14994 1666
0 28044 3116 2 438 0 15471 1719 827 0 12573 1397
0 16785 1865 2 696 0 8037 893 822 0 8748 972
0 24984 2776 2 358 0 9342 1038 211 0 15642 1738
537 30540 3442 2 1187 0 16056 1784 287 537 14484 1658
0 15642 1749 2 287 0 0 11 747 0 15642 1738
0 21879 2431 2 806 0 10314 1146 215 0 11565 1285
0 27792 3088 2 661 0 12087 1343 488 0 15705 1745
0 27882 3098 2 749 0 16704 1856 465 0 11178 1242
0 29277 3253 2 22 0 15723 1747 695 0 13554 1506
0 20898 2322 2 387 0 12375 1375 1033 0 8523 947
0 26586 2954 2 141 0 14895 1655 205 0 11691 1299
0 22860 2540 2 606 0 13428 1492 186 0 9432 1048
0 24102 2678 2 1169 0 14166 1574 66 0 9936 1104
0 17190 1910 2 660 0 11988 1332 139 0 5202 578
0 20421 2269 2 88 0 15039 1671 1015 0 5382 598
0 24336 2704 2 235 0 15588 1732 592 0 8748 972
0 12654 1406 2 308 0 7227 803 903 0 5427 603
0 29133 3237 2 370 0 11592 1288 319 0 17541 1949
0 26424 2936 2 999 0 15417 1713 291 0 11007 1223
0 19611 2179 2 876 0 11034 1226 13 0 8577 953
0 30042 3338 2 369 0 13059 1451 472 0 16983 1887
2085 30117 3574 2 756 0 14544 1616 202 2085 15573 1958
0 17136 1908 2 202 0 0 4 658 0 17136 1904
0 24003 2667 2 92 0 8856 984 743 0 15147 1683
0 19665 2185 2 777 0 5364 596 780 0 14301 1589
1625 30244 3523 2 17 0 14742 1638 659 1625 15502 1885
0 15597 1751 2 659 0 0 18 828 0 15597 1733
0 14490 1610 2 639 0 8937 993 19 0 5553 617
0 26334 2926 2 493 0 9522 1058 289 0 16812 1868
0 25533 2837 2 690 0 7956 884 315 0 17577 1953
0 27072 3008 2 90 0 9891 1099 833 0 17181 1909
0 27810 3090 2 627 0 12375 1375 886 0 15435 1715
6219 28989 3912 2 1195 0 17424 1936 1071 6219 11565 1976
0 19872 2208 2 266 0 5760 640 4 0 14112 1568
0 22959 2551 2 879 0 7155 795 253 0 15804 1756
0 19512 2168 2 59 0 8631 959 153 0 10881 1209
0 30348 3372 2 716 0 13284 1476 774 0 17064 1896
0 22302 2478 2 519 0 13149 1461 1081 0 9153 1017
0 24093 2677 2 842 0 9936 1104 249 0 14157 1573
0 14175 1575 2 1073 0 5274 586 916 0 8901 989
0 20331 2259 2 736 0 11097 1233 447 0 9234 1026
0 23454 2606 2 418 0 10458 1162 940 0 12996 1444
0 22527 2503 2 682 0 10971 1219 183 0 11556 1284
0 18243 2027 2 73 0 12357 1373 444 0 5886 654
0 19764 2196 2 1117 0 12573 1397 332 0 7191 799
0 26685 2965 2 1147 0 17838 1982 1179 0 8847 983
0 26550 2950 2 179 0 9531 1059 1023 0 17019 1891
0 13284 1476 2 1083 0 8334 926 1156 0 4950 550
0 26316 2924 2 745 0 17919 1991 449 0 8397 933
0 22662 2518 2 311 0 6381 709 405 0 16281 1809
0 30492 3388 2 1069 0 15453 1717 506 0 15039 1671
0 13518 1502 2 398 0 5499 611 721 0 8019 891
0 30609 3401 2 773 0 17046 1894 841 0 13563 1507
-1
4 60
0 21168 2352 2 750 0 10557 1173 7 0 10611 1179
240 30621 3418 2 142 0 13410 1490 568 240 17211 1928
0 9621 1080 2 568 0 0 11 293 0 9621 1069
0 22626 2514 2 223 0 9450 1050 376 0 13176 1464
0 19467 2163 2 1198 0 12600 1400 489 0 6867 763
0 30447 3383 2 908 0 12555 1395 720 0 17892 1988
0 26694 2966 2 953 0 16191 1799 8 0 10503 1167
0 15786 1754 2 863 0 8730 970 691 0 7056 784
0 22806 2534 2 779 0 8865 985 388 0 13941 1549
0 18585 2065 2 381 0 10377 1153 96 0 8208 912
0 21726 2414 2 717 0 9306 1034 911 0 12420 1380
0 19467 2163 2 486 0 8190 910 870 0 11277 1253
0 18063 2007 2 433 0 5589 621 1051 0 12474 1386
0 20952 2328 2 1111 0 10413 1157 146 0 10539 1171
0 22914 2546 2 89 0 9801 1089 624 0 13113 1457
0 24273 2697 2 913 0 11619 1291 1045 0 12654 1406
0 16938 1882 2 136 0 8631 959 877 0 8307 923
0 10170 1130 2 477 0 4545 505 1199 0 5625 625
0 9612 1068 2 510 0 4608 512 862 0 5004 556
0 20961 2329 2 116 0 13095 1455 220 0 7866 874
0 22383 2487 2 1087 0 9423 1047 413 0 12960 1440
0 18756 2084 2 406 0 4770 530 548 0 13986 1554
0 25515 2835 2 683 0 12447 1383 1077 0 13068 1452
0 11520 1280 2 984 0 6426 714 513 0 5094 566
0 17235 1915 2 52 0 12114 1346 1013 0 5121 569
0 26019 2891 2 436 0 11466 1274 103 0 14553 1617
0 19809 2201 2 495 0 7866 874 878 0 11943 1327
0 14733 1637 2 385 0 10098 1122 975 0 4635 515
0 19053 2117 2 656 0 8046 894 423 0 11007 1223
0 16704 1856 2 968 0 10728 1192 368 0 5976 664
0 27513 3057 2 766 0 15003 1667 995 0 12510 1390
0 28305 3145 2 597 0 12177 1353 10 0 16128 1792
0 22347 2483 2 525 0 14103 1567 785 0 8244 916
0 22446 2494 2 1161 0 13257 1473 1144 0 9189 1021
0 20826 2314 2 367 0 9108 1012 296 0 11718 1302
0 19125 2125 2 823 0 9828 1092 233 0 9297 1033
0 13176 1464 2 1163 0 4716 524 270 0 8460 940
0 26748 2972 2 689 0 17226 1914 404 0 9522 1058
5189 29272 3810 2 800 0 16857 1873 618 5189 12415 1937
0 15264 1715 2 618 0 0 19 306 0 15264 1696
0 26190 2910 2 126 0 12591 1399 1159 0 13599 1511
0 24984 2776 2 782 0 7659 851 85 0 17325 1925
0 19368 2152 2 56 0 13086 1454 1085 0 6282 698
0 24471 2719 2 222 0 9072 1008 1200 0 15399 1711
0 29187 3243 2 163 0 15966 1774 921 0 13221 1469
0 16281 1809 2 1122 0 6021 669 217 0 10260 1140
0 21006 2334 2 326 0 6912 768 264 0 14094 1566
0 29970 3330 2 1183 0 16866 1874 944 0 13104 1456
0 21645 2405 2 574 0 9000 1000 1082 0 12645 1405
462 30561 3431 2 906 0 15156 1684 250 462 15405 1747
0 9018 1018 2 250 0 0 16 421 0 9018 1002
0 17109 1901 2 353 0 10476 1164 673 0 6633 737
0 17838 1982 2 605 0 12447 1383 646 0 5391 599
0 20655 2295 2 854 0 9891 1099 791 0 10764 1196
758 30481 3448 2 578 0 14814 1646 518 758 15667 1802
0 7704 879 2 518 0 0 23 429 0 7704 856
0 18954 2106 2 1047 0 13122 1458 1142 0 5832 648
0 24057 2673 2 463 0 17757 1973 726 0 6300 700
0 16668 1852 2 192 0 4635 515 930 0 12033 1337
0 22059 2451 2 1058 0 5310 590 1155 0 16749 1861
-1
5 52
0 26361 2929 2 321 0 8469 941 905 0 17892 1988
0 23670 2630 2 1165 0 6975 775 313 0 16695 1855
0 30510 3390 2 496 0 13779 1531 671 0 16731 1859
0 25407 2823 2 742 0 9684 1076 553 0 15723 1747
0 22959 2551 2 713 0 13437 1493 529 0 9522 1058
0 26748 2972 2 882 0 15876 1764 31 0 10872 1208
0 17361 1929 2 1105 0 6777 753 1164 0 10584 1176
0 23850 2650 2 709 0 17730 1970 1121 0 6120 680
0 21150 2350 2 815 0 8487 943 835 0 12663 1407
0 19476 2164 2 316 0 9216 1024 1018 0 10260 1140
0 20916 2324 2 650 0 4536 504 860 0 16380 1820
5141 29284 3816 2 778 0 17937 1993 84 5141 11347 1823
0 6417 722 2 84 0 0 9 106 0 6417 713
0 21780 2420 2 403 0 14949 1661 343 0 6831 759
0 14661 1629 2 108 0 6939 771 298 0 7722 858
2999 29869 3636 2 354 0 16695 1855 981 2999 13174 1781
0 12834 1442 2 981 0 0 16 844 0 12834 1426
0 20385 2265 2 641 0 13581 1509 50 0 6804 756
0 13977 1553 2 442 0 5841 649 1118 0 8136 904
0 17595 1955 2 375 0 10098 1122 1180 0 7497 833
0 21033 2337 2 1136 0 7506 834 1084 0 13527 1503
0 18081 2009 2 448 0 12888 1432 668 0 5193 577
0 17397 1933 2 312 0 5715 635 373 0 11682 1298
0 17946 1994 2 732 0 11169 1241 770 0 6777 753
0 25173 2797 2 241 0 15984 1776 897 0 9189 1021
0 15966 1774 2 619 0 9378 1042 63 0 6588 732
0 23562 2618 2 895 0 8532 948 923 0 15030 1670
0 27018 3002 2 633 0 12015 1335 386 0 15003 1667
0 20628 2292 2 893 0 6183 687 294 0 14445 1605
0 18702 2078 2 829 0 13797 1533 1001 0 4905 545
0 19341 2149 2 416 0 11466 1274 435 0 7875 875
0 25893 2877 2 812 0 14967 1663 817 0 10926 1214
0 20295 2255 2 499 0 15687 1743 352 0 4608 512
0 17919 1991 2 335 0 7407 823 997 0 10512 1168
1625 30244 3523 2 145 0 15426 1714 632 1625 14818 1809
0 6462 736 2 632 0 0 18 1193 0 6462 718
0 12843 1427 2 1103 0 7353 817 902 0 5490 610
0 22752 2528 2 875 0 10620 1180 257 0 12132 1348
0 20160 2240 2 582 0 5040 560 900 0 15120 1680
0 15993 1777 2 62 0 10557 1173 440 0 5436 604
0 21600 2400 2 2 0 15066 1674 934 0 6534 726
0 23985 2665 2 567 0 7533 837 910 0 16452 1828
0 14625 1625 2 65 0 7515 835 954 0 7110 790
0 27333 3037 2 349 0 14670 1630 563 0 12663 1407
0 13167 1463 2 118 0 7371 819 699 0 5796 644
0 23454 2606 2 622 0 16110 1790 647 0 7344 816
0 22527 2503 2 1140 0 10161 1129 914 0 12366 1374
0 9234 1026 2 838 0 4707 523 337 0 4527 503
0 25965 2885 2 698 0 16011 1779 795 0 9954 1106
0 25074 2786 2 318 0 14085 1565 165 0 10989 1221
0 28008 3112 2 1171 0 10701 1189 286 0 17307 1923
0 23994 2666 2 295 0 10944 1216 601 0 13050 1450
-1
6 48
0 15534 1726 2 792 0 10188 1132 626 0 5346 594
0 23481 2609 2 451 0 17658 1962 1094 0 5823 647
0 15930 1770 2 1099 0 8280 920 824 0 7650 850
0 15012 1668 2 1178 0 7281 809 678 0 7731 859
0 22914 2546 2 883 0 17541 1949 586 0 5373 597
0 25956 2884 2 474 0 8793 977 544 0 17163 1907
0 14373 1597 2 978 0 5355 595 983 0 9018 1002
0 28872 3208 2 585 0 15174 1686 758 0 13698 1522
0 22815 2535 2 1055 0 17352 1928 11 0 5463 607
0 24255 2695 2 562 0 11133 1237 229 0 13122 1458
0 22284 2476 2 102 0 8658 962 393 0 13626 1514
0 14436 1604 2 95 0 9405 1045 719 0 5031 559
0 21942 2438 2 391 0 5202 578 34 0 16740 1860
0 20493 2277 2 748 0 15831 1759 454 0 4662 518
0 26838 2982 2 74 0 11124 1236 120 0 15714 1746
0 28116 3124 2 620 0 15921 1769 1191 0 12195 1355
0 18387 2043 2 966 0 4509 501 175 0 13878 1542
0 22410 2490 2 379 0 10134 1126 704 0 12276 1364
0 17118 1902 2 926 0 9387 1043 537 0 7731 859
0 15723 1747 2 169 0 5589 621 252 0 10134 1126
0 25551 2839 2 111 0 14643 1627 1116 0 10908 1212
0 24327 2703 2 300 0 11484 1276 372 0 12843 1427
0 16434 1826 2 1137 0 9675 1075 281 0 6759 751
0 14355 1595 2 171 0 8271 919 1028 0 6084 676
0 21402 2378 2 1007 0 11646 1294 813 0 9756 1084
0 20934 2326 2 885 0 14409 1601 415 0 6525 725
0 20232 2248 2 408 0 9846 1094 595 0 10386 1154
0 26964 2996 2 441 0 9423 1047 178 0 17541 1949
0 30573 3397 2 80 0 13320 1480 363 0 17253 1917
0 17316 1924 2 545 0 10017 1113 621 0 7299 811
0 21204 2356 2 781 0 10575 1175 665 0 10629 1181
848 30454 3478 2 1034 0 16803 1867 1153 848 13651 1611
0 19737 2193 2 172 0 9180 1020 107 0 10557 1173
0 22194 2466 2 657 0 5391 599 378 0 16803 1867
0 23103 2567 2 213 0 15570 1730 119 0 7533 837
0 10278 1142 2 114 0 5733 637 775 0 4545 505
0 19629 2181 2 711 0 10089 1121 1021 0 9540 1060
0 17649 1961 2 508 0 11907 1323 1035 0 5742 638
0 22518 2502 2 1146 0 15606 1734 1173 0 6912 768
0 15390 1710 2 1138 0 6525 725 159 0 8865 985
0 23004 2556 2 128 0 16398 1822 714 0 6606 734
0 21294 2366 2 1043 0 5337 593 144 0 15957 1773
0 18117 2013 2 371 0 6822 758 1157 0 11295 1255
0 14355 1595 2 320 0 6003 667 400 0 8352 928
0 26595 2955 2 1130 0 10197 1133 818 0 16398 1822
0 19476 2164 2 866 0 9171 1019 1050 0 10305 1145
0 24381 2709 2 894 0 11394 1266 226 0 12987 1443
0 18198 2022 2 322 0 4833 537 390 0 13365 1485
-1
7 45
0 21249 2361 2 763 0 4644 516 974 0 16605 1845
0 16029 1781 2 839 0 9063 1007 1003 0 6966 774
0 19746 2194 2 309 0 8262 918 497 0 11484 1276
0 25587 2843 2 784 0 7974 886 637 0 17613 1957
0 25389 2821 2 517 0 8883 987 1026 0 16506 1834
0 15201 1689 2 733 0 8325 925 979 0 6876 764
0 26109 2901 2 865 0 8379 931 855 0 17730 1970
0 21870 2430 2 364 0 11079 1231 149 0 10791 1199
0 23904 2656 2 1133 0 11241 1249 972 0 12663 1407
0 13149 1461 2 559 0 7947 883 697 0 5202 578
3385 29762 3683 2 649 0 16695 1855 189 3385 13067 1828
0 26217 2913 2 1162 0 12492 1388 292 0 13725 1525
0 25875 2875 2 572 0 17793 1977 1190 0 8082 898
0 15030 1670 2 68 0 5076 564 1 0 9954 1106
0 22176 2464 2 247 0 17055 1895 980 0 5121 569
1785 30201 3530 2 484 0 17091 1899 481 1785 13110 1631
0 11187 1267 2 481 0 0 24 971 0 11187 1243
0 26352 2928 2 42 0 11988 1332 461 0 14364 1596
0 13779 1531 2 1132 0 6408 712 374 0 7371 819
0 21285 2365 2 124 0 13860 1540 500 0 7425 825
0 22590 2510 2 485 0 10476 1164 256 0 12114 1346
1107 30384 3493 2 274 0 15768 1752 20 1107 14616 1741
0 17820 1986 2 20 0 0 6 680 0 17820 1980
0 20466 2274 2 219 0 14850 1650 259 0 5616 624
0 14571 1619 2 380 0 8118 902 957 0 6453 717
0 17973 1997 2 1059 0 8262 918 1194 0 9711 1079
0 17892 1988 2 850 0 11097 1233 283 0 6795 755
0 18612 2068 2 158 0 13248 1472 98 0 5364 596
0 30222 3358 2 310 0 12852 1428 551 0 17370 1930
0 29151 3239 2 1168 0 12195 1355 18 0 16956 1884
0 16398 1822 2 425 0 7947 883 1092 0 8451 939
0 19395 2155 2 351 0 10341 1149 303 0 9054 1006
0 22878 2542 2 807 0 11160 1240 1192 0 11718 1302
0 13527 1503 2 1080 0 5247 583 1115 0 8280 920
0 21042 2338 2 460 0 14022 1558 769 0 7020 780
0 21501 2389 2 1024 0 6741 749 279 0 14760 1640
0 16893 1877 2 83 0 6651 739 799 0 10242 1138
0 30501 3389 2 675 0 17370 1930 14 0 13131 1459
438 30567 3434 2 1114 0 15426 1714 588 438 15141 1720
0 12591 1410 2 588 0 0 11 1036 0 12591 1399
0 22644 2516 2 55 0 9495 1055 889 0 13149 1461
0 14013 1557 2 762 0 7911 879 225 0 6102 678
0 13365 1485 2 962 0 8298 922 741 0 5067 563
0 22815 2535 2 412 0 6561 729 596 0 16254 1806
0 24147 2683 2 455 0 14112 1568 956 0 10035 1115
-1
8 41
2689 29954 3607 2 1104 0 15759 1751 728 2689 14195 1856
0 10728 1212 2 728 0 0 20 328 0 10728 1192
0 26172 2908 2 1067 0 17946 1994 69 0 8226 914
0 16182 1798 2 1197 0 10935 1215 338 0 5247 583
0 18891 2099 2 113 0 7164 796 526 0 11727 1303
0 22374 2486 2 1158 0 13869 1541 896 0 8505 945
0 25119 2791 2 82 0 9126 1014 458 0 15993 1777
0 28566 3174 2 602 0 13338 1482 919 0 15228 1692
0 15588 1732 2 593 0 10044 1116 174 0 5544 616
3484 29735 3691 2 361 0 17181 1909 411 3484 12554 1782
0 19206 2134 2 237 0 9621 1069 565 0 9585 1065
0 20061 2229 2 330 0 5787 643 1046 0 14274 1586
0 24372 2708 2 837 0 9711 1079 628 0 14661 1629
0 22509 2501 2 231 0 7407 823 610 0 15102 1678
0 27324 3036 2 314 0 11763 1307 476 0 15561 1729
0 22014 2446 2 899 0 9045 1005 115 0 12969 1441
0 24570 2730 2 255 0 6606 734 805 0 17964 1996
0 20241 2249 2 514 0 9738 1082 589 0 10503 1167
0 13959 1551 2 389 0 6570 730 426 0 7389 821
0 15921 1769 2 963 0 7713 857 459 0 8208 912
0 23508 2612 2 290 0 6453 717 692 0 17055 1895
0 19719 2191 2 199 0 9549 1061 197 0 10170 1130
0 16722 1858 2 702 0 9225 1025 104 0 7497 833
3112 29837 3656 2 1063 0 17577 1953 240 3112 12260 1703
0 11484 1281 2 240 0 0 5 973 0 11484 1276
0 27342 3038 2 160 0 15849 1761 820 0 11493 1277
0 19152 2128 2 43 0 5247 583 244 0 13905 1545
3013 29864 3648 2 356 0 16101 1789 238 3013 13763 1859
0 17343 1932 2 238 0 0 5 151 0 17343 1927
0 29961 3329 2 1102 0 12033 1337 522 0 17928 1992
203 30631 3416 2 212 0 17721 1969 1120 203 12910 1447
0 8361 939 2 1120 0 0 10 951 0 8361 929
0 12465 1385 2 801 0 6948 772 670 0 5517 613
0 21312 2368 2 535 0 12825 1425 959 0 8487 943
0 21600 2400 2 573 0 8397 933 138 0 13203 1467
0 24516 2724 2 541 0 12510 1390 47 0 12006 1334
0 25434 2826 2 209 0 15246 1694 224 0 10188 1132
0 25713 2857 2 1052 0 10116 1124 468 0 15597 1733
0 27549 3061 2 424 0 10350 1150 282 0 17199 1911
0 21672 2408 2 768 0 4815 535 478 0 16857 1873
0 15561 1729 2 933 0 8091 899 1106 0 7470 830
-1
9 42
0 22068 2452 2 399 0 16452 1828 1143 0 5616 624
0 10584 1198 2 751 0 10584 1176 86 0 0 22
0 23238 2582 2 982 0 14346 1594 1019 0 8892 988
0 21249 2361 2 636 0 5715 635 935 0 15534 1726
0 19890 2210 2 703 0 6111 679 536 0 13779 1531
0 23193 2577 2 542 0 5463 607 1061 0 17730 1970
0 22473 2497 2 333 0 10989 1221 1152 0 11484 1276
0 12168 1352 2 856 0 5391 599 793 0 6777 753
0 23400 2600 2 803 0 5544 616 137 0 17856 1984
0 25146 2794 2 161 0 10917 1213 949 0 14229 1581
0 27963 3107 2 200 0 10728 1192 457 0 17235 1915
0 21132 2348 2 479 0 12969 1441 1127 0 8163 907
0 25560 2840 2 825 0 13770 1530 410 0 11790 1310
0 11952 1328 2 177 0 7380 820 97 0 4572 508
0 9846 1094 2 516 0 5175 575 382 0 4671 519
0 28395 3155 2 148 0 15507 1723 40 0 12888 1432
0 20187 2243 2 1093 0 11106 1234 946 0 9081 1009
3013 29864 3648 2 1123 0 17550 1950 276 3013 12314 1698
0 15228 1697 2 276 0 0 5 24 0 15228 1692
0 20871 2319 2 688 0 10827 1203 409 0 10044 1116
0 26307 2923 2 1149 0 14841 1649 434 0 11466 1274
0 23175 2575 2 67 0 17874 1986 1091 0 5301 589
0 18999 2111 2 1174 0 11340 1260 1016 0 7659 851
0 16488 1832 2 362 0 9099 1011 1070 0 7389 821
0 26739 2971 2 181 0 9234 1026 591 0 17505 1945
0 25596 2844 2 1141 0 15921 1769 1060 0 9675 1075
0 23724 2636 2 275 0 10881 1209 1040 0 12843 1427
0 21933 2437 2 234 0 16704 1856 1056 0 5229 581
0 18009 2001 2 960 0 9108 1012 341 0 8901 989
0 29646 3294 2 1145 0 14832 1648 611 0 14814 1646
0 14895 1655 2 861 0 8073 897 990 0 6822 758
0 23760 2640 2 397 0 13473 1497 168 0 10287 1143
0 19863 2207 2 1154 0 5112 568 898 0 14751 1639
0 19593 2177 2 1037 0 13194 1466 401 0 6399 711
0 28341 3149 2 694 0 15066 1674 251 0 13275 1475
0 16578 1842 2 653 0 5634 626 607 0 10944 1216
0 24795 2755 2 503 0 16839 1871 547 0 7956 884
0 23220 2580 2 284 0 12726 1414 943 0 10494 1166
0 21726 2414 2 655 0 12150 1350 133 0 9576 1064
0 24903 2767 2 931 0 15777 1753 577 0 9126 1014
0 25281 2809 2 1097 0 13851 1539 738 0 11430 1270
0 18882 2098 2 342 0 10422 1158 188 0 8460 940
-1
10 41
0 29160 3240 2 166 0 13392 1488 366 0 15768 1752
0 19845 2205 2 336 0 11709 1301 1196 0 8136 904
0 22329 2481 2 760 0 16092 1788 625 0 6237 693
0 28647 3183 2 48 0 11007 1223 761 0 17640 1960
0 26658 2962 2 836 0 12087 1343 892 0 14571 1619
0 14670 1630 2 652 0 5985 665 987 0 8685 965
0 19980 2220 2 950 0 7380 820 23 0 12600 1400
0 29700 3300 2 917 0 16362 1818 994 0 13338 1482
0 19800 2200 2 1108 0 6354 706 492 0 13446 1494
0 23607 2623 2 504 0 12168 1352 1176 0 11439 1271
0 28890 3210 2 609 0 12042 1338 1139 0 16848 1872
0 25974 2886 2 584 0 14670 1630 280 0 11304 1256
0 19854 2206 2 707 0 15030 1670 446 0 4824 536
0 17550 1950 2 15 0 5688 632 324 0 11862 1318
0 24462 2718 2 705 0 17811 1979 470 0 6651 739
0 23850 2650 2 640 0 17568 1952 776 0 6282 698
0 20736 2304 2 1128 0 11187 1243 243 0 9549 1061
735 30486 3458 2 450 0 14202 1578 927 735 16284 1880
0 11736 1315 2 927 0 0 11 203 0 11736 1304
0 18189 2021 2 534 0 13581 1509 512 0 4608 512
0 27531 3059 2 221 0 12906 1434 1079 0 14625 1625
0 22491 2499 2 407 0 9585 1065 684 0 12906 1434
0 25074 2786 2 344 0 17370 1930 1124 0 7704 856
0 20898 2322 2 184 0 12564 1396 1072 0 8334 926
0 18684 2076 2 730 0 8280 920 346 0 10404 1156
0 15336 1704 2 890 0 9594 1066 359 0 5742 638
0 19746 2194 2 887 0 9720 1080 643 0 10026 1114
0 16533 1837 2 21 0 9468 1052 132 0 7065 785
0 25101 2789 2 561 0 7416 824 327 0 17685 1965
0 25227 2803 2 859 0 13941 1549 869 0 11286 1254
0 24039 2671 2 874 0 17595 1955 814 0 6444 716
0 24741 2749 2 304 0 10089 1121 301 0 14652 1628
0 22797 2533 2 715 0 11592 1288 1098 0 11205 1245
0 11250 1250 2 194 0 6147 683 262 0 5103 567
0 18459 2051 2 570 0 9972 1108 60 0 8487 943
0 28026 3114 2 1076 0 17262 1918 932 0 10764 1196
0 14868 1652 2 918 0 8334 926 25 0 6534 726
0 27882 3098 2 1039 0 17802 1978 357 0 10080 1120
0 19827 2203 2 600 0 4941 549 277 0 14886 1654
0 23112 2568 2 1167 0 11637 1293 549 0 11475 1275
0 25704 2856 2 634 0 9054 1006 437 0 16650 1850
-1
11 2
0 14157 1573 2 794 0 7119 791 464 0 7038 782
0 16533 1837 1 331 0 16533 1837
-1
12 0
-1
13 0
-1
14 0
-1
15 0
-1
16 0
-1
17 0
-1
18 0
-1
19 0
-1
20 0
-1
21 0
-1
22 0
-1
23 0
-1
24 0
-1
25 0
-1
26 0
-1
27 0
-1
28 0
-1
29 0
-1
30 0
-1
31 0
-1
32 0
-1
33 0
-1
34 0
-1
35 0
-1
36 0
-1
37 0
-1
38 0
-1
39 0
-1
40 0
-1
