1 24
3480 381 0 1 70 3480 381 0
4081 0 429 2 70 0 0 429 32 4081 0 0
2484 419 500 2 32 0 419 500 153 2484 0 0
1140 864 372 2 153 0 864 372 139 1140 0 0
4820 0 0 1 139 4820 0 0
3352 88 672 2 139 0 88 672 97 3352 0 0
4820 0 0 1 97 4820 0 0
2654 162 926 2 97 0 162 926 192 2654 0 0
2072 604 362 2 192 0 604 362 64 2072 0 0
371 1265 0 1 64 371 1265 0
2995 317 412 2 64 0 0 412 37 2995 317 0
1783 683 368 2 37 0 0 368 55 1783 683 0
4348 0 274 2 55 0 0 274 197 4348 0 0
888 1118 0 1 197 888 1118 0
3603 0 706 2 197 0 0 706 132 3603 0 0
3702 318 0 1 132 3702 318 0
1418 552 847 2 132 0 0 847 164 1418 552 0
4439 1 219 2 164 0 1 219 45 4439 0 0
1138 1047 0 1 45 1138 1047 0
3551 0 736 2 45 0 0 736 5 3551 0 0
2115 769 0 1 5 2115 769 0
2134 413 715 2 5 0 0 715 126 2134 413 0
304 1145 283 2 126 0 0 283 51 304 1145 0
3301 353 161 2 51 0 0 161 60 3301 353 0
-1
2 21
6448 1692 188 2 10 0 1692 188 28 6448 0 0
3273 2312 765 2 28 0 437 765 180 3273 1875 0
567 3176 572 2 180 0 0 572 104 567 3176 0
6210 1648 416 2 104 0 1 416 84 6210 1647 0
0 2610 1163 2 84 0 0 873 125 0 2610 290
6667 1722 0 2 106 6666 1722 0 128 1 0 0
0 2159 1172 2 106 0 0 932 128 0 2159 240
7043 1615 0 1 85 7043 1615 0
0 1485 1127 2 85 0 0 962 172 0 1485 165
969 3342 0 1 175 969 3342 0
0 1577 1112 2 175 0 0 479 49 0 1577 633
4011 2477 0 1 136 4011 2477 0
1389 2869 721 2 136 0 1 721 185 1389 2868 0
7642 1213 473 2 185 0 0 473 100 7642 1213 0
0 2008 1207 2 100 0 1 984 4 0 2007 223
4377 2373 0 1 82 4377 2373 0
0 1512 918 2 82 0 0 750 118 0 1512 168
0 3600 36 1 76 0 3600 36
5519 1870 364 2 76 0 0 364 68 5519 1870 0
222 3152 821 2 68 0 0 821 178 222 3152 0
1515 3003 375 2 178 0 1 375 74 1515 3002 0
-1
3 25
4827 0 0 1 166 4827 0 0
1547 664 548 2 166 0 105 548 127 1547 559 0
519 1110 234 2 127 0 0 234 69 519 1110 0
2380 607 181 2 69 0 0 181 92 2380 607 0
4251 1 332 2 92 0 1 332 183 4251 0 0
4454 106 0 1 183 4454 106 0
3139 0 979 2 183 0 0 979 131 3139 0 0
424 1252 0 1 131 424 1252 0
3905 0 535 2 131 0 0 535 196 3905 0 0
4827 0 0 1 196 4827 0 0
1368 502 982 2 196 0 106 982 96 1368 396 0
4303 53 196 2 96 0 0 196 80 4303 53 0
3993 0 484 2 80 0 0 484 15 3993 0 0
2288 722 0 2 15 2287 722 0 135 1 0 0
3064 120 778 2 15 0 0 778 135 3064 120 0
3858 102 354 2 135 0 1 354 25 3858 101 0
1666 683 440 2 25 0 1 440 38 1666 682 0
4374 1 261 2 38 0 1 261 176 4374 0 0
3856 36 490 2 176 0 36 490 2 3856 0 0
568 1211 0 2 2 567 1211 0 103 1 0 0
3748 0 626 2 2 0 0 626 103 3748 0 0
0 1336 74 1 103 0 1336 74
3981 0 491 2 103 0 0 491 109 3981 0 0
3336 424 0 2 109 3335 424 0 39 1 0 0
3344 0 860 2 109 0 0 860 39 3344 0 0
-1
4 12
3485 2500 576 2 27 0 0 576 147 3485 2500 0
6311 1653 665 2 147 0 0 665 170 6311 1653 0
0 1261 1025 2 170 0 1 885 133 0 1260 140
4574 2473 0 1 169 4574 2473 0
0 3051 1122 2 169 0 0 783 75 0 3051 339
5970 2076 0 1 124 5970 2076 0
7914 1085 894 2 124 0 0 894 26 7914 1085 0
3838 2192 1000 2 26 0 1 1000 174 3838 2191 0
1652 2975 670 2 174 0 1 670 95 1652 2974 0
0 1341 663 2 95 0 0 514 89 0 1341 149
5844 2112 0 1 186 5844 2112 0
4675 2011 884 2 186 0 0 884 148 4675 2011 0
-1
5 12
304 1587 0 2 71 303 1587 0 165 1 0 0
118 1537 210 2 71 0 0 210 165 118 1537 0
4717 242 184 2 165 0 0 184 77 4717 242 0
4936 0 551 2 77 0 0 551 6 4936 0 0
3075 799 0 1 6 3075 799 0
4194 1 979 2 6 0 1 979 152 4194 0 0
51 1659 0 1 152 51 1659 0
4755 0 656 2 152 0 0 656 46 4755 0 0
1155 1345 0 2 46 1154 1345 0 22 1 0 0
4496 0 806 2 46 0 0 806 22 4496 0 0
1225 1325 0 1 22 1225 1325 0
4536 0 783 2 22 0 0 783 56 4536 0 0
-1
6 9
6609 1417 700 2 34 0 1417 700 200 6609 0 0
7067 1264 746 2 200 0 105 746 54 7067 1159 0
7249 1130 914 2 54 0 0 914 88 7249 1130 0
2130 2577 931 2 88 0 0 931 11 2130 2577 0
5282 1881 523 2 11 0 0 523 115 5282 1881 0
555 3091 796 2 115 0 1 796 73 555 3090 0
0 1917 618 2 73 0 0 405 193 0 1917 213
6986 1653 0 1 91 6986 1653 0
0 1666 1145 2 91 0 1 960 117 0 1665 185
-1
7 16
3109 2012 0 1 105 3109 2012 0
4706 1279 569 2 105 0 0 569 190 4706 1279 0
0 2232 913 2 190 0 0 665 1 0 2232 248
341 2799 0 1 144 341 2799 0
0 1 1144 2 144 0 1 349 50 0 0 795
6176 1140 0 1 154 6176 1140 0
8559 64 813 2 154 0 1 813 114 8559 63 0
7197 380 958 2 114 0 0 958 199 7197 380 0
2530 1764 842 2 199 0 1 842 30 2530 1763 0
8389 277 477 2 30 0 0 477 143 8389 277 0
7164 387 963 2 143 0 1 963 173 7164 386 0
4641 1165 839 2 173 0 1 839 52 4641 1164 0
4142 1402 645 2 52 0 0 645 90 4142 1402 0
425 2473 616 2 90 0 0 616 184 425 2473 0
7052 733 322 2 184 0 0 322 101 7052 733 0
0 0 1669 2 101 0 0 865 39 0 0 804
-1
8 13
8672 102 0 1 14 8672 102 0
7346 1 975 2 14 0 1 975 134 7346 0 0
3024 1240 954 2 134 0 1240 954 53 3024 0 0
146 2526 0 1 53 146 2526 0
0 2 1274 2 53 0 1 633 18 0 1 641
2875 1750 0 1 44 2875 1750 0
4739 968 514 2 44 0 1 514 36 4739 967 0
706 2056 634 2 36 0 0 634 110 706 2056 0
0 1342 456 2 110 0 1 307 102 0 1341 149
5693 949 0 1 47 5693 949 0
0 1449 899 2 47 0 0 738 19 0 1449 161
6034 852 0 2 149 6033 852 0 78 1 0 0
3047 1326 765 2 149 0 0 765 78 3047 1326 0
-1
9 6
2727 2455 0 1 120 2727 2455 0
0 2 1319 2 120 0 1 576 148 0 1 743
1320 2855 0 1 9 1320 2855 0
0 1 464 1 9 0 1 464
5294 1725 0 1 67 5294 1725 0
5064 1408 780 2 67 0 1 780 138 5064 1407 0
-1
10 7
6894 0 919 2 21 0 0 919 179 6894 0 0
3420 1008 878 2 179 0 1008 878 112 3420 0 0
4075 1252 0 1 112 4075 1252 0
3912 822 972 2 112 0 1 972 129 3912 821 0
7568 1 526 2 129 0 1 526 58 7568 0 0
6129 243 867 2 58 0 235 867 191 6129 8 0
7299 1 682 2 191 0 1 682 198 7299 0 0
-1
11 8
3828 2076 0 1 160 3828 2076 0
0 0 1225 2 160 0 0 656 87 0 0 569
5456 1530 170 2 150 0 1530 170 141 5456 0 0
1 2806 731 2 141 0 2806 731 158 1 0 0
2771 2285 187 2 141 0 0 187 158 2771 2285 0
2944 2052 562 2 158 0 1 562 195 2944 2051 0
0 0 1084 2 195 0 0 555 137 0 0 529
2355 2495 0 1 35 2355 2495 0
-1
12 7
2587 987 0 2 72 2586 987 0 23 1 0 0
5374 0 397 2 72 0 0 397 23 5374 0 0
371 1617 0 2 23 370 1617 0 108 1 0 0
4648 0 818 2 23 0 0 818 108 4648 0 0
1120 1404 0 1 108 1120 1404 0
4684 0 797 2 108 0 0 797 162 4684 0 0
2063 1136 0 1 162 2063 1136 0
-1
13 4
692 1461 0 1 40 692 1461 0
4350 0 859 2 40 0 0 859 93 4350 0 0
1 1626 64 2 93 0 1626 64 140 1 0 0
4796 0 600 2 93 0 0 600 140 4796 0 0
-1
14 7
5113 2700 300 2 189 0 2700 300 161 5113 0 0
3020 3027 847 2 161 0 2510 847 13 3020 517 0
0 3060 733 2 13 0 0 393 42 0 3060 340
0 2052 696 2 142 0 2052 228 41 0 0 468
1336 3921 0 2 63 1335 3921 0 177 1 0 0
2939 3179 584 2 63 0 0 584 177 2939 3179 0
0 1000 791 2 177 0 1 680 98 0 999 111
-1
15 4
1069 1864 731 2 140 0 0 731 157 1069 1864 0
0 1341 475 2 157 0 0 326 43 0 1341 149
3638 1492 0 1 146 3638 1492 0
0 2097 803 2 146 0 0 570 12 0 2097 233
-1
