1 73
5358 0 2 1 166 5358 0 2
1465 1194 727 2 166 0 1194 726 1 1465 0 1
5358 0 2 1 1 5358 0 2
1383 1424 4 1 1 1383 1424 4
4535 0 1065 2 1 0 0 1063 162 4535 0 2
386 1594 679 2 162 0 1594 679 13 386 0 0
5358 0 2 1 13 5358 0 2
3947 506 1 1 13 3947 506 1
4484 0 1131 2 13 0 0 1130 91 4484 0 1
1633 1335 2 1 91 1633 1335 2
4720 0 826 2 91 0 0 825 20 4720 0 1
5358 0 2 1 20 5358 0 2
2237 785 1204 2 20 0 785 1204 199 2237 0 0
5358 0 2 1 199 5358 0 2
2858 896 2 1 199 2858 896 2
4386 0 1257 2 199 0 0 1257 143 4386 0 0
5358 0 2 1 143 5358 0 2
1071 1200 1214 2 143 0 1200 1214 171 1071 0 0
4048 470 0 1 171 4048 470 0
4878 0 622 2 171 0 0 621 51 4878 0 1
5358 0 2 1 51 5358 0 2
3972 177 1154 2 51 0 177 1154 116 3972 0 0
4998 129 2 1 116 4998 129 2
4578 0 1009 2 116 0 0 1009 191 4578 0 0
5358 0 2 1 191 5358 0 2
2085 1173 2 1 191 2085 1173 2
4227 0 1463 2 191 0 0 1462 73 4227 0 1
2091 1170 5 1 73 2091 1170 5
4720 0 826 2 73 0 0 826 17 4720 0 0
1547 1365 5 1 17 1547 1365 5
4707 0 843 2 17 0 0 843 24 4707 0 0
0 1746 630 1 24 0 1746 630
5292 0 87 2 24 0 0 87 153 5292 0 0
5358 0 2 1 153 5358 0 2
1683 960 1289 2 153 0 960 1288 94 1683 0 1
5358 0 2 1 94 5358 0 2
4002 486 2 1 94 4002 486 2
4371 0 1277 2 94 0 0 1276 45 4371 0 1
5358 0 2 1 45 5358 0 2
2028 1194 0 1 45 2028 1194 0
4247 0 1437 2 45 0 0 1436 197 4247 0 1
487 1746 1 1 197 487 1746 1
4803 0 719 2 197 0 0 718 90 4803 0 1
2919 873 6 1 90 2919 873 6
4624 0 950 2 90 0 0 948 69 4624 0 2
2964 695 589 2 69 0 695 589 178 2964 0 0
5358 0 2 1 178 5358 0 2
3787 563 2 1 178 3787 563 2
4271 0 1406 2 178 0 0 1404 10 4271 0 2
1332 1273 614 2 10 0 1273 614 23 1332 0 0
5358 0 2 1 23 5358 0 2
625 1446 904 2 23 0 1446 902 25 625 0 2
4029 476 3 1 25 4029 476 3
4785 48 569 2 25 0 0 565 193 4785 48 4
5358 0 2 1 138 5358 0 2
5358 0 2 1 138 5358 0 2
843 1617 6 1 138 843 1617 6
4234 0 1454 2 138 0 0 1454 103 4234 0 0
0 302 1037 2 193 0 0 533 103 0 302 504
5358 0 2 1 115 5358 0 2
559 1509 762 2 115 0 1509 761 60 559 0 1
5358 0 2 1 60 5358 0 2
5358 0 2 1 60 5358 0 2
2 1755 595 1 60 2 1755 595
4703 0 848 2 60 0 0 848 59 4703 0 0
5358 0 2 1 59 5358 0 2
1511 1379 1 1 59 1511 1379 1
4247 0 1437 2 59 0 0 1436 184 4247 0 1
4430 332 4 1 184 4430 332 4
4587 0 998 2 184 0 0 996 62 4587 0 2
5358 0 2 1 62 5358 0 2
3187 459 1152 2 62 0 459 1152 14 3187 0 0
5358 0 2 1 14 5358 0 2
-1
2 50
2849 2209 0 1 40 2849 2209 0
8577 0 563 2 40 0 0 562 136 8577 0 1
1 3185 161 1 136 1 3185 161
4426 1325 1149 2 136 0 0 1145 125 4426 1325 4
8232 102 641 2 125 0 0 635 52 8232 102 6
8299 0 922 2 52 0 0 920 84 8299 0 2
7784 179 942 2 84 0 179 940 145 7784 0 2
4251 1423 1022 2 145 0 1423 1021 128 4251 0 1
4361 1666 4 1 128 4361 1666 4
8131 0 1139 2 128 0 0 1137 80 8131 0 2
4623 1283 1046 2 80 0 1283 1044 196 4623 0 2
5346 1137 638 2 196 0 1137 638 141 5346 0 0
6933 744 5 1 141 6933 744 5
7896 0 1442 2 141 0 0 1442 108 7896 0 0
4562 1311 1024 2 108 0 1311 1023 32 4562 0 1
8140 312 3 1 32 8140 312 3
7896 0 1442 2 32 0 0 1442 55 7896 0 0
3575 1948 3 1 55 3575 1948 3
4125 1338 1491 2 55 0 0 1488 15 4125 1338 3
9012 0 1 1 185 9012 0 1
2 3082 531 1 185 2 3082 531
0 0 1416 2 185 0 0 812 15 0 0 604
2234 2428 5 1 183 2234 2428 5
7616 358 514 2 183 0 0 513 2 7616 358 1
5939 856 885 2 2 0 0 885 57 5939 856 0
8428 0 755 2 57 0 0 755 150 8428 0 0
6797 518 995 2 150 0 518 994 130 6797 0 1
4137 1492 920 2 130 0 1492 920 186 4137 0 0
598 3014 6 1 186 598 3014 6
3640 1688 856 2 186 0 0 855 174 3640 1688 1
4410 1485 593 2 174 0 0 591 99 4410 1485 2
8507 0 653 2 99 0 0 653 35 8507 0 0
5542 952 1052 2 35 0 952 1051 170 5542 0 1
2825 2217 2 1 170 2825 2217 2
4507 1289 1174 2 170 0 0 1173 120 4507 1289 1
6398 757 649 2 120 0 0 643 37 6398 757 6
8402 0 789 2 37 0 0 789 77 8402 0 0
6879 490 990 2 77 0 490 988 96 6879 0 2
629 3004 2 1 96 629 3004 2
8110 0 1166 2 96 0 0 1164 70 8110 0 2
6999 458 950 2 70 0 458 950 21 6999 0 0
4928 1222 872 2 21 0 822 869 47 4928 400 3
659 2829 594 2 47 0 0 589 169 659 2829 5
8594 0 541 2 169 0 0 539 3 8594 0 2
3742 1576 1128 2 3 0 1576 1128 39 3742 0 0
5370 1154 546 2 39 0 1154 544 34 5370 0 2
6797 793 4 1 34 6797 793 4
5742 774 1435 2 34 0 0 1434 75 5742 774 1
8453 0 723 2 75 0 0 723 83 8453 0 0
2034 2500 4 1 83 2034 2500 4
-1
3 36
3195 2313 1 1 104 3195 2313 1
9176 0 612 2 104 0 0 611 111 9176 0 1
2533 2200 1263 2 111 0 2200 1263 187 2533 0 0
2714 2484 6 1 187 2714 2484 6
8988 0 855 2 187 0 0 853 63 8988 0 2
1266 3003 6 1 63 1266 3003 6
2552 2137 1466 2 63 0 0 1465 129 2552 2137 1
2327 2479 524 2 129 0 0 520 126 2327 2479 4
2262 2499 536 2 126 0 0 530 36 2262 2499 6
6788 880 525 2 36 0 0 523 98 6788 880 2
8991 0 851 2 98 0 0 850 56 8991 0 1
3907 1728 1190 2 56 0 1728 1190 118 3907 0 0
1523 2708 737 2 118 0 2708 735 81 1523 0 2
8398 447 6 1 81 8398 447 6
8764 0 1144 2 81 0 0 1144 110 8764 0 0
8345 466 6 1 85 8345 466 6
0 1694 2135 2 85 0 0 973 110 0 1694 1162
8807 301 4 1 124 8807 301 4
8823 15 1014 2 124 0 0 1008 142 8823 15 6
6887 718 981 2 142 0 0 976 67 6887 718 5
8998 0 842 2 67 0 0 840 146 8998 0 2
7137 605 1065 2 146 0 605 1065 151 7137 0 0
854 2844 1111 2 151 0 2844 1109 156 854 0 2
9650 0 0 1 156 9650 0 0
2537 2159 1406 2 156 0 2159 1405 180 2537 0 1
9650 0 0 1 180 9650 0 0
4452 1478 1387 2 180 0 278 1384 5 4452 1200 3
8810 127 627 2 5 0 0 625 172 8810 127 2
6542 838 994 2 172 0 0 991 152 6542 838 3
6902 757 821 2 152 0 0 817 106 6902 757 4
3801 1860 851 2 106 0 0 847 92 3801 1860 4
7100 739 630 2 92 0 0 625 137 7100 739 5
8254 260 866 2 137 0 0 866 9 8254 260 0
8916 0 948 2 9 0 0 946 16 8916 0 2
310 3347 1 1 16 310 3347 1
8570 0 1395 2 16 0 0 1394 140 8570 0 1
-1
4 76
4533 0 1 1 190 4533 0 1
4346 67 1 1 190 4346 67 1
3765 0 993 2 190 0 0 992 135 3765 0 1
2880 591 6 1 135 2880 591 6
3916 0 798 2 135 0 0 797 119 3916 0 1
4533 0 1 1 119 4533 0 1
1 1567 207 1 119 1 1567 207
3834 0 904 2 119 0 0 904 49 3834 0 0
1201 1193 5 1 49 1201 1193 5
4001 0 688 2 49 0 0 687 109 4001 0 1
4533 0 1 1 109 4533 0 1
3366 151 964 2 109 0 151 963 122 3366 0 1
4533 0 1 1 122 4533 0 1
2811 363 917 2 122 0 363 916 18 2811 0 1
1476 1095 3 1 18 1476 1095 3
4074 0 594 2 18 0 0 594 189 4074 0 0
1429 957 561 2 189 0 957 559 89 1429 0 2
4533 0 1 1 89 4533 0 1
3491 185 680 2 89 0 185 680 33 3491 0 0
4533 0 1 1 33 4533 0 1
4476 19 6 1 33 4476 19 6
3462 0 1384 2 33 0 0 1384 7 3462 0 0
4533 0 1 1 7 4533 0 1
4533 0 1 1 7 4533 0 1
712 954 1498 2 7 0 954 1496 154 712 0 2
4533 0 1 1 154 4533 0 1
2200 835 5 1 154 2200 835 5
3827 0 913 2 154 0 0 912 195 3827 0 1
2122 864 1 1 195 2122 864 1
3949 0 755 2 195 0 0 755 38 3949 0 0
4533 0 1 1 38 4533 0 1
1616 761 1026 2 38 0 761 1026 167 1616 0 0
4533 0 1 1 167 4533 0 1
4311 79 3 1 167 4311 79 3
3630 0 1167 2 167 0 0 1167 139 3630 0 0
3467 382 1 1 139 3467 382 1
3891 0 830 2 139 0 0 830 71 3891 0 0
4533 0 1 1 71 4533 0 1
2 1348 995 1 71 2 1348 995
4464 0 90 2 71 0 0 90 30 4464 0 0
1283 1165 0 1 30 1283 1165 0
3939 0 768 2 30 0 0 768 113 3939 0 0
2 1603 76 1 113 2 1603 76
4115 0 541 2 113 0 0 540 159 4115 0 1
2530 717 4 1 159 2530 717 4
3904 0 813 2 159 0 0 813 102 3904 0 0
11 1620 3 1 102 11 1620 3
4060 0 612 2 102 0 0 612 66 4060 0 0
4533 0 1 1 66 4533 0 1
164 1566 0 1 66 164 1566 0
3645 0 1148 2 66 0 0 1146 74 3645 0 2
1502 945 510 2 74 0 945 508 121 1502 0 2
4533 0 1 1 121 4533 0 1
4533 0 1 1 121 4533 0 1
1072 1239 6 1 121 1072 1239 6
3432 0 1423 2 121 0 0 1421 179 3432 0 2
3523 362 1 1 179 3523 362 1
3905 0 812 2 179 0 0 810 42 3905 0 2
4533 0 1 1 97 4533 0 1
4533 0 1 1 97 4533 0 1
3875 235 4 1 97 3875 235 4
3405 0 1458 2 97 0 0 1458 42 3405 0 0
4436 35 0 1 42 4436 35 0
3522 0 1307 2 42 0 0 1307 43 3522 0 0
4533 0 1 1 43 4533 0 1
486 1449 6 1 43 486 1449 6
3679 0 1104 2 43 0 0 1103 157 3679 0 1
4533 0 1 1 157 4533 0 1
155 1569 1 1 157 155 1569 1
3681 0 1101 2 157 0 0 1101 175 3681 0 0
582 1416 1 1 175 582 1416 1
4046 0 630 2 175 0 0 630 194 4046 0 0
4533 0 1 1 194 4533 0 1
1364 1136 0 1 194 1364 1136 0
3580 0 1232 2 194 0 0 1230 100 3580 0 2
157 1415 553 2 100 0 1415 553 76 157 0 0
-1
5 46
5812 0 1 1 132 5812 0 1
5812 0 1 1 132 5812 0 1
557 1480 1454 2 132 0 1480 1454 26 557 0 0
5812 0 1 1 26 5812 0 1
3445 633 777 2 26 0 633 777 158 3445 0 0
2223 1145 510 2 158 0 1145 510 79 2223 0 0
5812 0 1 1 79 5812 0 1
2663 1128 3 1 79 2663 1128 3
4797 0 1312 2 79 0 0 1310 131 4797 0 2
5812 0 1 1 131 5812 0 1
925 1750 6 1 131 925 1750 6
4677 0 1467 2 131 0 0 1467 192 4677 0 0
4698 399 2 1 192 4698 399 2
4972 0 1086 2 192 0 0 1084 88 4972 0 2
5812 0 1 1 88 5812 0 1
803 1420 1353 2 88 0 1420 1353 168 803 0 0
5812 0 1 1 168 5812 0 1
0 1917 599 1 168 0 1917 599
4282 452 348 2 168 0 0 348 93 4282 452 0
0 0 1195 2 93 0 0 526 127 0 0 669
5812 0 1 1 155 5812 0 1
0 2000 300 1 155 0 2000 300
4658 256 569 2 155 0 0 567 147 4658 256 2
5390 0 546 2 147 0 0 544 182 5390 0 2
1989 1369 5 1 182 1989 1369 5
5065 0 966 2 182 0 0 965 123 5065 0 1
5286 188 3 1 123 5286 188 3
4909 0 1167 2 123 0 0 1167 22 4909 0 0
5812 0 1 1 22 5812 0 1
2 1994 319 1 22 2 1994 319
4965 0 1095 2 22 0 0 1093 41 4965 0 2
3941 670 3 1 41 3941 670 3
4993 0 1059 2 41 0 0 1059 161 4993 0 0
2970 839 648 2 161 0 839 648 46 2970 0 0
487 1907 6 1 46 487 1907 6
5356 0 590 2 46 0 0 590 163 5356 0 0
4790 366 2 1 163 4790 366 2
4910 0 1166 2 163 0 0 1166 11 4910 0 0
0 1093 1614 2 11 0 1093 667 140 0 0 947
3910 521 580 2 76 0 521 578 112 3910 0 2
286 1805 633 2 112 0 1805 633 12 286 0 0
5020 283 4 1 12 5020 283 4
5335 0 617 2 12 0 0 617 188 5335 0 0
1611 1505 3 1 188 1611 1505 3
5088 0 936 2 188 0 0 936 65 5088 0 0
5812 0 1 1 65 5812 0 1
-1
6 18
8838 252 5 1 105 8838 252 5
8107 236 1007 2 105 0 0 1005 173 8107 236 2
8829 0 925 2 173 0 0 925 176 8829 0 0
1163 3004 0 1 176 1163 3004 0
8427 0 1444 2 176 0 0 1444 160 8427 0 0
0 3075 1246 1 160 0 3075 1246
3184 2270 35 2 160 0 0 32 31 3184 2270 3
9078 0 603 2 31 0 0 603 61 9078 0 0
1584 2496 1287 2 61 0 2496 1286 86 1584 0 1
3702 2094 0 1 86 3702 2094 0
3241 2032 819 2 86 0 0 819 144 3241 2032 0
8890 0 846 2 144 0 0 845 50 8890 0 1
0 3053 1325 1 50 0 3053 1325
5021 1621 1 2 50 0 0 1 44 5021 1621 0
8973 0 739 2 44 0 0 738 181 8973 0 1
2172 2295 1252 2 181 0 2295 1251 148 2172 0 1
262 3326 3 1 148 262 3326 3
4709 1555 642 2 148 0 0 636 95 4709 1555 6
-1
7 14
9195 0 583 2 53 0 0 583 6 9195 0 0
7810 363 1064 2 6 0 363 1062 48 7810 0 2
1359 2648 1161 2 48 0 2648 1160 87 1359 0 1
9646 0 1 1 87 9646 0 1
6184 875 1319 2 87 0 875 1318 82 6184 0 1
2957 2141 924 2 82 0 2141 924 64 2957 0 0
3960 2038 0 1 64 3960 2038 0
8876 0 995 2 64 0 0 995 29 8876 0 0
4176 1636 1170 2 29 0 1636 1168 72 4176 0 2
4343 1719 655 2 72 0 1719 653 177 4343 0 2
1632 2872 1 1 177 1632 2872 1
2767 2192 986 2 177 0 0 980 27 2767 2192 6
9224 0 546 2 27 0 0 545 28 9224 0 1
1053 3079 3 1 28 1053 3079 3
-1
8 18
4850 0 0 1 19 4850 0 0
2188 954 0 1 19 2188 954 0
2228 693 889 2 19 0 0 888 198 2228 693 1
3869 0 1267 2 198 0 0 1267 78 3869 0 0
4850 0 0 1 78 4850 0 0
2384 596 1037 2 78 0 596 1035 101 2384 0 2
1068 1354 5 1 101 1068 1354 5
4442 0 527 2 101 0 0 527 165 4442 0 0
3289 558 5 1 165 3289 558 5
4140 0 917 2 165 0 0 916 4 4140 0 1
4728 42 6 1 4 4728 42 6
4088 0 984 2 4 0 0 983 133 4088 0 1
3629 437 2 1 133 3629 437 2
4150 0 904 2 133 0 0 903 114 4150 0 1
4850 0 0 1 114 4850 0 0
2 1708 106 1 114 2 1708 106
4011 0 1083 2 114 0 0 1083 134 4011 0 0
2669 781 2 1 134 2669 781 2
-1
9 12
9591 0 1 1 117 9591 0 1
0 2851 1847 2 117 0 1830 1268 54 0 1021 579
9591 0 1 1 68 9591 0 1
8241 183 1085 2 68 0 183 1085 107 8241 0 0
823 2802 1227 2 107 0 2802 1227 164 823 0 0
9591 0 1 1 164 9591 0 1
1736 2420 1425 2 164 0 2420 1425 58 1736 0 0
4199 1931 6 1 58 4199 1931 6
8919 0 869 2 58 0 0 868 149 8919 0 1
205 2997 1323 2 149 0 2997 1323 8 205 0 0
5068 1621 1 1 8 5068 1621 1
8998 0 767 2 8 0 0 765 200 8998 0 2
-1
10 1
0 0 1571 1 200 0 0 1571
-1
11 0
-1
12 0
-1
13 0
-1
14 0
-1
15 0
-1
