5 9
2748 0 1486 2 8 312 0 246 6 2436 0 1240
4080 0 791 3 3 3189 0 54 5 826 0 510 8 65 0 227
2314 0 386 2 4 574 0 322 6 1740 0 64
3753 0 776 3 4 1351 0 438 7 2169 0 334 8 233 0 4
2525 0 0 1 2 2525 0 0
2209 0 969 2 2 2209 0 968 7 0 0 1
2162 116 9 2 2 2162 116 7 7 0 0 2
12 808 12 2 7 0 391 1 3 12 417 11
2211 101 1 2 3 0 1 0 6 2211 100 1
-1
2 11
1489 787 499 1 3 1489 787 499
4856 0 829 2 5 3779 0 153 9 1077 0 676
50 453 73 2 6 50 0 19 3 0 453 54
3628 0 227 2 5 650 0 26 7 2978 0 201
5384 0 20 1 4 5384 0 20
2896 803 3 2 4 2896 803 1 5 0 0 2
0 1499 69 2 4 0 1 0 5 0 1498 69
5243 0 452 1 9 5243 0 452
3614 572 0 1 9 3614 572 0
5387 1 1 2 9 0 1 0 6 5387 0 1
4959 1 1311 2 6 0 1 0 10 4959 0 1311
-1
4 7
3455 29 829 3 4 406 0 455 5 3049 0 284 3 0 29 90
3877 0 364 3 1 1904 0 313 2 1736 0 22 4 237 0 29
2223 0 39 1 7 2223 0 39
2209 0 82 1 1 2209 0 82
655 503 57 2 1 0 503 0 8 655 0 57
2235 0 2 2 8 2235 0 1 3 0 0 1
1071 375 0 1 8 1071 375 0
-1
1 2
1723 1 167 3 9 1211 0 84 3 0 1 1 4 512 0 82
1923 0 512 3 7 614 0 282 8 435 0 15 1 874 0 215
-1
3 3
0 397 79 2 5 0 60 5 5 0 337 74
1088 0 286 3 9 864 0 186 4 67 0 12 7 157 0 88
0 197 0 2 2 0 185 0 3 0 12 0
-1
