1 21
6439 0 4 1 662 6439 0 4
6199 87 9 1 662 6199 87 9
6210 1 1403 2 662 0 1 1401 271 6210 0 2
4609 665 12 1 744 4609 665 12
5241 402 576 2 744 0 0 574 271 5241 402 2
6226 0 1321 2 271 0 0 1313 345 6226 0 8
5601 263 713 2 345 0 263 713 603 5601 0 0
6439 0 4 1 873 6439 0 4
0 2291 862 1 873 0 2291 862
6422 0 109 2 873 0 0 104 1028 6422 0 5
6439 0 4 1 1097 6439 0 4
1776 1643 899 2 1097 0 1643 894 1028 1776 0 5
3531 1014 743 2 603 0 1014 735 1028 3531 0 8
3497 988 1395 2 1028 0 988 1395 721 3497 0 0
6439 0 4 1 721 6439 0 4
435 2183 9 1 721 435 2183 9
6213 1 1384 2 721 0 1 1382 1033 6213 0 2
3438 1089 43 1 962 3438 1089 43
0 1806 1349 2 962 0 0 460 1033 0 1806 889
6439 0 4 1 466 6439 0 4
6439 0 4 1 466 6439 0 4
-1
2 27
5820 0 3 1 63 5820 0 3
5820 0 3 1 63 5820 0 3
4325 465 1340 2 63 0 465 1339 1189 4325 0 1
4926 325 5 1 1189 4926 325 5
5649 0 1060 2 1189 0 0 1058 772 5649 0 2
5820 0 3 1 897 5820 0 3
427 1961 5 1 897 427 1961 5
0 669 1604 2 897 0 0 904 772 0 669 700
5820 0 3 1 1065 5820 0 3
4162 602 19 1 1065 4162 602 19
5633 0 1159 2 1065 0 0 1154 797 5633 0 5
5820 0 3 1 761 5820 0 3
999 1704 838 2 761 0 1704 833 797 999 0 5
2958 991 849 2 797 0 991 837 740 2958 0 12
5820 0 3 1 12 5820 0 3
1137 1701 36 1 12 1137 1701 36
5080 215 923 2 12 0 0 923 740 5080 215 0
5674 0 906 2 740 0 0 905 695 5674 0 1
2127 1343 2 1 695 2127 1343 2
5656 0 1017 2 695 0 0 1013 1064 5656 0 4
5581 50 631 2 1064 0 50 630 122 5581 0 1
5820 0 3 1 122 5820 0 3
1849 1361 1414 2 122 0 1361 1414 1169 1849 0 0
5820 0 3 1 979 5820 0 3
3496 845 5 1 979 3496 845 5
5639 0 1122 2 979 0 0 1121 616 5639 0 1
4916 327 33 1 1169 4916 327 33
-1
3 18
2977 595 727 2 1101 0 595 717 227 2977 0 10
4730 0 5 1 227 4730 0 5
4039 251 10 1 227 4039 251 10
4519 0 1309 2 227 0 0 1308 109 4519 0 1
4730 0 5 1 109 4730 0 5
1305 1245 13 1 109 1305 1245 13
4521 0 1297 2 109 0 0 1292 720 4521 0 5
4730 0 5 1 720 4730 0 5
1200 1216 1155 2 720 0 1216 1153 1137 1200 0 2
4730 0 5 1 1137 4730 0 5
4730 0 5 1 1137 4730 0 5
1635 1124 30 1 1137 1635 1124 30
4496 0 1452 2 1137 0 0 1449 591 4496 0 3
4730 0 5 1 743 4730 0 5
1322 1238 27 1 743 1322 1238 27
4605 0 778 2 743 0 0 778 287 4605 0 0
4730 0 5 1 49 4730 0 5
4730 0 5 1 49 4730 0 5
-1
4 74
7526 0 12 1 674 7526 0 12
6702 250 855 2 674 0 250 852 392 6702 0 3
1459 2206 15 1 392 1459 2206 15
7339 2 1134 2 392 0 1 1134 280 7339 1 0
210 2596 1106 2 280 0 2596 1104 1000 210 0 2
7526 0 12 1 523 7526 0 12
5078 839 882 2 523 0 520 882 1000 5078 319 0
7426 0 630 2 1000 0 0 621 652 7426 0 9
2117 1907 1030 2 652 0 1907 1028 465 2117 0 2
3450 1482 15 1 131 3450 1482 15
1415 2191 542 2 131 0 0 533 465 1415 2191 9
7424 1 625 2 465 0 1 625 984 7424 0 0
5997 555 29 1 244 5997 555 29
760 2418 732 2 244 0 0 699 984 760 2418 33
7342 0 1149 2 984 0 0 1145 202 7342 0 4
3819 1348 12 1 202 3819 1348 12
7300 2 1375 2 202 0 1 1374 783 7300 1 1
7526 0 12 1 316 7526 0 12
6876 187 851 2 316 0 187 845 564 6876 0 6
7526 0 12 1 510 7526 0 12
419 2531 919 2 510 0 583 889 564 419 1948 30
5018 911 29 1 783 5018 911 29
0 0 2431 2 783 0 0 1440 564 0 0 991
7526 0 12 1 176 7526 0 12
4858 916 933 2 176 0 916 926 488 4858 0 7
7526 0 12 1 748 7526 0 12
4605 1062 15 1 748 4605 1062 15
0 1092 2093 2 748 0 1 1439 488 0 1091 654
6772 274 15 1 813 6772 274 15
7399 1 780 2 813 0 1 768 1168 7399 0 12
5903 539 882 2 1168 0 539 870 234 5903 0 12
7526 0 12 1 635 7526 0 12
1299 2263 35 1 635 1299 2263 35
0 928 1932 2 635 0 0 1185 234 0 928 747
7526 0 12 1 568 7526 0 12
761 2459 29 1 568 761 2459 29
7341 0 1155 2 568 0 0 1153 572 7341 0 2
3610 1424 12 1 572 3610 1424 12
7305 1 1361 2 572 0 0 1361 268 7305 1 0
5572 659 888 2 268 0 659 885 457 5572 0 3
2867 1694 15 1 457 2867 1694 15
7344 1 1120 2 457 0 1 1108 5 7344 0 12
2814 1656 988 2 5 0 1656 988 904 2814 0 0
4286 1177 32 1 251 4286 1177 32
5452 721 576 2 251 0 0 575 932 5452 721 1
1992 1972 698 2 932 0 1 685 904 1992 1971 13
7408 0 741 2 904 0 0 740 577 7408 0 1
6600 287 857 2 577 0 287 854 741 6600 0 3
5777 636 12 1 741 5777 636 12
7293 1 1435 2 741 0 1 1431 582 7293 0 4
546 2538 15 1 582 546 2538 15
6524 298 1140 2 582 0 0 1134 936 6524 298 6
6376 374 763 2 936 0 0 752 497 6376 374 11
4809 987 29 1 102 4809 987 29
7427 0 624 2 102 0 0 615 535 7427 0 9
0 1348 1705 2 535 0 1348 966 497 0 0 739
4594 1066 15 1 765 4594 1066 15
7425 1 619 2 765 0 1 614 482 7425 0 5
7526 0 12 1 7 7526 0 12
986 2378 15 1 7 986 2378 15
2768 1660 1205 2 7 0 0 1183 482 2768 1660 22
7526 0 12 1 1119 7526 0 12
3613 1366 979 2 1119 0 1366 976 485 3613 0 3
3054 1550 1307 2 482 0 0 1290 485 3054 1550 17
3973 1238 930 2 485 0 0 893 581 3973 1238 37
7440 0 543 2 581 0 0 542 937 7440 0 1
3230 1561 32 1 937 3230 1561 32
7313 0 1328 2 937 0 0 1326 563 7313 0 2
4759 1005 32 1 563 4759 1005 32
7298 0 1421 2 563 0 0 1419 883 7298 0 2
2983 1652 12 1 883 2983 1652 12
7311 1 1324 2 883 0 1 1312 528 7311 0 12
3615 1422 15 1 528 3615 1422 15
7310 0 1347 2 528 0 0 1345 1062 7310 0 2
-1
5 83
3166 0 10 1 616 3166 0 10
169 1088 41 1 616 169 1088 41
2995 0 1067 2 616 0 0 1066 140 2995 0 1
1676 540 41 1 140 1676 540 41
3078 1 537 2 140 0 0 537 78 3078 1 0
537 956 10 1 78 537 956 10
2985 0 1129 2 78 0 0 1122 206 2985 0 7
3166 0 10 1 206 3166 0 10
2583 212 10 1 206 2583 212 10
3011 0 968 2 206 0 0 967 1124 3011 0 1
3166 0 10 1 1130 3166 0 10
455 986 7 1 1130 455 986 7
3084 1 500 2 1130 0 1 495 1124 3084 0 5
664 909 24 1 1124 664 909 24
3034 0 826 2 1124 0 0 822 483 3034 0 4
3166 0 10 1 434 3166 0 10
3166 0 10 1 434 3166 0 10
3166 0 10 1 434 3166 0 10
3166 0 10 1 434 3166 0 10
1258 612 1401 2 434 0 278 1398 483 1258 334 3
3084 0 517 2 483 0 0 507 570 3084 0 10
3166 0 10 1 1043 3166 0 10
3166 0 10 1 1043 3166 0 10
3166 0 10 1 1043 3166 0 10
3166 0 10 1 1043 3166 0 10
2401 197 1390 2 1043 0 197 1389 895 2401 0 1
3166 0 10 1 895 3166 0 10
1511 563 670 2 895 0 562 670 570 1511 1 0
3166 0 10 1 723 3166 0 10
3166 0 10 1 723 3166 0 10
3166 0 10 1 723 3166 0 10
3166 0 10 1 723 3166 0 10
1412 552 1469 2 723 0 521 1425 570 1412 31 44
3067 0 622 2 570 0 0 617 542 3067 0 5
2226 341 24 1 542 2226 341 24
3071 0 597 2 542 0 0 597 1160 3071 0 0
3166 0 10 1 1160 3166 0 10
1616 562 38 1 1160 1616 562 38
3023 0 894 2 1160 0 0 887 861 3023 0 7
3166 0 10 1 861 3166 0 10
334 1028 41 1 861 334 1028 41
3040 0 789 2 861 0 0 781 343 3040 0 8
3166 0 10 1 776 3166 0 10
3166 0 10 1 776 3166 0 10
3166 0 10 1 776 3166 0 10
2835 60 1036 2 776 0 60 1032 343 2835 0 4
3166 0 10 1 343 3166 0 10
2823 67 991 2 343 0 67 990 455 2823 0 1
3166 0 10 1 455 3166 0 10
3166 0 10 1 455 3166 0 10
774 870 7 1 455 774 870 7
2974 1 1180 2 455 0 1 1172 72 2974 0 8
3166 0 10 1 72 3166 0 10
3166 0 10 1 72 3166 0 10
1609 504 1067 2 72 0 504 1062 601 1609 0 5
3166 0 10 1 130 3166 0 10
3166 0 10 1 130 3166 0 10
3166 0 10 1 130 3166 0 10
3166 0 10 1 130 3166 0 10
2199 270 1398 2 130 0 269 1397 601 2199 1 1
3166 0 10 1 601 3166 0 10
1148 733 24 1 601 1148 733 24
3012 1 945 2 601 0 0 944 1011 3012 1 1
3166 0 10 1 1011 3166 0 10
3166 0 10 1 1011 3166 0 10
1709 529 24 1 1011 1709 529 24
2966 0 1246 2 1011 0 0 1242 170 2966 0 4
3166 0 10 1 170 3166 0 10
3166 0 10 1 170 3166 0 10
2435 264 41 1 170 2435 264 41
2962 0 1271 2 170 0 0 1268 1093 2962 0 3
3166 0 10 1 134 3166 0 10
3166 0 10 1 134 3166 0 10
2639 191 21 1 134 2639 191 21
3009 0 980 2 134 0 0 977 369 3009 0 3
3166 0 10 1 1093 3166 0 10
341 982 779 2 1093 0 982 777 590 341 0 2
3166 0 10 1 590 3166 0 10
3166 0 10 1 590 3166 0 10
1027 778 7 1 590 1027 778 7
3018 0 925 2 590 0 0 913 369 3018 0 12
2429 228 690 2 369 0 228 680 125 2429 0 10
3166 0 10 1 125 3166 0 10
-1
6 26
6135 0 1 1 157 6135 0 1
6135 0 1 1 157 6135 0 1
4279 591 1428 2 157 0 591 1427 26 4279 0 1
2558 1299 31 1 26 2558 1299 31
5413 211 878 2 26 0 0 872 309 5413 211 6
6032 1 621 2 309 0 1 619 1141 6032 0 2
6135 0 1 1 250 6135 0 1
3317 1024 14 1 250 3317 1024 14
5949 0 1151 2 250 0 0 1149 377 5949 0 2
6135 0 1 1 1141 6135 0 1
2376 1279 1496 2 1141 0 1279 1491 377 2376 0 5
2474 1269 1060 2 377 0 1269 1059 919 2474 0 1
6135 0 1 1 446 6135 0 1
2553 1302 11 1 446 2553 1302 11
5957 0 1102 2 446 0 0 1098 919 5957 0 4
5082 326 969 2 919 0 326 968 394 5082 0 1
331 2110 11 1 394 331 2110 11
5999 1 825 2 394 0 1 824 642 5999 0 1
6135 0 1 1 706 6135 0 1
2344 1376 45 1 706 2344 1376 45
5965 0 1052 2 706 0 0 1049 642 5965 0 3
3562 852 1423 2 642 0 852 1420 633 3562 0 3
6135 0 1 1 633 6135 0 1
492 1976 1293 2 633 0 1976 1293 167 492 0 0
6135 0 1 1 53 6135 0 1
3516 951 25 1 53 3516 951 25
-1
7 5
4879 0 2 1 352 4879 0 2
4879 0 2 1 352 4879 0 2
1620 1185 4 1 352 1620 1185 4
4652 1 1388 2 352 0 1 1388 993 4652 0 0
3902 355 7 1 993 3902 355 7
-1
8 0
-1
9 1
3264 0 4 1 879 3264 0 4
-1
10 35
1647 1850 14 1 125 1647 1850 14
6523 0 1321 2 125 0 0 1318 777 6523 0 3
6734 1 0 1 894 6734 1 0
1063 2005 989 2 894 0 1950 965 777 1063 55 24
6734 1 0 1 338 6734 1 0
2499 1539 34 1 338 2499 1539 34
0 0 1985 2 338 0 0 1163 777 0 0 822
3225 1275 34 1 954 3225 1275 34
6661 0 468 2 954 0 0 466 882 6661 0 2
4100 958 14 1 55 4100 958 14
0 1385 1440 2 55 0 0 548 882 0 1385 892
6734 1 0 1 149 6734 1 0
2158 1664 17 1 149 2158 1664 17
6547 1 1156 2 149 0 0 1156 359 6547 1 0
1773 1804 17 1 359 1773 1804 17
3439 1133 1125 2 359 0 0 1108 502 3439 1133 17
6734 1 0 1 451 6734 1 0
6514 80 17 1 451 6514 80 17
6498 0 1476 2 451 0 0 1464 46 6498 0 12
0 783 1288 2 46 0 783 797 502 0 0 491
6734 1 0 1 36 6734 1 0
5073 603 34 1 36 5073 603 34
6519 0 1346 2 36 0 0 1345 120 6519 0 1
5403 483 34 1 793 5403 483 34
0 978 1452 2 793 0 0 620 120 0 978 832
6734 1 0 1 1042 6734 1 0
4880 627 819 2 1042 0 627 818 361 4880 0 1
1184 2018 20 1 361 1184 2018 20
6594 0 882 2 361 0 0 877 968 6594 0 5
6734 1 0 1 283 6734 1 0
942 2106 20 1 283 942 2106 20
2378 1522 1071 2 283 0 0 1067 968 2378 1522 4
3918 1023 34 1 376 3918 1023 34
0 0 1672 2 376 0 0 515 968 0 0 1157
6734 1 0 1 1091 6734 1 0
-1
11 80
7099 0 6 1 433 7099 0 6
2234 1712 976 2 433 0 1712 973 477 2234 0 3
7099 0 6 1 477 7099 0 6
1428 1989 1250 2 477 0 1989 1249 493 1428 0 1
7099 0 6 1 493 7099 0 6
1951 1805 1145 2 493 0 1805 1141 148 1951 0 4
7099 0 6 1 148 7099 0 6
1693 1965 20 1 148 1693 1965 20
3568 1202 1400 2 148 0 0 1382 961 3568 1202 18
5758 488 0 1 795 5758 488 0
5906 393 700 2 795 0 0 694 9 5906 393 6
7099 0 6 1 931 7099 0 6
5 2535 765 1 931 5 2535 765
0 0 812 2 931 0 0 300 961 0 0 512
3096 1414 714 2 9 0 1 694 553 3096 1413 20
7099 0 6 1 348 7099 0 6
2353 1726 3 1 348 2353 1726 3
0 0 1714 2 348 0 0 1233 553 0 0 481
3453 1326 3 1 204 3453 1326 3
7014 0 531 2 204 0 0 528 672 7014 0 3
7099 0 6 1 805 7099 0 6
5846 455 17 1 805 5846 455 17
5735 410 1468 2 805 0 1 1466 672 5735 409 2
6863 0 1465 2 672 0 0 1457 539 6863 0 8
1072 2190 34 1 539 1072 2190 34
6923 0 1094 2 539 0 0 1083 637 6923 0 11
2105 1816 6 1 637 2105 1816 6
6905 1 1188 2 637 0 1 1188 399 6905 0 0
3167 1376 921 2 399 0 1375 920 1050 3167 1 1
1138 2133 595 2 1050 0 2133 588 1080 1138 0 7
7099 0 6 1 66 7099 0 6
1336 2036 1020 2 66 0 2036 1009 1080 1336 0 11
7099 0 6 1 1080 7099 0 6
4930 723 1123 2 1080 0 723 1120 440 4930 0 3
2369 1719 23 1 440 2369 1719 23
6942 0 976 2 440 0 0 976 145 6942 0 0
6247 310 3 1 145 6247 310 3
6855 1 1497 2 145 0 1 1497 96 6855 0 0
3882 1170 3 1 96 3882 1170 3
6885 0 1329 2 96 0 0 1320 159 6885 0 9
7099 0 6 1 59 7099 0 6
5054 744 0 1 59 5054 744 0
6869 0 1428 2 59 0 0 1427 977 6869 0 1
3651 1254 3 1 159 3651 1254 3
0 2176 2302 2 159 0 0 1298 977 0 2176 1004
7099 0 6 1 203 7099 0 6
3360 1358 34 1 203 3360 1358 34
5879 367 1309 2 203 0 0 1273 57 5879 367 36
6993 0 661 2 57 0 0 658 445 6993 0 3
4882 756 859 2 445 0 756 858 495 4882 0 1
1369 2083 17 1 495 1369 2083 17
5136 660 921 2 495 0 0 908 857 5136 660 13
6522 173 632 2 857 0 0 631 1178 6522 173 1
6977 1 743 2 1178 0 1 743 1021 6977 0 0
7099 0 6 1 722 7099 0 6
230 2498 3 1 722 230 2498 3
6922 1 1083 2 722 0 1 1083 1074 6922 0 0
2474 1682 3 1 1021 2474 1682 3
6483 150 1264 2 1021 0 0 1234 532 6483 150 30
5229 638 720 2 532 0 0 707 1074 5229 638 13
6872 0 1409 2 1074 0 0 1408 981 6872 0 1
901 2253 20 1 981 901 2253 20
5917 365 1108 2 981 0 0 1093 1103 5917 365 15
7072 10 3 1 725 7072 10 3
6970 1 786 2 725 0 1 784 742 6970 0 2
3700 1236 6 1 742 3700 1236 6
0 1 1998 2 742 0 1 1315 1103 0 0 683
3074 1462 34 1 901 3074 1462 34
7023 0 476 2 901 0 0 470 124 7023 0 6
5230 679 17 1 124 5230 679 17
6868 1 1417 2 124 0 1 1414 739 6868 0 3
4065 1052 877 2 739 0 1052 877 548 4065 0 0
3255 1362 615 2 548 0 1362 603 141 3255 0 12
7099 0 6 1 141 7099 0 6
3365 1283 1278 2 141 0 1283 1275 1010 3365 0 3
4047 1110 3 1 1010 4047 1110 3
6945 1 941 2 1010 0 1 941 184 6945 0 0
4102 1038 887 2 184 0 1038 887 525 4102 0 0
1363 2046 683 2 525 0 2045 683 774 1363 1 0
885 2260 0 1 774 885 2260 0
-1
12 31
5545 214 11 1 1138 5545 214 11
6029 1 640 2 1138 0 1 629 591 6029 0 11
6135 0 1 1 61 6135 0 1
1194 1796 14 1 61 1194 1796 14
0 285 2186 2 61 0 1 999 591 0 284 1187
6135 0 1 1 756 6135 0 1
0 1231 1802 2 756 0 300 714 287 0 931 1088
4275 675 25 1 384 4275 675 25
6050 0 527 2 384 0 0 525 759 6050 0 2
6135 0 1 1 719 6135 0 1
2030 1443 847 2 719 0 1443 841 759 2030 0 6
1326 1685 1085 2 759 0 1685 1077 614 1326 0 8
6135 0 1 1 614 6135 0 1
1348 1739 31 1 614 1348 1739 31
3686 823 1150 2 614 0 0 1132 114 3686 823 18
6057 0 484 2 114 0 0 483 418 6057 0 1
6135 0 1 1 415 6135 0 1
4137 726 11 1 415 4137 726 11
5939 0 1213 2 415 0 0 1210 418 5939 0 3
4654 458 1371 2 418 0 361 1369 612 4654 97 2
6135 0 1 1 938 6135 0 1
644 1996 14 1 938 644 1996 14
0 1 1486 2 938 0 0 960 612 0 1 526
6135 0 1 1 1009 6135 0 1
336 2055 915 2 1009 0 2055 909 1113 336 0 6
6135 0 1 1 246 6135 0 1
716 1969 28 1 246 716 1969 28
3906 753 980 2 246 0 0 951 1113 3906 753 29
6051 0 521 2 1113 0 0 520 573 6051 0 1
705 1974 11 1 573 705 1974 11
5980 0 960 2 573 0 0 958 555 5980 0 2
-1
13 0
-1
14 78
6534 1 0 1 108 6534 1 0
3179 1221 0 1 108 3179 1221 0
6340 0 1216 2 108 0 0 1215 115 6340 0 1
1254 1919 34 1 115 1254 1919 34
6371 0 1024 2 115 0 0 1022 448 6371 0 2
6534 1 0 1 1006 6534 1 0
1127 1967 3 1 1006 1127 1967 3
5038 481 1088 2 1006 0 1 1067 448 5038 480 21
6325 0 1309 2 448 0 0 1298 212 6325 0 11
413 2226 14 1 212 413 2226 14
6379 0 975 2 212 0 0 971 835 6379 0 4
5687 309 0 1 835 5687 309 0
6314 0 1377 2 835 0 0 1371 1165 6314 0 6
4851 612 17 1 305 4851 612 17
6441 0 592 2 305 0 0 590 1165 6441 0 2
5093 439 1462 2 1165 0 439 1458 638 5093 0 4
3806 991 34 1 849 3806 991 34
4939 551 510 2 849 0 0 499 638 4939 551 11
6346 1 1162 2 638 0 1 1161 43 6346 0 1
6201 80 715 2 43 0 80 713 41 6201 0 2
1468 1843 3 1 41 1468 1843 3
6363 1 1057 2 41 0 1 1052 325 6363 0 5
1314 1899 3 1 325 1314 1899 3
6364 0 1068 2 325 0 0 1056 1036 6364 0 12
2491 1421 853 2 1036 0 1421 853 87 2491 0 0
1078 1984 17 1 87 1078 1984 17
3520 1061 612 2 87 0 0 600 558 3520 1061 12
6534 1 0 1 165 6534 1 0
2871 1331 34 1 165 2871 1331 34
6349 0 1160 2 165 0 0 1159 150 6349 0 1
302 2267 3 1 150 302 2267 3
0 1 1484 2 150 0 1 987 558 0 0 497
6534 1 0 1 23 6534 1 0
550 2176 17 1 23 550 2176 17
6373 0 1012 2 23 0 0 1012 332 6373 0 0
6534 1 0 1 1007 6534 1 0
935 1979 986 2 1007 0 1952 943 332 935 27 43
6411 0 777 2 332 0 0 772 344 6411 0 5
53 2301 964 2 344 0 2301 963 6 53 0 1
6534 1 0 1 6 6534 1 0
5330 438 14 1 6 5330 438 14
6314 1 1360 2 6 0 1 1358 811 6314 0 2
4020 868 802 2 811 0 868 796 1039 4020 0 6
2409 1500 17 1 1039 2409 1500 17
6397 0 864 2 1039 0 0 858 1037 6397 0 6
1617 1787 34 1 1037 1617 1787 34
6367 0 1049 2 1037 0 0 1049 220 6367 0 0
5395 415 3 1 220 5395 415 3
6303 5 1360 2 220 0 0 1350 82 6303 5 10
4241 834 14 1 731 4241 834 14
6445 1 550 2 731 0 1 550 1071 6445 0 0
6534 1 0 1 231 6534 1 0
2046 1633 0 1 231 2046 1633 0
0 2 1826 2 231 0 1 1135 82 0 1 691
4804 584 783 2 1071 0 584 781 1019 4804 0 2
3804 956 641 2 1019 0 956 638 44 3804 0 3
6534 1 0 1 44 6534 1 0
5247 399 1190 2 44 0 398 1190 286 5247 1 0
6534 1 0 1 239 6534 1 0
2277 1547 34 1 239 2277 1547 34
6356 0 1117 2 239 0 0 1117 286 6356 0 0
6011 114 1312 2 286 0 114 1302 372 6011 0 10
6534 1 0 1 526 6534 1 0
3069 1259 34 1 526 3069 1259 34
5528 296 1204 2 526 0 0 1173 372 5528 296 31
6330 0 1278 2 372 0 0 1274 714 6330 0 4
2321 1482 867 2 714 0 1482 864 600 2321 0 3
5022 550 14 1 600 5022 550 14
6397 0 864 2 600 0 0 860 790 6397 0 4
885 2000 938 2 790 0 2000 929 449 885 0 9
6534 1 0 1 449 6534 1 0
1083 1982 20 1 449 1083 1982 20
6352 0 1142 2 449 0 0 1136 1136 6352 0 6
4983 563 34 1 1136 4983 563 34
6329 0 1284 2 1136 0 0 1282 911 6329 0 2
5346 432 17 1 966 5346 432 17
0 1771 1523 2 966 0 0 625 911 0 1771 898
5742 288 17 1 472 5742 288 17
-1
15 0
-1
16 45
5505 1 1315 2 1091 0 1 1312 810 5505 0 3
5720 0 3 1 412 5720 0 3
1207 1641 5 1 412 1207 1641 5
459 1857 957 2 412 0 0 944 810 459 1857 13
4722 363 2 1 943 4722 363 2
0 0 1416 2 943 0 0 563 810 0 0 853
5720 0 3 1 238 5720 0 3
575 1822 835 2 238 0 1822 835 511 575 0 0
5720 0 3 1 511 5720 0 3
1730 1401 852 2 511 0 1400 852 711 1730 1 0
5720 0 3 1 711 5720 0 3
674 1775 1022 2 711 0 1774 1022 599 674 1 0
5720 0 3 1 599 5720 0 3
5222 181 5 1 599 5222 181 5
5507 1 1303 2 599 0 1 1303 15 5507 0 0
5720 0 3 1 15 5720 0 3
19 2073 5 1 15 19 2073 5
5479 1 1476 2 15 0 1 1472 750 5479 0 4
2137 1303 2 1 750 2137 1303 2
5561 0 986 2 750 0 0 985 819 5561 0 1
5720 0 3 1 181 5720 0 3
5720 0 3 1 181 5720 0 3
3473 738 1348 2 181 0 737 1347 819 3473 1 1
4133 515 1059 2 819 0 514 1059 951 4133 1 0
5720 0 3 1 951 5720 0 3
234 1918 1311 2 951 0 1918 1305 195 234 0 6
5720 0 3 1 640 5720 0 3
630 1849 36 1 640 630 1849 36
5579 0 875 2 640 0 0 872 195 5579 0 3
5720 0 3 1 371 5720 0 3
74 2003 855 2 371 0 2002 855 258 74 1 0
5720 0 3 1 195 5720 0 3
2262 1175 1405 2 195 0 1175 1400 258 2262 0 5
5720 0 3 1 258 5720 0 3
5358 79 898 2 258 0 79 896 593 5358 0 2
5720 0 3 1 1172 5720 0 3
190 2010 19 1 1172 190 2010 19
0 1284 1594 2 1172 0 0 858 593 0 1284 736
5720 0 3 1 16 5720 0 3
4386 445 685 2 16 0 445 682 934 4386 0 3
5156 205 5 1 934 5156 205 5
5546 0 1079 2 934 0 0 1075 763 5546 0 4
3561 784 22 1 763 3561 784 22
5547 0 1073 2 763 0 0 1073 779 5547 0 0
5720 0 3 1 1133 5720 0 3
-1
17 69
3747 0 0 1 240 3747 0 0
3747 0 0 1 240 3747 0 0
2742 365 8 1 240 2742 365 8
3555 1 1170 2 240 0 1 1170 335 3555 0 0
3747 0 0 1 335 3747 0 0
3747 0 0 1 335 3747 0 0
1020 990 28 1 335 1020 990 28
3516 0 1428 2 335 0 0 1423 758 3516 0 5
3747 0 0 1 758 3747 0 0
3391 128 25 1 758 3391 128 25
3558 0 1168 2 758 0 0 1168 400 3558 0 0
3747 0 0 1 293 3747 0 0
748 1059 536 2 293 0 1059 534 400 748 0 2
442 1166 609 2 400 0 1166 606 1081 442 0 3
3747 0 0 1 1081 3747 0 0
3747 0 0 1 1081 3747 0 0
3747 0 0 1 1081 3747 0 0
3 1319 722 1 1081 3 1319 722
3630 0 723 2 1081 0 0 720 317 3630 0 3
3648 0 612 2 916 0 0 609 474 3648 0 3
3747 0 0 1 663 3747 0 0
300 1221 552 2 663 0 1221 552 317 300 0 0
3747 0 0 1 317 3747 0 0
1438 839 11 1 317 1438 839 11
3570 0 1094 2 317 0 0 1092 474 3570 0 2
3747 0 0 1 474 3747 0 0
300 1253 8 1 474 300 1253 8
3521 1 1380 2 474 0 1 1378 178 3521 0 2
3747 0 0 1 178 3747 0 0
3747 0 0 1 178 3747 0 0
831 982 1332 2 178 0 982 1331 648 831 0 1
3747 0 0 1 648 3747 0 0
3747 0 0 1 648 3747 0 0
3747 0 0 1 648 3747 0 0
3 1299 1062 1 648 3 1299 1062
3677 0 433 2 648 0 0 423 1016 3677 0 10
3747 0 0 1 1016 3747 0 0
2175 571 11 1 1016 2175 571 11
3567 0 1113 2 1016 0 0 1109 126 3567 0 4
3747 0 0 1 126 3747 0 0
992 948 915 2 126 0 948 914 431 992 0 1
3747 0 0 1 431 3747 0 0
3747 0 0 1 431 3747 0 0
2346 451 994 2 431 0 451 992 999 2346 0 2
3747 0 0 1 999 3747 0 0
800 1071 11 1 999 800 1071 11
3603 1 873 2 999 0 1 872 851 3603 0 1
3747 0 0 1 1142 3747 0 0
938 1021 8 1 1142 938 1021 8
3644 0 637 2 1142 0 0 626 670 3644 0 11
3747 0 0 1 851 3747 0 0
2311 471 870 2 851 0 471 868 670 2311 0 2
3747 0 0 1 670 3747 0 0
1382 792 1156 2 670 0 792 1153 186 1382 0 3
3747 0 0 1 186 3747 0 0
3747 0 0 1 186 3747 0 0
155 1240 1125 2 186 0 1240 1121 288 155 0 4
3747 0 0 1 733 3747 0 0
3747 0 0 1 733 3747 0 0
2280 531 42 1 733 2280 531 42
3567 0 1113 2 733 0 0 1103 288 3567 0 10
3747 0 0 1 288 3747 0 0
1070 973 8 1 288 1070 973 8
3576 1 1040 2 288 0 1 1035 875 3576 0 5
982 1004 25 1 875 982 1004 25
3649 1 589 2 875 0 0 588 75 3649 1 1
3747 0 0 1 75 3747 0 0
3747 0 0 1 75 3747 0 0
1310 808 1329 2 75 0 808 1327 1174 1310 0 2
-1
18 49
3883 0 5 1 715 3883 0 5
3883 0 5 1 715 3883 0 5
440 1252 5 1 715 440 1252 5
3713 1 1039 2 715 0 1 1036 1163 3713 0 3
3883 0 5 1 1163 3883 0 5
3883 0 5 1 1163 3883 0 5
2968 257 1292 2 1163 0 257 1291 955 2968 0 1
3883 0 5 1 955 3883 0 5
229 1276 901 2 955 0 1276 897 956 229 0 4
3883 0 5 1 956 3883 0 5
3883 0 5 1 956 3883 0 5
2455 465 927 2 956 0 465 926 166 2455 0 1
3130 274 2 1 166 3130 274 2
3778 0 654 2 166 0 0 648 1067 3778 0 6
3883 0 5 1 1067 3883 0 5
2233 547 906 2 1067 0 547 901 700 2233 0 5
3883 0 5 1 700 3883 0 5
3713 22 682 2 700 0 22 672 760 3713 0 10
3883 0 5 1 760 3883 0 5
3883 0 5 1 760 3883 0 5
478 1157 1385 2 760 0 1157 1384 1066 478 0 1
3883 0 5 1 1066 3883 0 5
3883 0 5 1 1066 3883 0 5
2990 270 935 2 1066 0 270 935 596 2990 0 0
3883 0 5 1 887 3883 0 5
3883 0 5 1 887 3883 0 5
1062 1026 2 1 887 1062 1026 2
3705 1 1088 2 887 0 1 1083 684 3705 0 5
3883 0 5 1 684 3883 0 5
3883 0 5 1 684 3883 0 5
137 1361 25 1 684 137 1361 25
3657 0 1402 2 684 0 0 1401 596 3657 0 1
3883 0 5 1 596 3883 0 5
555 1209 25 1 596 555 1209 25
3667 0 1340 2 596 0 0 1335 169 3667 0 5
3883 0 5 1 169 3883 0 5
3883 0 5 1 169 3883 0 5
3190 177 1280 2 169 0 177 1275 188 3190 0 5
3883 0 5 1 168 3883 0 5
3883 0 5 1 168 3883 0 5
1787 761 25 1 168 1787 761 25
3704 0 1111 2 168 0 0 1111 552 3704 0 0
3883 0 5 1 188 3883 0 5
3630 46 787 2 188 0 46 781 552 3630 0 6
3702 8 988 2 552 0 8 985 690 3702 0 3
3883 0 5 1 690 3883 0 5
3427 166 2 1 690 3427 166 2
3684 0 1235 2 690 0 0 1232 957 3684 0 3
297 1302 39 1 957 297 1302 39
-1
19 68
5917 626 680 2 879 0 0 644 98 5917 626 36
7636 0 695 2 98 0 0 691 254 7636 0 4
1669 2147 1083 2 254 0 2147 1083 454 1669 0 0
7748 0 3 1 454 7748 0 3
4845 988 1153 2 454 0 987 1153 1052 4845 1 0
5269 901 11 1 1052 5269 901 11
7551 0 1221 2 1052 0 0 1213 479 7551 0 8
6717 324 868 2 479 0 324 867 410 6717 0 1
2656 1850 31 1 410 2656 1850 31
3987 1296 1221 2 410 0 0 1215 37 3987 1296 6
7748 0 3 1 420 7748 0 3
1644 2218 31 1 420 1644 2218 31
7545 0 1258 2 420 0 0 1256 429 7545 0 2
5120 955 14 1 94 5120 955 14
7641 0 664 2 94 0 0 661 463 7641 0 3
0 450 1477 2 463 0 450 896 37 0 0 581
66 2793 11 1 429 66 2793 11
7562 0 1153 2 429 0 0 1143 587 7562 0 10
2144 2038 0 1 587 2144 2038 0
4664 1043 1337 2 587 0 1 1295 32 4664 1042 42
7748 0 3 1 151 7748 0 3
2969 1738 0 1 151 2969 1738 0
0 1 1973 2 151 0 1 1381 32 0 0 592
7560 0 1165 2 1133 0 0 1164 877 7560 0 1
1936 2062 878 2 877 0 342 877 1077 1936 1720 1
3662 1486 0 1 666 3662 1486 0
0 1 1558 2 666 0 0 572 1077 0 1 986
7748 0 3 1 180 7748 0 3
1033 2442 0 1 180 1033 2442 0
6055 542 1255 2 180 0 0 1244 133 6055 542 11
6429 437 728 2 133 0 0 722 30 6429 437 6
7622 1 765 2 30 0 1 757 655 7622 0 8
2111 2048 34 1 655 2111 2048 34
5675 679 1275 2 655 0 0 1267 1017 5675 679 8
7635 0 701 2 1017 0 0 698 762 7635 0 3
3563 1522 0 1 507 3563 1522 0
2964 1706 575 2 507 0 0 565 1117 2964 1706 10
0 2293 1609 2 762 0 2292 1100 1117 0 1 509
6957 287 14 1 745 6957 287 14
7617 1 796 2 745 0 1 791 487 7617 0 5
6897 258 878 2 487 0 258 870 770 6897 0 8
7011 222 785 2 770 0 222 783 618 7011 0 2
4147 1307 45 1 383 4147 1307 45
1044 2403 595 2 383 0 0 561 618 1044 2403 34
6951 222 1156 2 618 0 0 1126 85 6951 222 30
7623 0 776 2 85 0 0 767 995 7623 0 9
4482 1187 14 1 995 4482 1187 14
7510 1 1457 2 995 0 1 1454 366 7510 0 3
2315 1974 31 1 366 2315 1974 31
7540 0 1289 2 366 0 0 1277 368 7540 0 12
1402 2307 14 1 368 1402 2307 14
5829 625 1241 2 368 0 1 1224 481 5829 624 17
7635 0 701 2 481 0 0 700 850 7635 0 1
1182 2387 14 1 850 1182 2387 14
7545 1 1241 2 850 0 1 1230 840 7545 0 11
7748 0 3 1 527 7748 0 3
285 2713 17 1 527 285 2713 17
7558 0 1177 2 527 0 0 1174 221 7558 0 3
3800 1435 14 1 840 3800 1435 14
0 29 2235 2 840 0 0 1395 221 0 29 840
5697 746 0 1 1100 5697 746 0
7628 1 728 2 1100 0 1 716 1090 7628 0 12
203 2743 14 1 1090 203 2743 14
7557 2 1150 2 1090 0 1 1149 623 7557 1 1
1902 2063 1071 2 623 0 2063 1068 842 1902 0 3
5455 833 17 1 842 5455 833 17
7604 0 893 2 842 0 0 890 1156 7604 0 3
4919 973 950 2 1156 0 973 950 824 4919 0 0
-1
20 16
1133 1939 42 1 615 1133 1939 42
6356 0 717 2 615 0 0 717 25 6356 0 0
6472 0 0 1 880 6472 0 0
995 1991 11 1 880 995 1991 11
6270 11 1062 2 880 0 1 1040 25 6270 10 22
5483 277 1405 2 25 0 0 1382 1032 5483 277 23
4235 777 620 2 1032 0 0 617 1040 4235 777 3
6379 1 558 2 1040 0 1 554 19 6379 0 4
3514 1075 11 1 1106 3514 1075 11
0 381 1246 2 1106 0 1 499 19 0 380 747
6472 0 0 1 129 6472 0 0
5692 283 11 1 129 5692 283 11
6250 0 1372 2 129 0 0 1372 680 6250 0 0
6127 124 25 1 680 6127 124 25
6251 0 1366 2 680 0 0 1364 360 6251 0 2
5313 420 25 1 427 5313 420 25
-1
21 34
4202 1 1243 2 360 0 1 1238 928 4202 0 5
4405 0 5 1 1111 4405 0 5
4405 0 5 1 1111 4405 0 5
3269 413 7 1 1111 3269 413 7
0 811 1923 2 1111 0 0 1371 928 0 811 552
4405 0 5 1 1122 4405 0 5
942 1259 10 1 1122 942 1259 10
4289 0 722 2 1122 0 0 719 48 4289 0 3
205 1527 10 1 48 205 1527 10
4297 1 656 2 48 0 0 656 500 4297 1 0
4405 0 5 1 500 4405 0 5
255 1508 24 1 500 255 1508 24
4219 1 1138 2 500 0 1 1134 1197 4219 0 4
4405 0 5 1 1197 4405 0 5
1268 1078 1071 2 1197 0 1078 1069 189 1268 0 2
4405 0 5 1 189 4405 0 5
2741 604 24 1 189 2741 604 24
4247 0 982 2 189 0 0 971 313 4247 0 11
4405 0 5 1 313 4405 0 5
3450 345 44 1 313 3450 345 44
4191 0 1328 2 313 0 0 1323 29 4191 0 5
1151 1183 10 1 29 1151 1183 10
4291 0 710 2 29 0 0 710 356 4291 0 0
4405 0 5 1 356 4405 0 5
1580 1027 10 1 356 1580 1027 10
4202 1 1243 2 356 0 1 1241 1114 4202 0 2
4275 46 27 1 1114 4275 46 27
4257 0 920 2 1114 0 0 918 498 4257 0 2
4405 0 5 1 498 4405 0 5
320 1485 13 1 498 320 1485 13
4220 0 1149 2 498 0 0 1143 914 4220 0 6
4405 0 5 1 914 4405 0 5
4071 120 30 1 914 4071 120 30
4181 0 1390 2 914 0 0 1383 1045 4181 0 7
-1
22 49
4070 0 3 1 270 4070 0 3
399 1334 19 1 270 399 1334 19
3888 0 1128 2 270 0 0 1125 579 3888 0 3
2764 475 2 1 579 2764 475 2
3940 1 790 2 579 0 1 787 800 3940 0 3
4070 0 3 1 281 4070 0 3
2558 520 510 2 281 0 520 507 499 2558 0 3
4070 0 3 1 499 4070 0 3
1023 1058 853 2 499 0 1058 848 800 1023 0 5
1334 993 36 1 800 1334 993 36
3946 0 770 2 800 0 0 766 734 3946 0 4
4070 0 3 1 734 4070 0 3
2236 665 36 1 734 2236 665 36
3881 0 1172 2 734 0 0 1170 898 3881 0 2
3061 366 19 1 898 3061 366 19
3941 0 801 2 898 0 0 791 929 3941 0 10
4070 0 3 1 929 4070 0 3
2324 635 2 1 929 2324 635 2
3873 1 1204 2 929 0 1 1204 692 3873 0 0
4070 0 3 1 692 4070 0 3
4070 0 3 1 692 4070 0 3
2131 623 1399 2 692 0 623 1398 773 2131 0 1
4070 0 3 1 311 4070 0 3
4070 0 3 1 311 4070 0 3
157 1423 2 1 311 157 1423 2
3897 0 1073 2 311 0 0 1072 1181 3897 0 1
4070 0 3 1 1048 4070 0 3
4070 0 3 1 1048 4070 0 3
2489 575 2 1 1048 2489 575 2
3867 1 1241 2 1048 0 1 1237 1181 3867 0 4
4070 0 3 1 773 4070 0 3
927 1143 2 1 773 927 1143 2
0 372 1812 2 773 0 0 913 1181 0 372 899
4070 0 3 1 1083 4070 0 3
1856 805 5 1 1083 1856 805 5
3948 1 740 2 1083 0 1 740 545 3948 0 0
2372 588 504 2 545 0 588 504 732 2372 0 0
1158 1059 2 1 732 1158 1059 2
3985 1 512 2 732 0 1 508 28 3985 0 4
4070 0 3 1 799 4070 0 3
4070 0 3 1 799 4070 0 3
2478 578 19 1 799 2478 578 19
3873 0 1221 2 799 0 0 1219 621 3873 0 2
4034 13 5 1 621 4034 13 5
1845 757 889 2 621 0 0 873 28 1845 757 16
3952 1 716 2 28 0 1 712 353 3952 0 4
4070 0 3 1 872 4070 0 3
4070 0 3 1 872 4070 0 3
2307 586 940 2 872 0 329 935 353 2307 257 5
-1
23 42
3663 0 1 1 192 3663 0 1
3663 0 1 1 192 3663 0 1
1489 738 894 2 192 0 738 894 56 1489 0 0
3663 0 1 1 56 3663 0 1
3663 0 1 1 56 3663 0 1
1718 707 6 1 56 1718 707 6
3459 1 1245 2 56 0 1 1241 1069 3459 0 4
1790 681 3 1 1069 1790 681 3
3555 1 652 2 1069 0 1 652 216 3555 0 0
3663 0 1 1 216 3663 0 1
3663 0 1 1 216 3663 0 1
876 936 1318 2 216 0 936 1311 1008 876 0 7
3663 0 1 1 1008 3663 0 1
2004 603 6 1 1008 2004 603 6
3537 0 780 2 1008 0 0 780 905 3537 0 0
3663 0 1 1 342 3663 0 1
3663 0 1 1 342 3663 0 1
3663 0 1 1 342 3663 0 1
1399 823 6 1 342 1399 823 6
3423 1 1468 2 342 0 1 1459 905 3423 0 9
3663 0 1 1 905 3663 0 1
2356 475 6 1 905 2356 475 6
3421 1 1480 2 905 0 1 1479 33 3421 0 1
3663 0 1 1 33 3663 0 1
3263 98 808 2 33 0 98 796 164 3263 0 12
3663 0 1 1 164 3663 0 1
3663 0 1 1 164 3663 0 1
2766 256 1194 2 164 0 256 1191 588 2766 0 3
3663 0 1 1 118 3663 0 1
3663 0 1 1 118 3663 0 1
1364 783 902 2 118 0 783 899 588 1364 0 3
3663 0 1 1 588 3663 0 1
2998 190 882 2 588 0 190 880 307 2998 0 2
3663 0 1 1 307 3663 0 1
1586 753 40 1 307 1586 753 40
3508 0 959 2 307 0 0 957 1034 3508 0 2
3663 0 1 1 1034 3663 0 1
3663 0 1 1 1034 3663 0 1
2716 272 1231 2 1034 0 272 1230 645 2716 0 1
3663 0 1 1 848 3663 0 1
794 1042 23 1 848 794 1042 23
3568 0 588 2 848 0 0 587 155 3568 0 1
-1
24 39
3885 1748 4 1 319 3885 1748 4
0 325 1600 2 319 0 1 622 1045 0 324 978
8692 0 4 1 923 8692 0 4
326 3042 7 1 923 326 3042 7
8477 0 1333 2 923 0 0 1329 241 8477 0 4
6445 757 1025 2 241 0 757 1022 1188 6445 0 3
1181 2672 1011 2 1188 0 2672 1010 395 1181 0 1
8323 134 7 1 395 8323 134 7
8516 1 1075 2 395 0 1 1063 1068 8516 0 12
8692 0 4 1 310 8692 0 4
579 2950 7 1 310 579 2950 7
0 2564 2566 2 310 0 1 1347 1068 0 2563 1219
3153 2013 24 1 42 3153 2013 24
8603 0 554 2 42 0 0 550 315 8603 0 4
3179 1936 1172 2 315 0 1936 1167 678 3179 0 5
8692 0 4 1 678 8692 0 4
5117 1215 1449 2 678 0 1215 1445 223 5117 0 4
8059 230 7 1 132 8059 230 7
0 1759 1674 2 132 0 0 914 223 0 1759 760
8692 0 4 1 654 8692 0 4
584 2873 1285 2 654 0 2873 1281 632 584 0 4
8692 0 4 1 93 8692 0 4
4495 1460 1129 2 93 0 1460 1124 632 4495 0 5
2457 2220 807 2 632 0 2220 802 521 2457 0 5
7410 465 24 1 521 7410 465 24
7228 466 1132 2 521 0 0 1119 515 7228 466 13
8553 1 846 2 515 0 1 842 620 8553 0 4
700 2906 7 1 620 700 2906 7
3571 1783 1350 2 620 0 0 1340 845 3571 1783 10
8595 1 586 2 845 0 1 585 971 8595 0 1
408 3012 10 1 971 408 3012 10
3164 1930 1367 2 971 0 0 1324 262 3164 1930 43
6211 871 534 2 262 0 0 523 567 6211 871 11
8564 1 778 2 567 0 1 776 378 8564 0 2
1602 2578 7 1 378 1602 2578 7
8465 0 1407 2 378 0 0 1407 1173 8465 0 0
216 3082 7 1 1173 216 3082 7
8482 0 1302 2 1173 0 0 1300 306 8482 0 2
403 3013 24 1 306 403 3013 24
-1
25 0
-1
26 61
5674 779 45 1 65 5674 779 45
6086 592 677 2 65 0 0 672 517 6086 592 5
3083 1723 14 1 248 3083 1723 14
0 0 1257 2 248 0 0 520 517 0 0 737
7823 0 3 1 653 7823 0 3
4674 1087 990 2 653 0 1087 987 1084 4674 0 3
2258 2023 14 1 1084 2258 2023 14
7664 0 986 2 1084 0 0 978 187 7664 0 8
4739 1120 28 1 1186 4739 1120 28
685 2559 626 2 1186 0 0 623 187 685 2559 3
7629 0 1202 2 187 0 0 1201 69 7629 0 1
3028 1691 898 2 69 0 111 859 318 3028 1580 39
7823 0 3 1 144 7823 0 3
3941 1411 14 1 144 3941 1411 14
0 1 1920 2 144 0 1 1447 318 0 0 473
7823 0 3 1 1115 7823 0 3
539 2581 1154 2 1115 0 2581 1153 899 539 0 1
7823 0 3 1 899 7823 0 3
5382 827 1034 2 899 0 575 989 569 5382 252 45
2924 1746 606 2 569 0 0 581 373 2924 1746 25
6053 643 14 1 939 6053 643 14
0 1 1224 2 939 0 0 730 373 0 1 494
7823 0 3 1 71 7823 0 3
3827 1393 1024 2 71 0 1393 1021 754 3827 0 3
7823 0 3 1 948 7823 0 3
1609 2259 14 1 948 1609 2259 14
7615 0 1289 2 948 0 0 1282 664 7615 0 7
1158 2422 31 1 754 1158 2422 31
0 1934 1843 2 754 0 0 789 664 0 1934 1054
7823 0 3 1 978 7823 0 3
3827 1393 1024 2 978 0 1393 1021 837 3827 0 3
6713 403 14 1 837 6713 403 14
3649 1446 1224 2 837 0 1 1199 724 3649 1445 25
7736 0 541 2 724 0 0 541 982 7736 0 0
3886 1372 1017 2 982 0 1372 1012 907 3886 0 5
1719 2180 677 2 907 0 2180 669 74 1719 0 8
410 2695 14 1 74 410 2695 14
7740 0 516 2 74 0 0 514 54 7740 0 2
2571 1910 0 1 54 2571 1910 0
5938 605 1371 2 54 0 1 1356 31 5938 604 15
7705 1 715 2 31 0 1 712 339 7705 0 3
1356 2351 14 1 339 1356 2351 14
7621 0 1252 2 339 0 0 1251 801 7621 0 1
1587 2267 14 1 801 1587 2267 14
7619 0 1264 2 801 0 0 1260 174 7619 0 4
4672 1146 0 1 174 4672 1146 0
7582 0 1493 2 174 0 0 1489 703 7582 0 4
4222 1309 11 1 703 4222 1309 11
7590 0 1443 2 703 0 0 1442 832 7590 0 1
7823 0 3 1 20 7823 0 3
3248 1663 14 1 20 3248 1663 14
3589 1457 1408 2 20 0 1 1398 832 3589 1456 10
7595 1 1395 2 832 0 1 1393 788 7595 0 2
6108 623 14 1 611 6108 623 14
7702 1 734 2 611 0 1 734 829 7702 0 0
1328 2362 0 1 788 1328 2362 0
2467 1874 1255 2 788 0 1 1252 829 2467 1873 3
7607 0 1338 2 829 0 0 1335 613 7607 0 3
2797 1827 14 1 613 2797 1827 14
7606 0 1344 2 613 0 0 1342 1038 7606 0 2
0 2602 1839 2 1038 0 2546 1126 645 0 56 713
-1
27 41
6058 113 1420 2 824 0 113 1417 816 6058 0 3
3975 908 782 2 816 0 908 771 755 3975 0 11
6598 0 3 1 337 6598 0 3
5686 287 762 2 337 0 287 762 755 5686 0 0
2039 1656 34 1 755 2039 1656 34
6363 1 1439 2 755 0 0 1439 1176 6363 1 0
4916 566 779 2 1176 0 566 770 520 4916 0 9
1094 2000 28 1 520 1094 2000 28
6460 0 856 2 520 0 0 853 375 6460 0 3
6598 0 3 1 375 6598 0 3
6312 19 1448 2 375 0 19 1447 1055 6312 0 1
5081 550 31 1 1055 5081 550 31
6389 0 1295 2 1055 0 0 1295 839 6389 0 0
4998 582 0 1 870 4998 582 0
6498 0 621 2 870 0 0 620 839 6498 0 1
6040 118 1446 2 839 0 118 1444 1086 6040 0 2
4179 878 31 1 1086 4179 878 31
6404 0 1202 2 1086 0 0 1200 841 6404 0 2
1061 2012 28 1 841 1061 2012 28
6433 0 1023 2 841 0 0 1023 330 6433 0 0
5202 506 31 1 330 5202 506 31
5021 496 1320 2 330 0 0 1318 595 5021 496 2
6598 0 3 1 282 6598 0 3
4190 827 830 2 282 0 827 822 1096 4190 0 8
6598 0 3 1 1096 6598 0 3
0 525 1857 2 1096 0 525 1246 595 0 0 611
6598 0 3 1 508 6598 0 3
4814 602 797 2 508 0 602 797 994 4814 0 0
1550 1835 14 1 994 1550 1835 14
6453 0 899 2 994 0 0 897 1108 6453 0 2
5719 319 14 1 1108 5719 319 14
6373 1 1377 2 1108 0 1 1372 557 6373 0 5
6598 0 3 1 557 6598 0 3
6322 16 1437 2 557 0 16 1435 699 6322 0 2
6598 0 3 1 540 6598 0 3
2995 1259 873 2 540 0 1259 870 699 2995 0 3
3722 979 1139 2 699 0 979 1139 1024 3722 0 0
763 2121 17 1 1024 763 2121 17
6482 0 720 2 1024 0 0 717 450 6482 0 3
3128 1262 0 1 450 3128 1262 0
6403 0 1208 2 450 0 0 1205 602 6403 0 3
-1
28 57
3496 1 644 2 273 0 1 641 505 3496 0 3
3600 1 1 1 505 3600 1 1
3600 1 1 1 505 3600 1 1
2830 210 1208 2 505 0 210 1207 886 2830 0 1
3600 1 1 1 546 3600 1 1
3600 1 1 1 546 3600 1 1
3600 1 1 1 546 3600 1 1
1474 699 1277 2 546 0 699 1275 886 1474 0 2
3600 1 1 1 886 3600 1 1
1301 780 970 2 886 0 780 961 983 1301 0 9
3600 1 1 1 983 3600 1 1
3600 1 1 1 983 3600 1 1
2523 335 981 2 983 0 335 971 101 2523 0 10
2264 486 15 1 101 2264 486 15
3509 1 563 2 101 0 1 561 456 3509 0 2
3078 190 15 1 456 3078 190 15
3483 0 741 2 456 0 0 736 443 3483 0 5
3600 1 1 1 443 3600 1 1
3600 1 1 1 443 3600 1 1
2869 196 1205 2 443 0 196 1202 219 2869 0 3
3600 1 1 1 219 3600 1 1
2088 550 15 1 219 2088 550 15
3441 0 1001 2 219 0 0 993 253 3441 0 8
1840 641 1 1 253 1840 641 1
3496 0 661 2 253 0 0 649 222 3496 0 12
2506 397 32 1 222 2506 397 32
3495 0 667 2 222 0 0 667 404 3495 0 0
3600 1 1 1 404 3600 1 1
3600 1 1 1 404 3600 1 1
1851 637 1 1 404 1851 637 1
3366 0 1464 2 404 0 0 1462 781 3366 0 2
3600 1 1 1 781 3600 1 1
3600 1 1 1 781 3600 1 1
2198 509 32 1 781 2198 509 32
3369 0 1446 2 781 0 0 1439 379 3369 0 7
3600 1 1 1 379 3600 1 1
2093 549 1 1 379 2093 549 1
3430 0 1069 2 379 0 0 1059 460 3430 0 10
3600 1 1 1 460 3600 1 1
3600 1 1 1 460 3600 1 1
3 1245 1089 1 460 3 1245 1089
2621 344 222 2 460 0 0 219 242 2621 344 3
3395 1 1268 2 242 0 1 1263 185 3395 0 5
1714 686 15 1 185 1714 686 15
3499 1 625 2 185 0 1 624 86 3499 0 1
3600 1 1 1 86 3600 1 1
3600 1 1 1 86 3600 1 1
443 1149 1 1 86 443 1149 1
3379 1 1367 2 86 0 1 1362 685 3379 0 5
3600 1 1 1 685 3600 1 1
1250 805 860 2 685 0 805 859 469 1250 0 1
3600 1 1 1 200 3600 1 1
3600 1 1 1 200 3600 1 1
1379 806 46 1 200 1379 806 46
3441 0 1001 2 200 0 0 995 469 3441 0 6
3600 1 1 1 469 3600 1 1
3380 81 1 1 469 3380 81 1
-1
29 86
7658 0 5 1 697 7658 0 5
1399 2274 39 1 697 1399 2274 39
7462 0 1216 2 697 0 0 1215 389 7462 0 1
7658 0 5 1 1025 7658 0 5
1003 2418 39 1 1025 1003 2418 39
0 2240 2264 2 1025 0 0 1187 389 0 2240 1077
7658 0 5 1 329 7658 0 5
1239 2334 8 1 329 1239 2334 8
6690 277 1280 2 329 0 1 1235 224 6690 276 45
7540 0 734 2 224 0 0 729 14 7540 0 5
1564 2153 1076 2 14 0 2153 1072 661 1564 0 4
7410 89 25 1 661 7410 89 25
1723 2100 994 2 661 0 0 978 171 1723 2100 16
3967 1342 8 1 27 3967 1342 8
2851 1713 600 2 27 0 1 582 452 2851 1712 18
4732 1064 5 1 484 4732 1064 5
0 0 1493 2 484 0 0 639 171 0 0 854
7658 0 5 1 902 7658 0 5
2711 1738 1040 2 902 0 1738 1039 471 2711 0 1
7658 0 5 1 1095 7658 0 5
4776 992 957 2 1095 0 991 956 681 4776 1 1
2585 1802 731 2 681 0 1802 730 471 2585 0 1
3186 1625 25 1 471 3186 1625 25
0 0 1585 2 471 0 0 1096 452 0 0 489
7658 0 5 1 237 7658 0 5
1091 2323 1110 2 237 0 2323 1104 747 1091 0 6
6344 478 2 1 22 6344 478 2
3341 1525 767 2 22 0 0 756 747 3341 1525 11
7551 1 649 2 747 0 1 645 945 7551 0 4
3857 1381 25 1 945 3857 1381 25
7433 0 1396 2 945 0 0 1392 334 7433 0 4
4974 976 5 1 334 4974 976 5
7419 0 1482 2 334 0 0 1478 1085 7419 0 4
3025 1626 1003 2 1085 0 1626 1001 135 3025 0 2
1003 2385 600 2 135 0 2384 599 461 1003 1 1
7658 0 5 1 818 7658 0 5
5252 820 938 2 818 0 820 937 973 5252 0 1
6288 498 8 1 464 6288 498 8
2840 1708 753 2 464 0 0 746 973 2840 1708 7
2801 1766 8 1 461 2801 1766 8
7559 0 617 2 461 0 0 610 139 7559 0 7
2472 1822 1090 2 973 0 1 1081 139 2472 1821 9
7444 1 1311 2 139 0 1 1301 827 7444 0 10
7658 0 5 1 156 7658 0 5
4495 1149 25 1 156 4495 1149 25
7424 0 1451 2 156 0 0 1448 736 7424 0 3
1668 2116 1062 2 736 0 2116 1057 336 1668 0 5
7658 0 5 1 336 7658 0 5
5530 709 1107 2 336 0 709 1105 162 5530 0 2
4556 1077 872 2 827 0 251 845 975 4556 826 27
2070 2030 39 1 162 2070 2030 39
0 0 1600 2 162 0 0 1029 975 0 0 571
7658 0 5 1 489 7658 0 5
3010 1689 25 1 489 3010 1689 25
7441 0 1346 2 489 0 0 1343 767 7441 0 3
7658 0 5 1 390 7658 0 5
2416 1905 25 1 390 2416 1905 25
0 1739 2318 2 390 0 0 1301 767 0 1739 1017
7658 0 5 1 1143 7658 0 5
5100 875 943 2 1143 0 874 943 447 5100 1 0
733 2518 8 1 447 733 2518 8
3104 1602 923 2 447 0 0 920 198 3104 1602 3
3390 1551 22 1 1123 3390 1551 22
0 1 1047 2 1123 0 0 527 198 0 1 520
5964 615 22 1 992 5964 615 22
7544 0 709 2 992 0 0 709 285 7544 0 0
7658 0 5 1 529 7658 0 5
1663 2180 5 1 529 1663 2180 5
3874 1300 1297 2 529 0 1 1268 285 3874 1299 29
7433 0 1396 2 285 0 0 1384 128 7433 0 12
2950 1712 5 1 128 2950 1712 5
7441 1 1329 2 128 0 1 1327 554 7441 0 2
3085 1604 1006 2 554 0 1604 1003 322 3085 0 3
4550 1130 8 1 322 4550 1130 8
6761 269 977 2 322 0 1 963 659 6761 268 14
7532 1 767 2 659 0 0 767 347 7532 1 0
4028 1318 39 1 347 4028 1318 39
7433 0 1396 2 347 0 0 1392 346 7433 0 4
1668 2116 1062 2 346 0 2116 1057 1018 1668 0 5
7658 0 5 1 1018 7658 0 5
1531 2228 5 1 1018 1531 2228 5
7423 1 1440 2 1018 0 1 1439 34 7423 0 1
992 2360 1093 2 34 0 2360 1086 76 992 0 7
7658 0 5 1 76 7658 0 5
5191 836 1043 2 76 0 836 1042 1060 5191 0 1
1839 2114 39 1 1060 1839 2114 39
-1
30 10
3835 0 1 1 752 3835 0 1
3438 143 25 1 752 3438 143 25
3706 0 799 2 752 0 0 798 161 3706 0 1
3835 0 1 1 161 3835 0 1
2750 343 878 2 161 0 343 874 158 2750 0 4
3835 0 1 1 158 3835 0 1
3835 0 1 1 158 3835 0 1
951 1048 14 1 158 951 1048 14
3612 1 1363 2 158 0 1 1360 631 3612 0 3
3835 0 1 1 631 3835 0 1
-1
31 0
-1
32 6
6158 0 5 1 167 6158 0 5
5578 129 1397 2 167 0 129 1397 1121 5578 0 0
223 2108 858 2 1121 0 2108 854 844 223 0 4
6158 0 5 1 941 6158 0 5
6158 0 5 1 941 6158 0 5
2960 1076 1482 2 941 0 1076 1478 844 2960 0 4
-1
33 26
6204 0 2 1 991 6204 0 2
5019 431 1 1 991 5019 431 1
0 1 1992 2 991 0 1 1292 155 0 0 700
6204 0 2 1 671 6204 0 2
4353 630 735 2 671 0 366 728 1174 4353 264 7
4958 389 1092 2 1174 0 1 1066 560 4958 388 26
6112 0 571 2 560 0 0 568 160 6112 0 3
3830 818 772 2 160 0 818 767 90 3830 0 5
6204 0 2 1 90 6204 0 2
4378 595 1175 2 90 0 595 1174 713 4378 0 1
6204 0 2 1 871 6204 0 2
0 543 1364 2 871 0 330 724 779 0 213 640
861 1943 1 1 713 861 1943 1
6075 0 800 2 713 0 0 796 1118 6075 0 4
1279 1790 18 1 1118 1279 1790 18
6043 0 997 2 1118 0 0 994 825 6043 0 3
5189 369 4 1 825 5189 369 4
0 0 2358 2 825 0 0 1282 602 0 0 1076
6204 0 2 1 235 6204 0 2
346 2076 923 2 235 0 2076 918 402 346 0 5
6204 0 2 1 402 6204 0 2
626 1973 943 2 402 0 1973 940 1144 626 0 3
6204 0 2 1 1144 6204 0 2
4590 586 18 1 1144 4590 586 18
5992 0 1313 2 1144 0 0 1311 536 5992 0 2
1141 1840 21 1 536 1141 1840 21
-1
34 24
6685 0 1 1 492 6685 0 1
3724 1075 31 1 492 3724 1075 31
6484 0 1244 2 492 0 0 1244 667 6484 0 0
5384 428 768 2 667 0 428 768 959 5384 0 0
3235 1254 11 1 959 3235 1254 11
6509 0 1089 2 959 0 0 1086 989 6509 0 3
23 2422 11 1 989 23 2422 11
4748 644 1028 2 989 0 1 981 97 4748 643 47
6595 0 558 2 97 0 0 552 391 6595 0 6
1928 1676 916 2 391 0 1676 913 533 1928 0 3
3252 1246 42 1 533 3252 1246 42
6577 0 669 2 533 0 0 669 677 6577 0 0
5732 345 28 1 677 5732 345 28
0 4 2093 2 677 0 0 1378 538 0 4 715
5589 396 45 1 865 5589 396 45
6585 0 620 2 865 0 0 620 137 6585 0 0
4687 725 28 1 137 4687 725 28
6474 0 1306 2 137 0 0 1305 425 6474 0 1
6685 0 1 1 806 6685 0 1
881 2109 28 1 806 881 2109 28
0 1617 1944 2 806 0 0 1046 425 0 1617 898
6685 0 1 1 458 6685 0 1
1684 1818 11 1 458 1684 1818 11
6501 1 1122 2 458 0 1 1120 524 6501 0 2
-1
35 59
4379 0 2 1 585 4379 0 2
4379 0 2 1 585 4379 0 2
1741 958 24 1 585 1741 958 24
2902 462 1279 2 585 0 0 1245 571 2902 462 34
4213 0 1028 2 571 0 0 1027 349 4213 0 1
4379 0 2 1 349 4379 0 2
3766 166 970 2 349 0 165 970 11 3766 1 0
4379 0 2 1 688 4379 0 2
677 1309 634 2 688 0 1309 630 11 677 0 4
4379 0 2 1 11 4379 0 2
3806 150 994 2 11 0 150 991 272 3806 0 3
4379 0 2 1 272 4379 0 2
3247 356 948 2 272 0 356 944 1159 3247 0 4
273 1493 4 1 1159 273 1493 4
4290 0 552 2 1159 0 0 549 422 4290 0 3
4379 0 2 1 422 4379 0 2
3859 189 4 1 422 3859 189 4
4152 0 1405 2 422 0 0 1404 512 4152 0 1
4379 0 2 1 657 4379 0 2
1665 985 35 1 657 1665 985 35
4259 0 744 2 657 0 0 744 808 4259 0 0
4379 0 2 1 808 4379 0 2
108 1487 1126 2 808 0 1487 1123 512 108 0 3
4379 0 2 1 675 4379 0 2
477 1417 35 1 675 477 1417 35
4272 0 664 2 675 0 0 660 512 4272 0 4
2979 451 990 2 512 0 450 990 194 2979 1 0
2148 811 7 1 194 2148 811 7
4271 1 653 2 194 0 1 653 629 4271 0 0
2061 841 35 1 629 2061 841 35
4255 0 769 2 629 0 0 762 112 4255 0 7
3782 216 21 1 112 3782 216 21
4235 0 892 2 112 0 0 889 641 4235 0 3
3 1567 415 1 641 3 1567 415
2143 798 259 2 641 0 0 227 127 2143 798 32
4198 0 1121 2 127 0 0 1116 277 4198 0 5
4379 0 2 1 277 4379 0 2
14 1587 7 1 277 14 1587 7
4195 1 1123 2 277 0 1 1117 562 4195 0 6
2715 604 21 1 562 2715 604 21
4164 0 1331 2 562 0 0 1328 1079 4164 0 3
4379 0 2 1 1079 4379 0 2
636 1360 21 1 1079 636 1360 21
4194 0 1146 2 1079 0 0 1145 903 4194 0 1
268 1458 630 2 903 0 1458 627 730 268 0 3
4379 0 2 1 730 4379 0 2
476 1419 7 1 730 476 1419 7
4261 1 715 2 730 0 1 715 717 4261 0 0
4379 0 2 1 964 4379 0 2
4379 0 2 1 964 4379 0 2
1111 1124 1096 2 964 0 1124 1094 717 1111 0 2
4379 0 2 1 676 4379 0 2
3644 266 24 1 676 3644 266 24
4233 0 905 2 676 0 0 895 1089 4233 0 10
4379 0 2 1 24 4379 0 2
4379 0 2 1 24 4379 0 2
4379 0 2 1 24 4379 0 2
570 1297 1500 2 24 0 102 1465 717 570 1195 35
845 1240 769 2 717 0 0 756 1089 845 1240 13
-1
36 25
6541 0 1 1 95 6541 0 1
0 2083 1624 2 95 0 1244 864 922 0 839 760
6541 0 1 1 970 6541 0 1
5347 433 21 1 970 5347 433 21
4550 643 1378 2 970 0 0 1347 1098 4550 643 31
6452 0 551 2 1098 0 0 546 211 6452 0 5
5100 479 766 2 211 0 478 765 1020 5100 1 1
1211 1892 786 2 1020 0 1892 776 409 1211 0 10
6541 0 1 1 409 6541 0 1
4121 880 1 1 409 4121 880 1
6313 0 1410 2 409 0 0 1405 147 6313 0 5
6541 0 1 1 1109 6541 0 1
4151 821 818 2 1109 0 821 817 147 4151 0 1
5672 246 1191 2 147 0 246 1184 111 5672 0 7
5672 277 664 2 111 0 277 654 444 5672 0 10
6541 0 1 1 444 6541 0 1
2761 1287 1489 2 444 0 1287 1489 291 2761 0 0
6541 0 1 1 291 6541 0 1
4462 690 1123 2 291 0 400 1077 1148 4462 290 46
6051 149 497 2 1148 0 0 482 822 6051 149 15
6541 0 1 1 1162 6541 0 1
0 1038 1515 2 1162 0 1037 841 822 0 1 674
6541 0 1 1 953 6541 0 1
595 2161 21 1 953 595 2161 21
6376 0 1021 2 953 0 0 1011 421 6376 0 10
-1
37 19
3608 1 679 2 1089 0 0 679 796 3608 1 0
3720 0 3 1 796 3720 0 3
1181 870 909 2 796 0 870 908 100 1181 0 1
3720 0 3 1 100 3720 0 3
2958 277 5 1 100 2958 277 5
3574 0 906 2 100 0 0 895 1044 3574 0 11
10 1348 22 1 1044 10 1348 22
3637 0 516 2 1044 0 0 515 965 3637 0 1
1369 853 36 1 965 1369 853 36
3621 0 615 2 965 0 0 614 751 3621 0 1
3720 0 3 1 751 3720 0 3
3720 0 3 1 751 3720 0 3
307 1241 5 1 751 307 1241 5
3495 0 1394 2 751 0 0 1389 92 3495 0 5
3720 0 3 1 92 3720 0 3
1490 759 886 2 92 0 759 878 696 1490 0 8
3720 0 3 1 696 3720 0 3
3720 0 3 1 696 3720 0 3
0 749 1546 2 696 0 61 985 828 0 688 561
-1
38 19
2513 1192 1 1 1126 2513 1192 1
5651 1 849 2 1126 0 1 849 823 5651 0 0
5791 0 1 1 64 5791 0 1
5791 0 1 1 64 5791 0 1
1021 1648 1472 2 64 0 1648 1468 823 1021 0 4
5791 0 1 1 226 5791 0 1
632 1875 18 1 226 632 1875 18
5645 0 903 2 226 0 0 903 823 5645 0 0
3292 823 1458 2 823 0 823 1456 175 3292 0 2
5791 0 1 1 175 5791 0 1
1215 1663 18 1 175 1215 1663 18
5579 0 1311 2 175 0 0 1308 1013 5579 0 3
4625 424 1 1 1013 4625 424 1
5598 1 1177 2 1013 0 1 1177 807 5598 0 0
5791 0 1 1 52 5791 0 1
1792 1453 21 1 52 1792 1453 21
2227 1238 987 2 52 0 0 982 807 2227 1238 5
5629 0 1002 2 807 0 0 1002 537 5629 0 0
5791 0 1 1 1180 5791 0 1
-1
39 17
4677 747 34 1 3 4677 747 34
6578 0 981 2 3 0 0 979 207 6578 0 2
563 2245 0 1 207 563 2245 0
6565 1 1044 2 207 0 1 1041 809 6565 0 3
6734 1 0 1 809 6734 1 0
6243 92 1488 2 809 0 92 1485 926 6243 0 3
6734 1 0 1 926 6734 1 0
6304 72 1451 2 926 0 72 1447 503 6304 0 4
3896 1032 17 1 503 3896 1032 17
5205 483 1258 2 503 0 0 1227 35 5205 483 31
5783 310 626 2 35 0 0 601 701 5783 310 25
6631 0 653 2 701 0 0 652 986 6631 0 1
4738 726 14 1 986 4738 726 14
6519 1 1329 2 986 0 1 1329 947 6519 0 0
6734 1 0 1 559 6734 1 0
5794 341 31 1 559 5794 341 31
5794 260 1408 2 559 0 0 1399 947 5794 260 9
-1
40 0
-1
