1 0
-1
2 64
498 0 0 1 167 498 0 0
498 0 0 1 167 498 0 0
498 0 0 1 167 498 0 0
498 0 0 1 167 498 0 0
498 0 0 1 167 498 0 0
498 0 0 1 167 498 0 0
498 0 0 1 167 498 0 0
498 0 0 1 167 498 0 0
498 0 0 1 167 498 0 0
498 0 0 1 167 498 0 0
498 0 0 1 167 498 0 0
498 0 0 1 167 498 0 0
498 0 0 1 167 498 0 0
498 0 0 1 167 498 0 0
498 0 0 1 167 498 0 0
498 0 0 1 167 498 0 0
498 0 0 1 167 498 0 0
498 0 0 1 167 498 0 0
498 0 0 1 167 498 0 0
498 0 0 1 167 498 0 0
48 0 459 1 167 48 0 459
0 0 508 1 167 0 0 508
355 0 145 2 167 0 0 145 2 355 0 0
498 0 0 1 2 498 0 0
498 0 0 1 2 498 0 0
498 0 0 1 2 498 0 0
498 0 0 1 2 498 0 0
498 0 0 1 2 498 0 0
498 0 0 1 2 498 0 0
498 0 0 1 2 498 0 0
498 0 0 1 2 498 0 0
498 0 0 1 2 498 0 0
498 0 0 1 2 498 0 0
498 0 0 1 2 498 0 0
498 0 0 1 2 498 0 0
498 0 0 1 2 498 0 0
498 0 0 1 2 498 0 0
498 0 0 1 2 498 0 0
498 0 0 1 2 498 0 0
498 0 0 1 2 498 0 0
498 0 0 1 2 498 0 0
498 0 0 1 2 498 0 0
498 0 0 1 2 498 0 0
498 0 0 1 2 498 0 0
498 0 0 1 2 498 0 0
498 0 0 1 2 498 0 0
498 0 0 1 2 498 0 0
498 0 0 1 2 498 0 0
498 0 0 1 2 498 0 0
498 0 0 1 2 498 0 0
498 0 0 1 2 498 0 0
498 0 0 1 2 498 0 0
498 0 0 1 2 498 0 0
498 0 0 1 2 498 0 0
498 0 0 1 2 498 0 0
498 0 0 1 2 498 0 0
498 0 0 1 2 498 0 0
498 0 0 1 2 498 0 0
498 0 0 1 2 498 0 0
363 2 133 1 2 363 2 133
0 0 508 1 2 0 0 508
0 0 508 1 2 0 0 508
0 0 508 1 2 0 0 508
91 0 415 2 2 0 0 415 164 91 0 0
-1
3 53
650 0 0 1 65 650 0 0
650 0 0 1 65 650 0 0
650 0 0 1 65 650 0 0
650 0 0 1 65 650 0 0
650 0 0 1 65 650 0 0
650 0 0 1 65 650 0 0
650 0 0 1 65 650 0 0
650 0 0 1 65 650 0 0
650 0 0 1 65 650 0 0
650 0 0 1 65 650 0 0
650 0 0 1 65 650 0 0
650 0 0 1 65 650 0 0
650 0 0 1 65 650 0 0
650 0 0 1 65 650 0 0
650 0 0 1 65 650 0 0
650 0 0 1 65 650 0 0
650 0 0 1 65 650 0 0
650 0 0 1 65 650 0 0
650 0 0 1 65 650 0 0
650 0 0 1 65 650 0 0
650 0 0 1 65 650 0 0
650 0 0 1 65 650 0 0
650 0 0 1 65 650 0 0
650 0 0 1 65 650 0 0
650 0 0 1 65 650 0 0
650 0 0 1 65 650 0 0
650 0 0 1 65 650 0 0
650 0 0 1 65 650 0 0
650 0 0 1 65 650 0 0
650 0 0 1 65 650 0 0
650 0 0 1 65 650 0 0
650 0 0 1 65 650 0 0
650 0 0 1 65 650 0 0
650 0 0 1 65 650 0 0
650 0 0 1 65 650 0 0
650 0 0 1 65 650 0 0
650 0 0 1 65 650 0 0
650 0 0 1 65 650 0 0
650 0 0 1 65 650 0 0
650 0 0 1 65 650 0 0
269 2 384 1 65 269 2 384
0 0 663 1 65 0 0 663
0 0 663 1 65 0 0 663
0 0 663 1 65 0 0 663
114 0 546 2 65 0 0 546 21 114 0 0
650 0 0 1 21 650 0 0
650 0 0 1 21 650 0 0
650 0 0 1 21 650 0 0
650 0 0 1 21 650 0 0
650 0 0 1 21 650 0 0
650 0 0 1 21 650 0 0
650 0 0 1 21 650 0 0
650 0 0 1 21 650 0 0
-1
4 59
308 0 0 1 123 308 0 0
308 0 0 1 123 308 0 0
308 0 0 1 123 308 0 0
308 0 0 1 123 308 0 0
308 0 0 1 123 308 0 0
308 0 0 1 123 308 0 0
308 0 0 1 123 308 0 0
308 0 0 1 123 308 0 0
308 0 0 1 123 308 0 0
308 0 0 1 123 308 0 0
308 0 0 1 123 308 0 0
308 0 0 1 123 308 0 0
308 0 0 1 123 308 0 0
308 0 0 1 123 308 0 0
308 0 0 1 123 308 0 0
308 0 0 1 123 308 0 0
308 0 0 1 123 308 0 0
308 0 0 1 123 308 0 0
308 0 0 1 123 308 0 0
308 0 0 1 123 308 0 0
308 0 0 1 123 308 0 0
308 0 0 1 123 308 0 0
308 0 0 1 123 308 0 0
308 0 0 1 123 308 0 0
308 0 0 1 123 308 0 0
308 0 0 1 123 308 0 0
308 0 0 1 123 308 0 0
308 0 0 1 123 308 0 0
308 0 0 1 123 308 0 0
308 0 0 1 123 308 0 0
308 0 0 1 123 308 0 0
308 0 0 1 123 308 0 0
308 0 0 1 123 308 0 0
308 0 0 1 123 308 0 0
308 0 0 1 123 308 0 0
308 0 0 1 123 308 0 0
308 0 0 1 123 308 0 0
308 0 0 1 123 308 0 0
308 0 0 1 123 308 0 0
308 0 0 1 123 308 0 0
308 0 0 1 123 308 0 0
308 0 0 1 123 308 0 0
308 0 0 1 123 308 0 0
308 0 0 1 123 308 0 0
308 0 0 1 123 308 0 0
308 0 0 1 123 308 0 0
308 0 0 1 123 308 0 0
308 0 0 1 123 308 0 0
308 0 0 1 123 308 0 0
308 0 0 1 123 308 0 0
308 0 0 1 123 308 0 0
308 0 0 1 123 308 0 0
308 0 0 1 123 308 0 0
308 0 0 1 123 308 0 0
308 0 0 1 123 308 0 0
308 0 0 1 123 308 0 0
308 0 0 1 123 308 0 0
308 0 0 1 123 308 0 0
308 0 0 1 123 308 0 0
-1
5 59
740 0 0 1 95 740 0 0
740 0 0 1 95 740 0 0
740 0 0 1 95 740 0 0
740 0 0 1 95 740 0 0
740 0 0 1 95 740 0 0
740 0 0 1 95 740 0 0
740 0 0 1 95 740 0 0
740 0 0 1 95 740 0 0
740 0 0 1 95 740 0 0
740 0 0 1 95 740 0 0
740 0 0 1 95 740 0 0
740 0 0 1 95 740 0 0
740 0 0 1 95 740 0 0
740 0 0 1 95 740 0 0
740 0 0 1 95 740 0 0
740 0 0 1 95 740 0 0
740 0 0 1 95 740 0 0
740 0 0 1 95 740 0 0
740 0 0 1 95 740 0 0
740 0 0 1 95 740 0 0
740 0 0 1 95 740 0 0
740 0 0 1 95 740 0 0
740 0 0 1 95 740 0 0
740 0 0 1 95 740 0 0
740 0 0 1 95 740 0 0
740 0 0 1 95 740 0 0
740 0 0 1 95 740 0 0
740 0 0 1 95 740 0 0
740 0 0 1 95 740 0 0
740 0 0 1 95 740 0 0
740 0 0 1 95 740 0 0
740 0 0 1 95 740 0 0
740 0 0 1 95 740 0 0
740 0 0 1 95 740 0 0
740 0 0 1 95 740 0 0
740 0 0 1 95 740 0 0
124 2 624 1 95 124 2 624
0 0 755 1 95 0 0 755
0 0 755 1 95 0 0 755
0 0 755 1 95 0 0 755
656 0 85 2 95 0 0 85 62 656 0 0
740 0 0 1 62 740 0 0
740 0 0 1 62 740 0 0
740 0 0 1 62 740 0 0
740 0 0 1 62 740 0 0
740 0 0 1 62 740 0 0
740 0 0 1 62 740 0 0
740 0 0 1 62 740 0 0
740 0 0 1 62 740 0 0
740 0 0 1 62 740 0 0
740 0 0 1 62 740 0 0
740 0 0 1 62 740 0 0
740 0 0 1 62 740 0 0
740 0 0 1 62 740 0 0
740 0 0 1 62 740 0 0
740 0 0 1 62 740 0 0
740 0 0 1 62 740 0 0
740 0 0 1 62 740 0 0
740 0 0 1 62 740 0 0
-1
6 49
368 0 0 1 123 368 0 0
368 0 0 1 123 368 0 0
368 0 0 1 123 368 0 0
368 0 0 1 123 368 0 0
368 0 0 1 123 368 0 0
368 0 0 1 123 368 0 0
368 0 0 1 123 368 0 0
368 0 0 1 123 368 0 0
368 0 0 1 123 368 0 0
368 0 0 1 123 368 0 0
368 0 0 1 123 368 0 0
368 0 0 1 123 368 0 0
368 0 0 1 123 368 0 0
368 0 0 1 123 368 0 0
368 0 0 1 123 368 0 0
368 0 0 1 123 368 0 0
368 0 0 1 123 368 0 0
368 0 0 1 123 368 0 0
368 0 0 1 123 368 0 0
313 0 56 1 123 313 0 56
0 0 375 1 123 0 0 375
0 0 375 1 123 0 0 375
0 0 375 1 123 0 0 375
0 0 375 1 123 0 0 375
0 0 375 1 123 0 0 375
0 0 375 1 123 0 0 375
0 0 375 1 123 0 0 375
187 0 184 2 123 0 0 184 50 187 0 0
368 0 0 1 50 368 0 0
368 0 0 1 50 368 0 0
368 0 0 1 50 368 0 0
368 0 0 1 50 368 0 0
368 0 0 1 50 368 0 0
368 0 0 1 50 368 0 0
368 0 0 1 50 368 0 0
368 0 0 1 50 368 0 0
368 0 0 1 50 368 0 0
368 0 0 1 50 368 0 0
368 0 0 1 50 368 0 0
368 0 0 1 50 368 0 0
368 0 0 1 50 368 0 0
368 0 0 1 50 368 0 0
368 0 0 1 50 368 0 0
368 0 0 1 50 368 0 0
368 0 0 1 50 368 0 0
368 0 0 1 50 368 0 0
368 0 0 1 50 368 0 0
368 0 0 1 50 368 0 0
368 0 0 1 50 368 0 0
-1
7 0
-1
8 28
774 0 0 1 62 774 0 0
774 0 0 1 62 774 0 0
774 0 0 1 62 774 0 0
774 0 0 1 62 774 0 0
774 0 0 1 62 774 0 0
774 0 0 1 62 774 0 0
774 0 0 1 62 774 0 0
774 0 0 1 62 774 0 0
774 0 0 1 62 774 0 0
774 0 0 1 62 774 0 0
457 1 321 1 62 457 1 321
0 0 789 1 62 0 0 789
0 0 789 1 62 0 0 789
139 0 647 2 62 0 0 647 169 139 0 0
774 0 0 1 169 774 0 0
774 0 0 1 169 774 0 0
774 0 0 1 169 774 0 0
774 0 0 1 169 774 0 0
774 0 0 1 169 774 0 0
774 0 0 1 169 774 0 0
774 0 0 1 169 774 0 0
774 0 0 1 169 774 0 0
774 0 0 1 169 774 0 0
774 0 0 1 169 774 0 0
774 0 0 1 169 774 0 0
774 0 0 1 169 774 0 0
774 0 0 1 169 774 0 0
774 0 0 1 169 774 0 0
-1
9 28
700 0 0 1 169 700 0 0
700 0 0 1 169 700 0 0
700 0 0 1 169 700 0 0
700 0 0 1 169 700 0 0
700 0 0 1 169 700 0 0
700 0 0 1 169 700 0 0
700 0 0 1 169 700 0 0
700 0 0 1 169 700 0 0
700 0 0 1 169 700 0 0
700 0 0 1 169 700 0 0
700 0 0 1 169 700 0 0
700 0 0 1 169 700 0 0
700 0 0 1 169 700 0 0
406 3 293 1 169 406 3 293
0 0 714 1 169 0 0 714
0 0 714 1 169 0 0 714
71 0 641 2 169 0 0 641 137 71 0 0
700 0 0 1 137 700 0 0
700 0 0 1 137 700 0 0
700 0 0 1 137 700 0 0
700 0 0 1 137 700 0 0
700 0 0 1 137 700 0 0
700 0 0 1 137 700 0 0
700 0 0 1 137 700 0 0
700 0 0 1 137 700 0 0
700 0 0 1 137 700 0 0
700 0 0 1 137 700 0 0
700 0 0 1 137 700 0 0
-1
10 61
806 0 0 1 35 806 0 0
806 0 0 1 35 806 0 0
806 0 0 1 35 806 0 0
806 0 0 1 35 806 0 0
806 0 0 1 35 806 0 0
806 0 0 1 35 806 0 0
806 0 0 1 35 806 0 0
806 0 0 1 35 806 0 0
806 0 0 1 35 806 0 0
806 0 0 1 35 806 0 0
806 0 0 1 35 806 0 0
806 0 0 1 35 806 0 0
806 0 0 1 35 806 0 0
806 0 0 1 35 806 0 0
806 0 0 1 35 806 0 0
806 0 0 1 35 806 0 0
806 0 0 1 35 806 0 0
806 0 0 1 35 806 0 0
806 0 0 1 35 806 0 0
806 0 0 1 35 806 0 0
806 0 0 1 35 806 0 0
806 0 0 1 35 806 0 0
374 2 436 1 35 374 2 436
0 0 822 1 35 0 0 822
67 0 754 2 35 0 0 754 78 67 0 0
806 0 0 1 78 806 0 0
806 0 0 1 78 806 0 0
806 0 0 1 78 806 0 0
806 0 0 1 78 806 0 0
806 0 0 1 78 806 0 0
806 0 0 1 78 806 0 0
806 0 0 1 78 806 0 0
806 0 0 1 78 806 0 0
806 0 0 1 78 806 0 0
806 0 0 1 78 806 0 0
806 0 0 1 78 806 0 0
806 0 0 1 78 806 0 0
806 0 0 1 78 806 0 0
806 0 0 1 78 806 0 0
806 0 0 1 78 806 0 0
806 0 0 1 78 806 0 0
806 0 0 1 78 806 0 0
806 0 0 1 78 806 0 0
806 0 0 1 78 806 0 0
806 0 0 1 78 806 0 0
806 0 0 1 78 806 0 0
806 0 0 1 78 806 0 0
806 0 0 1 78 806 0 0
806 0 0 1 78 806 0 0
806 0 0 1 78 806 0 0
806 0 0 1 78 806 0 0
806 0 0 1 78 806 0 0
806 0 0 1 78 806 0 0
806 0 0 1 78 806 0 0
806 0 0 1 78 806 0 0
116 0 704 1 78 116 0 704
0 0 822 1 78 0 0 822
0 0 822 1 78 0 0 822
454 0 359 2 78 0 0 359 54 454 0 0
806 0 0 1 54 806 0 0
806 0 0 1 54 806 0 0
-1
11 0
-1
12 0
-1
13 56
492 0 0 1 164 492 0 0
492 0 0 1 164 492 0 0
492 0 0 1 164 492 0 0
492 0 0 1 164 492 0 0
492 0 0 1 164 492 0 0
492 0 0 1 164 492 0 0
492 0 0 1 164 492 0 0
492 0 0 1 164 492 0 0
492 0 0 1 164 492 0 0
492 0 0 1 164 492 0 0
492 0 0 1 164 492 0 0
492 0 0 1 164 492 0 0
492 0 0 1 164 492 0 0
492 0 0 1 164 492 0 0
492 0 0 1 164 492 0 0
492 0 0 1 164 492 0 0
492 0 0 1 164 492 0 0
492 0 0 1 164 492 0 0
492 0 0 1 164 492 0 0
492 0 0 1 164 492 0 0
492 0 0 1 164 492 0 0
492 0 0 1 164 492 0 0
492 0 0 1 164 492 0 0
492 0 0 1 164 492 0 0
492 0 0 1 164 492 0 0
492 0 0 1 164 492 0 0
492 0 0 1 164 492 0 0
492 0 0 1 164 492 0 0
492 0 0 1 164 492 0 0
492 0 0 1 164 492 0 0
492 0 0 1 164 492 0 0
492 0 0 1 164 492 0 0
492 0 0 1 164 492 0 0
492 0 0 1 164 492 0 0
492 0 0 1 164 492 0 0
492 0 0 1 164 492 0 0
492 0 0 1 164 492 0 0
492 0 0 1 164 492 0 0
492 0 0 1 164 492 0 0
492 0 0 1 164 492 0 0
492 0 0 1 164 492 0 0
492 0 0 1 164 492 0 0
492 0 0 1 164 492 0 0
492 0 0 1 164 492 0 0
492 0 0 1 164 492 0 0
492 0 0 1 164 492 0 0
492 0 0 1 164 492 0 0
492 0 0 1 164 492 0 0
254 3 236 1 164 254 3 236
0 0 502 1 164 0 0 502
0 0 502 1 164 0 0 502
0 0 502 1 164 0 0 502
0 0 502 1 164 0 0 502
27 0 474 2 164 0 0 474 50 27 0 0
492 0 0 1 50 492 0 0
492 0 0 1 50 492 0 0
-1
14 22
694 0 0 1 137 694 0 0
694 0 0 1 137 694 0 0
694 0 0 1 137 694 0 0
694 0 0 1 137 694 0 0
694 0 0 1 137 694 0 0
694 0 0 1 137 694 0 0
694 0 0 1 137 694 0 0
25 2 678 1 137 25 2 678
0 0 708 1 137 0 0 708
596 0 100 2 137 0 0 98 54 596 0 2
694 0 0 1 54 694 0 0
694 0 0 1 54 694 0 0
694 0 0 1 54 694 0 0
694 0 0 1 54 694 0 0
694 0 0 1 54 694 0 0
694 0 0 1 54 694 0 0
694 0 0 1 54 694 0 0
694 0 0 1 54 694 0 0
694 0 0 1 54 694 0 0
694 0 0 1 54 694 0 0
694 0 0 1 54 694 0 0
694 0 0 1 54 694 0 0
-1
15 29
320 0 0 1 102 320 0 0
320 0 0 1 102 320 0 0
320 0 0 1 102 320 0 0
320 0 0 1 102 320 0 0
320 0 0 1 102 320 0 0
320 0 0 1 102 320 0 0
320 0 0 1 102 320 0 0
320 0 0 1 102 320 0 0
320 0 0 1 102 320 0 0
320 0 0 1 102 320 0 0
320 0 0 1 102 320 0 0
320 0 0 1 102 320 0 0
320 0 0 1 102 320 0 0
320 0 0 1 102 320 0 0
320 0 0 1 102 320 0 0
320 0 0 1 102 320 0 0
320 0 0 1 102 320 0 0
320 0 0 1 102 320 0 0
320 0 0 1 102 320 0 0
320 0 0 1 102 320 0 0
320 0 0 1 102 320 0 0
320 0 0 1 102 320 0 0
320 0 0 1 102 320 0 0
320 0 0 1 102 320 0 0
320 0 0 1 102 320 0 0
320 0 0 1 102 320 0 0
320 0 0 1 102 320 0 0
320 0 0 1 102 320 0 0
320 0 0 1 102 320 0 0
-1
