1 15
2 381 0 1 3 2 381 0
2 381 0 1 3 2 381 0
2 381 0 1 3 2 381 0
2 381 0 1 3 2 381 0
2 381 0 1 3 2 381 0
2 381 0 1 3 2 381 0
2 381 0 1 3 2 381 0
2 381 0 1 3 2 381 0
2 381 0 1 3 2 381 0
2 381 0 1 3 2 381 0
2 381 0 1 3 2 381 0
2 381 0 1 3 2 381 0
2 381 0 1 3 2 381 0
2 381 0 1 3 2 381 0
2 381 0 1 3 2 381 0
-1
2 18
1 320 0 1 3 1 320 0
1 320 0 1 3 1 320 0
1 320 0 1 3 1 320 0
1 320 0 1 3 1 320 0
1 320 0 1 3 1 320 0
1 320 0 1 3 1 320 0
1 320 0 1 3 1 320 0
1 320 0 1 3 1 320 0
1 320 0 1 3 1 320 0
1 320 0 1 3 1 320 0
1 320 0 1 3 1 320 0
1 320 0 1 3 1 320 0
1 320 0 1 3 1 320 0
1 320 0 1 3 1 320 0
1 320 0 1 3 1 320 0
1 320 0 1 3 1 320 0
1 320 0 1 3 1 320 0
1 320 0 1 3 1 320 0
-1
3 19
0 409 0 1 3 0 409 0
0 409 0 1 3 0 409 0
0 409 0 1 3 0 409 0
0 409 0 1 3 0 409 0
0 409 0 1 3 0 409 0
0 409 0 1 3 0 409 0
0 409 0 1 3 0 409 0
0 409 0 1 3 0 409 0
0 409 0 1 3 0 409 0
0 409 0 1 3 0 409 0
0 409 0 1 3 0 409 0
0 409 0 1 3 0 409 0
0 409 0 1 3 0 409 0
0 409 0 1 3 0 409 0
0 409 0 1 3 0 409 0
0 409 0 1 3 0 409 0
0 409 0 1 3 0 409 0
0 409 0 1 3 0 409 0
0 409 0 1 3 0 409 0
-1
4 8
0 108 1 1 7 0 108 1
0 108 1 1 7 0 108 1
0 108 1 1 7 0 108 1
0 108 1 1 7 0 108 1
0 108 1 1 7 0 108 1
0 108 1 1 7 0 108 1
0 108 1 1 7 0 108 1
0 108 1 1 7 0 108 1
-1
5 9
1 392 1 1 10 1 392 1
1 392 1 1 10 1 392 1
1 392 1 1 10 1 392 1
1 392 1 1 10 1 392 1
1 392 1 1 10 1 392 1
1 392 1 1 10 1 392 1
1 392 1 1 10 1 392 1
1 392 1 1 10 1 392 1
1 392 1 1 10 1 392 1
-1
