1 0
-1
2 38
0 1053 0 1 74 0 1053 0
0 1053 0 1 74 0 1053 0
0 1053 0 1 74 0 1053 0
0 1053 0 1 74 0 1053 0
0 1053 0 1 74 0 1053 0
0 1053 0 1 74 0 1053 0
0 1053 0 1 74 0 1053 0
0 1053 0 1 74 0 1053 0
0 1053 0 1 74 0 1053 0
0 1053 0 1 74 0 1053 0
0 1053 0 1 74 0 1053 0
0 1053 0 1 74 0 1053 0
0 1053 0 1 74 0 1053 0
0 1053 0 1 74 0 1053 0
0 1053 0 1 74 0 1053 0
0 1053 0 1 74 0 1053 0
0 1053 0 1 74 0 1053 0
0 1053 0 1 74 0 1053 0
0 1053 0 1 74 0 1053 0
0 1053 0 1 74 0 1053 0
0 1053 0 1 74 0 1053 0
1 657 547 2 74 0 657 547 454 1 0 0
1 0 1455 2 74 0 0 1455 454 1 0 0
0 671 528 2 74 0 0 528 454 0 671 0
0 1053 0 1 454 0 1053 0
0 1053 0 1 454 0 1053 0
0 1053 0 1 454 0 1053 0
0 1053 0 1 454 0 1053 0
0 1053 0 1 454 0 1053 0
0 1053 0 1 454 0 1053 0
0 1053 0 1 454 0 1053 0
0 1053 0 1 454 0 1053 0
0 1053 0 1 454 0 1053 0
0 1053 0 1 454 0 1053 0
0 1053 0 1 454 0 1053 0
0 893 221 1 454 0 893 221
0 156 1240 2 454 0 0 1240 132 0 156 0
0 1053 0 1 132 0 1053 0
-1
3 0
-1
4 0
-1
5 0
-1
6 43
2 382 0 1 419 2 382 0
2 382 0 1 419 2 382 0
2 382 0 1 419 2 382 0
2 382 0 1 419 2 382 0
2 382 0 1 419 2 382 0
2 382 0 1 419 2 382 0
2 382 0 1 419 2 382 0
2 382 0 1 419 2 382 0
2 382 0 1 419 2 382 0
2 382 0 1 419 2 382 0
2 382 0 1 419 2 382 0
2 382 0 1 419 2 382 0
2 382 0 1 419 2 382 0
2 382 0 1 419 2 382 0
2 382 0 1 419 2 382 0
2 382 0 1 419 2 382 0
2 382 0 1 419 2 382 0
2 382 0 1 419 2 382 0
2 382 0 1 419 2 382 0
2 382 0 1 419 2 382 0
2 382 0 1 419 2 382 0
2 382 0 1 419 2 382 0
2 382 0 1 419 2 382 0
2 382 0 1 419 2 382 0
2 382 0 1 419 2 382 0
2 382 0 1 419 2 382 0
2 382 0 1 419 2 382 0
0 171 293 1 419 0 171 293
0 0 529 1 419 0 0 529
1 130 349 2 419 0 0 349 318 1 130 0
2 382 0 1 318 2 382 0
2 382 0 1 318 2 382 0
2 382 0 1 318 2 382 0
2 382 0 1 318 2 382 0
2 382 0 1 318 2 382 0
2 382 0 1 318 2 382 0
2 382 0 1 318 2 382 0
2 382 0 1 318 2 382 0
2 382 0 1 318 2 382 0
2 382 0 1 318 2 382 0
2 382 0 1 318 2 382 0
2 382 0 1 318 2 382 0
2 382 0 1 318 2 382 0
-1
7 0
-1
8 0
-1
9 50
0 402 0 1 426 0 402 0
0 402 0 1 426 0 402 0
0 402 0 1 426 0 402 0
0 402 0 1 426 0 402 0
0 402 0 1 426 0 402 0
0 402 0 1 426 0 402 0
0 402 0 1 426 0 402 0
0 402 0 1 426 0 402 0
0 402 0 1 426 0 402 0
0 402 0 1 426 0 402 0
0 402 0 1 426 0 402 0
0 402 0 1 426 0 402 0
0 402 0 1 426 0 402 0
0 402 0 1 426 0 402 0
0 402 0 1 426 0 402 0
0 402 0 1 426 0 402 0
0 402 0 1 426 0 402 0
0 402 0 1 426 0 402 0
0 402 0 1 426 0 402 0
0 402 0 1 426 0 402 0
0 402 0 1 426 0 402 0
0 402 0 1 426 0 402 0
0 402 0 1 426 0 402 0
0 402 0 1 426 0 402 0
0 402 0 1 426 0 402 0
0 402 0 1 426 0 402 0
0 402 0 1 426 0 402 0
0 402 0 1 426 0 402 0
0 402 0 1 426 0 402 0
0 402 0 1 426 0 402 0
0 402 0 1 426 0 402 0
0 402 0 1 426 0 402 0
0 402 0 1 426 0 402 0
0 402 0 1 426 0 402 0
0 402 0 1 426 0 402 0
0 402 0 1 426 0 402 0
0 402 0 1 426 0 402 0
0 402 0 1 426 0 402 0
0 402 0 1 426 0 402 0
0 402 0 1 426 0 402 0
0 402 0 1 426 0 402 0
0 402 0 1 426 0 402 0
0 402 0 1 426 0 402 0
0 402 0 1 426 0 402 0
0 402 0 1 426 0 402 0
0 402 0 1 426 0 402 0
0 402 0 1 426 0 402 0
0 375 37 1 426 0 375 37
1 0 555 2 426 0 0 555 530 1 0 0
1 0 555 2 426 0 0 555 530 1 0 0
-1
10 0
-1
11 47
1 895 0 1 296 1 895 0
1 895 0 1 296 1 895 0
1 895 0 1 296 1 895 0
1 895 0 1 296 1 895 0
1 895 0 1 296 1 895 0
1 895 0 1 296 1 895 0
1 895 0 1 296 1 895 0
1 895 0 1 296 1 895 0
1 895 0 1 296 1 895 0
1 895 0 1 296 1 895 0
1 895 0 1 296 1 895 0
1 895 0 1 296 1 895 0
1 895 0 1 296 1 895 0
1 895 0 1 296 1 895 0
1 895 0 1 296 1 895 0
1 895 0 1 296 1 895 0
1 895 0 1 296 1 895 0
1 895 0 1 296 1 895 0
1 895 0 1 296 1 895 0
1 895 0 1 296 1 895 0
1 895 0 1 296 1 895 0
1 895 0 1 296 1 895 0
1 895 0 1 296 1 895 0
1 895 0 1 296 1 895 0
1 357 744 2 296 0 357 744 668 1 0 0
0 0 1238 1 296 0 0 1238
0 572 447 2 296 0 0 447 668 0 572 0
1 895 0 1 668 1 895 0
1 895 0 1 668 1 895 0
1 895 0 1 668 1 895 0
1 895 0 1 668 1 895 0
1 895 0 1 668 1 895 0
1 895 0 1 668 1 895 0
1 895 0 1 668 1 895 0
1 895 0 1 668 1 895 0
1 895 0 1 668 1 895 0
1 895 0 1 668 1 895 0
1 895 0 1 668 1 895 0
1 895 0 1 668 1 895 0
1 895 0 1 668 1 895 0
1 895 0 1 668 1 895 0
1 895 0 1 668 1 895 0
1 895 0 1 668 1 895 0
1 895 0 1 668 1 895 0
1 895 0 1 668 1 895 0
0 444 624 1 668 0 444 624
0 0 1238 1 668 0 0 1238
-1
12 47
0 1038 0 1 798 0 1038 0
0 1038 0 1 798 0 1038 0
0 1038 0 1 798 0 1038 0
0 1038 0 1 798 0 1038 0
0 1038 0 1 798 0 1038 0
0 1038 0 1 798 0 1038 0
0 1038 0 1 798 0 1038 0
0 1038 0 1 798 0 1038 0
0 1038 0 1 798 0 1038 0
0 1038 0 1 798 0 1038 0
0 1038 0 1 798 0 1038 0
0 984 75 1 798 0 984 75
1 95 1303 2 798 0 0 1303 1109 1 95 0
0 1038 0 1 1029 0 1038 0
0 1038 0 1 1029 0 1038 0
0 1038 0 1 1029 0 1038 0
0 1038 0 1 1029 0 1038 0
0 1038 0 1 1029 0 1038 0
0 1038 0 1 1029 0 1038 0
0 1038 0 1 1029 0 1038 0
0 1038 0 1 1029 0 1038 0
0 1038 0 1 1029 0 1038 0
0 1038 0 1 1029 0 1038 0
0 1038 0 1 1029 0 1038 0
0 1038 0 1 1029 0 1038 0
0 1038 0 1 1029 0 1038 0
0 1038 0 1 1029 0 1038 0
0 1038 0 1 1029 0 1038 0
0 1038 0 1 1029 0 1038 0
0 1038 0 1 1029 0 1038 0
0 1038 0 1 1029 0 1038 0
0 1038 0 1 1029 0 1038 0
0 1038 0 1 1029 0 1038 0
0 1038 0 1 1029 0 1038 0
0 1038 0 1 1029 0 1038 0
1 231 1115 2 1029 0 231 1115 190 1 0 0
0 0 1435 1 1029 0 0 1435
4 1027 13 2 1029 0 0 13 190 4 1027 0
0 1038 0 1 190 0 1038 0
0 1038 0 1 190 0 1038 0
0 1038 0 1 190 0 1038 0
0 1038 0 1 190 0 1038 0
0 1038 0 1 190 0 1038 0
0 1038 0 1 190 0 1038 0
0 1038 0 1 190 0 1038 0
0 1038 0 1 190 0 1038 0
0 1038 0 1 190 0 1038 0
-1
13 0
-1
14 48
1 863 0 1 46 1 863 0
1 863 0 1 46 1 863 0
1 863 0 1 46 1 863 0
1 863 0 1 46 1 863 0
1 863 0 1 46 1 863 0
1 863 0 1 46 1 863 0
1 863 0 1 46 1 863 0
1 863 0 1 46 1 863 0
1 863 0 1 46 1 863 0
1 863 0 1 46 1 863 0
1 863 0 1 46 1 863 0
1 863 0 1 46 1 863 0
1 863 0 1 46 1 863 0
1 863 0 1 46 1 863 0
1 863 0 1 46 1 863 0
1 863 0 1 46 1 863 0
1 863 0 1 46 1 863 0
1 863 0 1 46 1 863 0
1 863 0 1 46 1 863 0
1 863 0 1 46 1 863 0
1 863 0 1 46 1 863 0
1 863 0 1 46 1 863 0
1 863 0 1 46 1 863 0
1 863 0 1 46 1 863 0
1 863 0 1 46 1 863 0
1 863 0 1 46 1 863 0
1 863 0 1 46 1 863 0
1 863 0 1 46 1 863 0
1 863 0 1 46 1 863 0
1 863 0 1 46 1 863 0
1 252 845 2 46 0 252 845 634 1 0 0
0 0 1194 1 46 0 0 1194
0 235 869 2 46 0 0 869 634 0 235 0
1 863 0 1 634 1 863 0
1 863 0 1 634 1 863 0
1 863 0 1 634 1 863 0
1 863 0 1 634 1 863 0
1 863 0 1 634 1 863 0
1 863 0 1 634 1 863 0
1 863 0 1 634 1 863 0
1 863 0 1 634 1 863 0
1 863 0 1 634 1 863 0
1 863 0 1 634 1 863 0
1 863 0 1 634 1 863 0
1 863 0 1 634 1 863 0
1 863 0 1 634 1 863 0
1 863 0 1 634 1 863 0
0 34 1147 1 634 0 34 1147
-1
15 47
1 727 0 1 195 1 727 0
1 727 0 1 195 1 727 0
1 727 0 1 195 1 727 0
1 727 0 1 195 1 727 0
1 727 0 1 195 1 727 0
1 727 0 1 195 1 727 0
1 727 0 1 195 1 727 0
1 727 0 1 195 1 727 0
1 727 0 1 195 1 727 0
1 727 0 1 195 1 727 0
1 727 0 1 195 1 727 0
1 727 0 1 195 1 727 0
1 727 0 1 195 1 727 0
1 727 0 1 195 1 727 0
1 727 0 1 195 1 727 0
1 727 0 1 195 1 727 0
1 727 0 1 195 1 727 0
1 727 0 1 195 1 727 0
1 727 0 1 195 1 727 0
1 727 0 1 195 1 727 0
1 727 0 1 195 1 727 0
1 727 0 1 195 1 727 0
1 727 0 1 195 1 727 0
1 727 0 1 195 1 727 0
1 727 0 1 195 1 727 0
1 727 0 1 195 1 727 0
1 727 0 1 195 1 727 0
1 727 0 1 195 1 727 0
1 727 0 1 195 1 727 0
1 727 0 1 195 1 727 0
1 327 553 2 195 0 327 553 960 1 0 0
1 0 1005 2 195 0 0 1005 960 1 0 0
2 72 905 2 195 0 0 905 960 2 72 0
1 727 0 1 960 1 727 0
1 727 0 1 960 1 727 0
1 727 0 1 960 1 727 0
1 727 0 1 960 1 727 0
1 727 0 1 960 1 727 0
1 727 0 1 960 1 727 0
1 727 0 1 960 1 727 0
1 727 0 1 960 1 727 0
1 727 0 1 960 1 727 0
1 727 0 1 960 1 727 0
1 727 0 1 960 1 727 0
1 727 0 1 960 1 727 0
1 727 0 1 960 1 727 0
1 727 0 1 960 1 727 0
-1
16 0
-1
17 0
-1
18 25
1 510 0 1 132 1 510 0
1 510 0 1 132 1 510 0
1 510 0 1 132 1 510 0
1 510 0 1 132 1 510 0
1 510 0 1 132 1 510 0
1 510 0 1 132 1 510 0
1 510 0 1 132 1 510 0
1 510 0 1 132 1 510 0
1 510 0 1 132 1 510 0
1 510 0 1 132 1 510 0
1 510 0 1 132 1 510 0
1 510 0 1 132 1 510 0
1 510 0 1 132 1 510 0
1 510 0 1 132 1 510 0
1 510 0 1 132 1 510 0
1 510 0 1 132 1 510 0
1 510 0 1 132 1 510 0
1 510 0 1 132 1 510 0
1 510 0 1 132 1 510 0
1 510 0 1 132 1 510 0
1 510 0 1 132 1 510 0
1 510 0 1 132 1 510 0
1 510 0 1 132 1 510 0
1 510 0 1 132 1 510 0
1 510 0 1 132 1 510 0
-1
19 43
0 255 0 1 960 0 255 0
0 255 0 1 960 0 255 0
0 255 0 1 960 0 255 0
0 255 0 1 960 0 255 0
0 255 0 1 960 0 255 0
0 255 0 1 960 0 255 0
0 255 0 1 960 0 255 0
0 255 0 1 960 0 255 0
0 255 0 1 960 0 255 0
0 255 0 1 960 0 255 0
0 255 0 1 960 0 255 0
0 255 0 1 960 0 255 0
0 255 0 1 960 0 255 0
0 255 0 1 960 0 255 0
0 255 0 1 960 0 255 0
0 255 0 1 960 0 255 0
0 255 0 1 960 0 255 0
0 255 0 1 960 0 255 0
0 255 0 1 960 0 255 0
0 255 0 1 960 0 255 0
0 255 0 1 960 0 255 0
0 255 0 1 960 0 255 0
0 255 0 1 960 0 255 0
0 255 0 1 960 0 255 0
0 255 0 1 960 0 255 0
0 255 0 1 960 0 255 0
0 255 0 1 960 0 255 0
0 255 0 1 960 0 255 0
0 255 0 1 960 0 255 0
0 255 0 1 960 0 255 0
0 255 0 1 960 0 255 0
0 255 0 1 960 0 255 0
0 255 0 1 960 0 255 0
0 255 0 1 960 0 255 0
0 255 0 1 960 0 255 0
0 255 0 1 960 0 255 0
0 255 0 1 960 0 255 0
0 255 0 1 960 0 255 0
1 68 258 2 960 0 68 258 343 1 0 0
1 0 352 2 960 0 0 352 343 1 0 0
1 0 352 2 960 0 0 352 343 1 0 0
1 0 352 2 960 0 0 352 343 1 0 0
1 0 352 2 960 0 0 352 343 1 0 0
-1
20 0
-1
21 50
1 459 0 1 530 1 459 0
1 459 0 1 530 1 459 0
1 459 0 1 530 1 459 0
1 459 0 1 530 1 459 0
1 459 0 1 530 1 459 0
1 459 0 1 530 1 459 0
1 459 0 1 530 1 459 0
1 459 0 1 530 1 459 0
1 459 0 1 530 1 459 0
1 459 0 1 530 1 459 0
1 459 0 1 530 1 459 0
1 459 0 1 530 1 459 0
1 459 0 1 530 1 459 0
1 459 0 1 530 1 459 0
1 459 0 1 530 1 459 0
1 459 0 1 530 1 459 0
1 459 0 1 530 1 459 0
1 459 0 1 530 1 459 0
1 459 0 1 530 1 459 0
1 459 0 1 530 1 459 0
1 459 0 1 530 1 459 0
1 459 0 1 530 1 459 0
1 339 166 2 530 0 339 166 741 1 0 0
0 0 635 1 530 0 0 635
0 181 385 2 530 0 0 385 741 0 181 0
1 459 0 1 741 1 459 0
1 459 0 1 741 1 459 0
1 459 0 1 741 1 459 0
1 459 0 1 741 1 459 0
1 459 0 1 741 1 459 0
1 459 0 1 741 1 459 0
1 459 0 1 741 1 459 0
1 459 0 1 741 1 459 0
1 459 0 1 741 1 459 0
1 459 0 1 741 1 459 0
1 459 0 1 741 1 459 0
1 459 0 1 741 1 459 0
1 459 0 1 741 1 459 0
1 459 0 1 741 1 459 0
1 459 0 1 741 1 459 0
1 459 0 1 741 1 459 0
1 459 0 1 741 1 459 0
1 459 0 1 741 1 459 0
1 459 0 1 741 1 459 0
1 459 0 1 741 1 459 0
1 459 0 1 741 1 459 0
1 459 0 1 741 1 459 0
1 459 0 1 741 1 459 0
1 459 0 1 741 1 459 0
1 459 0 1 741 1 459 0
-1
22 0
-1
23 32
0 987 0 1 26 0 987 0
0 987 0 1 26 0 987 0
0 987 0 1 26 0 987 0
0 987 0 1 26 0 987 0
0 987 0 1 26 0 987 0
0 987 0 1 26 0 987 0
0 987 0 1 26 0 987 0
0 987 0 1 26 0 987 0
0 987 0 1 26 0 987 0
0 987 0 1 26 0 987 0
0 987 0 1 26 0 987 0
0 987 0 1 26 0 987 0
0 137 1175 1 26 0 137 1175
2 817 234 2 26 0 0 234 626 2 817 0
0 987 0 1 626 0 987 0
0 987 0 1 626 0 987 0
0 987 0 1 626 0 987 0
0 987 0 1 626 0 987 0
0 987 0 1 626 0 987 0
0 987 0 1 626 0 987 0
0 987 0 1 626 0 987 0
0 987 0 1 626 0 987 0
0 987 0 1 626 0 987 0
0 987 0 1 626 0 987 0
0 987 0 1 626 0 987 0
0 987 0 1 626 0 987 0
0 360 867 1 626 0 360 867
1 567 580 2 626 0 0 580 1188 1 567 0
0 987 0 1 643 0 987 0
0 987 0 1 643 0 987 0
0 987 0 1 643 0 987 0
0 987 0 1 643 0 987 0
-1
24 36
1 995 0 1 1109 1 995 0
1 995 0 1 1109 1 995 0
1 995 0 1 1109 1 995 0
1 995 0 1 1109 1 995 0
1 995 0 1 1109 1 995 0
1 995 0 1 1109 1 995 0
1 995 0 1 1109 1 995 0
1 995 0 1 1109 1 995 0
1 995 0 1 1109 1 995 0
1 995 0 1 1109 1 995 0
1 995 0 1 1109 1 995 0
1 995 0 1 1109 1 995 0
1 995 0 1 1109 1 995 0
1 995 0 1 1109 1 995 0
1 995 0 1 1109 1 995 0
1 995 0 1 1109 1 995 0
1 995 0 1 1109 1 995 0
1 995 0 1 1109 1 995 0
0 345 899 1 1109 0 345 899
1 169 1142 2 1109 0 0 1142 190 1 169 0
1 995 0 1 190 1 995 0
1 995 0 1 190 1 995 0
1 995 0 1 190 1 995 0
1 995 0 1 190 1 995 0
1 995 0 1 190 1 995 0
1 339 907 2 190 0 339 907 806 1 0 0
1 223 1067 2 190 0 0 1067 806 1 223 0
1 995 0 1 806 1 995 0
1 995 0 1 806 1 995 0
1 995 0 1 806 1 995 0
1 995 0 1 806 1 995 0
1 995 0 1 806 1 995 0
1 995 0 1 806 1 995 0
1 995 0 1 806 1 995 0
1 995 0 1 806 1 995 0
1 995 0 1 806 1 995 0
-1
25 0
-1
26 43
1 774 0 1 343 1 774 0
1 774 0 1 343 1 774 0
1 774 0 1 343 1 774 0
1 774 0 1 343 1 774 0
1 774 0 1 343 1 774 0
1 774 0 1 343 1 774 0
1 774 0 1 343 1 774 0
1 774 0 1 343 1 774 0
1 774 0 1 343 1 774 0
1 774 0 1 343 1 774 0
1 774 0 1 343 1 774 0
1 774 0 1 343 1 774 0
1 774 0 1 343 1 774 0
1 774 0 1 343 1 774 0
1 774 0 1 343 1 774 0
1 774 0 1 343 1 774 0
1 774 0 1 343 1 774 0
1 774 0 1 343 1 774 0
1 774 0 1 343 1 774 0
1 774 0 1 343 1 774 0
1 774 0 1 343 1 774 0
1 774 0 1 343 1 774 0
1 774 0 1 343 1 774 0
1 774 0 1 343 1 774 0
1 774 0 1 343 1 774 0
1 774 0 1 343 1 774 0
1 774 0 1 343 1 774 0
1 774 0 1 343 1 774 0
1 774 0 1 343 1 774 0
0 136 882 1 343 0 136 882
0 0 1070 1 343 0 0 1070
0 0 849 2 343 0 0 561 960 0 0 288
1 774 0 1 1195 1 774 0
1 774 0 1 1195 1 774 0
1 774 0 1 1195 1 774 0
1 774 0 1 1195 1 774 0
1 774 0 1 1195 1 774 0
1 774 0 1 1195 1 774 0
1 774 0 1 1195 1 774 0
1 774 0 1 1195 1 774 0
1 774 0 1 1195 1 774 0
1 774 0 1 1195 1 774 0
1 774 0 1 1195 1 774 0
-1
27 25
0 355 0 1 806 0 355 0
0 355 0 1 806 0 355 0
0 355 0 1 806 0 355 0
0 355 0 1 806 0 355 0
0 355 0 1 806 0 355 0
0 355 0 1 806 0 355 0
0 355 0 1 806 0 355 0
0 355 0 1 806 0 355 0
0 355 0 1 806 0 355 0
0 355 0 1 806 0 355 0
0 355 0 1 806 0 355 0
0 355 0 1 806 0 355 0
0 355 0 1 806 0 355 0
0 355 0 1 806 0 355 0
0 355 0 1 806 0 355 0
0 355 0 1 806 0 355 0
0 355 0 1 806 0 355 0
0 355 0 1 806 0 355 0
0 355 0 1 806 0 355 0
0 355 0 1 806 0 355 0
0 355 0 1 806 0 355 0
0 355 0 1 806 0 355 0
0 355 0 1 806 0 355 0
0 355 0 1 806 0 355 0
0 355 0 1 806 0 355 0
-1
28 7
0 470 0 1 806 0 470 0
0 470 0 1 806 0 470 0
0 470 0 1 806 0 470 0
0 470 0 1 806 0 470 0
0 470 0 1 806 0 470 0
0 470 0 1 806 0 470 0
1 278 265 2 806 0 278 265 1195 1 0 0
-1
29 38
1 123 994 2 426 0 0 994 741 1 123 0
1 842 0 1 741 1 842 0
1 842 0 1 741 1 842 0
1 842 0 1 741 1 842 0
1 842 0 1 741 1 842 0
1 842 0 1 741 1 842 0
1 842 0 1 741 1 842 0
1 842 0 1 741 1 842 0
1 842 0 1 741 1 842 0
1 842 0 1 741 1 842 0
1 842 0 1 741 1 842 0
1 842 0 1 741 1 842 0
1 842 0 1 741 1 842 0
1 842 0 1 741 1 842 0
1 842 0 1 741 1 842 0
1 842 0 1 741 1 842 0
1 842 0 1 741 1 842 0
0 9 1152 1 741 0 9 1152
1 0 1164 2 741 0 0 1164 1015 1 0 0
0 378 642 2 741 0 0 642 1015 0 378 0
1 842 0 1 1015 1 842 0
1 842 0 1 1015 1 842 0
1 842 0 1 1015 1 842 0
1 842 0 1 1015 1 842 0
1 842 0 1 1015 1 842 0
1 842 0 1 1015 1 842 0
1 842 0 1 1015 1 842 0
1 842 0 1 1015 1 842 0
1 842 0 1 1015 1 842 0
1 842 0 1 1015 1 842 0
1 842 0 1 1015 1 842 0
1 842 0 1 1015 1 842 0
1 842 0 1 1015 1 842 0
1 842 0 1 1015 1 842 0
1 842 0 1 1015 1 842 0
1 842 0 1 1015 1 842 0
1 659 253 2 1015 0 659 253 613 1 0 0
1 0 1164 2 1015 0 0 1164 613 1 0 0
-1
30 35
0 600 0 1 613 0 600 0
0 600 0 1 613 0 600 0
0 600 0 1 613 0 600 0
0 600 0 1 613 0 600 0
0 600 0 1 613 0 600 0
0 600 0 1 613 0 600 0
0 600 0 1 613 0 600 0
0 600 0 1 613 0 600 0
0 600 0 1 613 0 600 0
0 600 0 1 613 0 600 0
0 600 0 1 613 0 600 0
0 600 0 1 613 0 600 0
0 600 0 1 613 0 600 0
0 600 0 1 613 0 600 0
0 600 0 1 613 0 600 0
0 600 0 1 613 0 600 0
0 600 0 1 613 0 600 0
0 600 0 1 613 0 600 0
0 600 0 1 613 0 600 0
0 600 0 1 613 0 600 0
0 600 0 1 613 0 600 0
0 600 0 1 613 0 600 0
0 600 0 1 613 0 600 0
0 600 0 1 613 0 600 0
0 600 0 1 613 0 600 0
0 600 0 1 613 0 600 0
0 600 0 1 613 0 600 0
0 600 0 1 613 0 600 0
0 600 0 1 613 0 600 0
0 600 0 1 613 0 600 0
0 600 0 1 613 0 600 0
0 600 0 1 613 0 600 0
0 600 0 1 613 0 600 0
0 600 0 1 613 0 600 0
0 600 0 1 613 0 600 0
-1
31 22
1 244 0 1 281 1 244 0
1 244 0 1 281 1 244 0
1 244 0 1 281 1 244 0
1 244 0 1 281 1 244 0
1 244 0 1 281 1 244 0
1 244 0 1 281 1 244 0
1 244 0 1 281 1 244 0
1 244 0 1 281 1 244 0
1 244 0 1 281 1 244 0
1 244 0 1 281 1 244 0
1 244 0 1 281 1 244 0
1 244 0 1 281 1 244 0
1 244 0 1 281 1 244 0
1 244 0 1 281 1 244 0
1 244 0 1 281 1 244 0
1 244 0 1 281 1 244 0
1 244 0 1 281 1 244 0
1 244 0 1 281 1 244 0
1 244 0 1 281 1 244 0
1 244 0 1 281 1 244 0
1 244 0 1 281 1 244 0
1 244 0 1 281 1 244 0
-1
32 0
-1
33 31
1 478 0 1 318 1 478 0
1 478 0 1 318 1 478 0
1 478 0 1 318 1 478 0
1 478 0 1 318 1 478 0
1 478 0 1 318 1 478 0
1 478 0 1 318 1 478 0
1 478 0 1 318 1 478 0
1 478 0 1 318 1 478 0
1 478 0 1 318 1 478 0
1 478 0 1 318 1 478 0
1 478 0 1 318 1 478 0
1 478 0 1 318 1 478 0
1 478 0 1 318 1 478 0
1 478 0 1 318 1 478 0
1 478 0 1 318 1 478 0
1 478 0 1 318 1 478 0
1 478 0 1 318 1 478 0
1 478 0 1 318 1 478 0
1 478 0 1 318 1 478 0
1 478 0 1 318 1 478 0
1 478 0 1 318 1 478 0
1 478 0 1 318 1 478 0
0 38 609 1 318 0 38 609
1 0 661 2 318 0 0 661 613 1 0 0
1 104 517 2 318 0 0 517 613 1 104 0
1 478 0 1 605 1 478 0
1 478 0 1 605 1 478 0
1 478 0 1 605 1 478 0
1 478 0 1 605 1 478 0
1 478 0 1 605 1 478 0
1 478 0 1 605 1 478 0
-1
34 22
3 522 0 1 1188 3 522 0
3 522 0 1 1188 3 522 0
3 522 0 1 1188 3 522 0
3 522 0 1 1188 3 522 0
3 522 0 1 1188 3 522 0
3 522 0 1 1188 3 522 0
3 522 0 1 1188 3 522 0
3 522 0 1 1188 3 522 0
3 522 0 1 1188 3 522 0
3 522 0 1 1188 3 522 0
3 522 0 1 1188 3 522 0
3 522 0 1 1188 3 522 0
3 522 0 1 1188 3 522 0
3 522 0 1 1188 3 522 0
3 522 0 1 1188 3 522 0
3 522 0 1 1188 3 522 0
3 522 0 1 1188 3 522 0
3 522 0 1 1188 3 522 0
3 522 0 1 1188 3 522 0
3 522 0 1 1188 3 522 0
3 522 0 1 1188 3 522 0
3 522 0 1 1188 3 522 0
-1
35 0
-1
36 0
-1
37 22
0 0 1432 1 806 0 0 1432
0 21 1207 2 806 0 0 115 1195 0 21 1092
0 1036 0 1 752 0 1036 0
0 1036 0 1 752 0 1036 0
0 1036 0 1 752 0 1036 0
0 1036 0 1 752 0 1036 0
0 1036 0 1 752 0 1036 0
0 1036 0 1 752 0 1036 0
0 1036 0 1 752 0 1036 0
0 1036 0 1 752 0 1036 0
0 1036 0 1 752 0 1036 0
0 1036 0 1 752 0 1036 0
0 1036 0 1 752 0 1036 0
0 1036 0 1 752 0 1036 0
0 1036 0 1 752 0 1036 0
0 1036 0 1 752 0 1036 0
0 1036 0 1 752 0 1036 0
0 1036 0 1 752 0 1036 0
0 1036 0 1 752 0 1036 0
0 1036 0 1 752 0 1036 0
0 1036 0 1 752 0 1036 0
0 1036 0 1 752 0 1036 0
-1
38 0
-1
39 24
0 306 0 1 613 0 306 0
0 306 0 1 613 0 306 0
0 306 0 1 613 0 306 0
0 306 0 1 613 0 306 0
0 306 0 1 613 0 306 0
0 299 10 1 613 0 299 10
0 0 423 1 613 0 0 423
0 0 423 1 613 0 0 423
0 0 423 1 613 0 0 423
0 0 423 1 613 0 0 423
0 0 423 1 613 0 0 423
0 0 423 1 613 0 0 423
1 201 145 2 613 0 0 145 605 1 201 0
0 306 0 1 605 0 306 0
0 306 0 1 605 0 306 0
0 306 0 1 605 0 306 0
0 306 0 1 605 0 306 0
0 306 0 1 605 0 306 0
0 306 0 1 605 0 306 0
0 306 0 1 605 0 306 0
0 306 0 1 605 0 306 0
0 306 0 1 605 0 306 0
0 306 0 1 605 0 306 0
0 306 0 1 605 0 306 0
-1
40 39
1 810 0 1 605 1 810 0
1 810 0 1 605 1 810 0
1 810 0 1 605 1 810 0
1 810 0 1 605 1 810 0
1 810 0 1 605 1 810 0
1 810 0 1 605 1 810 0
1 810 0 1 605 1 810 0
1 810 0 1 605 1 810 0
1 810 0 1 605 1 810 0
1 810 0 1 605 1 810 0
1 810 0 1 605 1 810 0
1 810 0 1 605 1 810 0
1 810 0 1 605 1 810 0
1 810 0 1 605 1 810 0
1 810 0 1 605 1 810 0
1 810 0 1 605 1 810 0
1 614 271 2 605 0 614 271 225 1 0 0
0 0 1120 1 605 0 0 1120
1 143 922 2 605 0 0 922 225 1 143 0
1 810 0 1 225 1 810 0
1 810 0 1 225 1 810 0
1 810 0 1 225 1 810 0
1 810 0 1 225 1 810 0
1 810 0 1 225 1 810 0
1 810 0 1 225 1 810 0
1 810 0 1 225 1 810 0
1 810 0 1 225 1 810 0
1 810 0 1 225 1 810 0
1 810 0 1 225 1 810 0
1 810 0 1 225 1 810 0
1 810 0 1 225 1 810 0
1 810 0 1 225 1 810 0
1 810 0 1 225 1 810 0
1 810 0 1 225 1 810 0
1 810 0 1 225 1 810 0
1 810 0 1 225 1 810 0
1 810 0 1 225 1 810 0
1 810 0 1 225 1 810 0
1 810 0 1 225 1 810 0
-1
