1 13
0 5468 1 1 1 0 5468 1
0 5468 1 1 1 0 5468 1
0 5468 1 1 1 0 5468 1
0 5468 1 1 1 0 5468 1
0 5468 1 1 1 0 5468 1
0 5468 1 1 1 0 5468 1
0 5468 1 1 1 0 5468 1
0 5468 1 1 1 0 5468 1
0 5468 1 1 1 0 5468 1
0 5468 1 1 1 0 5468 1
0 5468 1 1 1 0 5468 1
0 5468 1 1 1 0 5468 1
0 5468 1 1 1 0 5468 1
-1
2 13
0 4920 0 1 1 0 4920 0
0 4920 0 1 1 0 4920 0
0 4920 0 1 1 0 4920 0
0 4920 0 1 1 0 4920 0
0 4920 0 1 1 0 4920 0
0 4920 0 1 1 0 4920 0
0 4920 0 1 1 0 4920 0
0 4920 0 1 1 0 4920 0
0 4920 0 1 1 0 4920 0
0 4920 0 1 1 0 4920 0
0 4920 0 1 1 0 4920 0
0 4920 0 1 1 0 4920 0
0 4920 0 1 1 0 4920 0
-1
3 11
0 4437 1 1 1 0 4437 1
0 4437 1 1 1 0 4437 1
0 4437 1 1 1 0 4437 1
0 4437 1 1 1 0 4437 1
0 4437 1 1 1 0 4437 1
0 4437 1 1 1 0 4437 1
0 4437 1 1 1 0 4437 1
0 4437 1 1 1 0 4437 1
0 4437 1 1 1 0 4437 1
0 4437 1 1 1 0 4437 1
0 4437 1 1 1 0 4437 1
-1
4 6
0 6142 1 1 1 0 6142 1
0 6142 1 1 1 0 6142 1
0 6142 1 1 1 0 6142 1
0 4910 3697 1 1 0 4910 3697
0 0 18427 1 1 0 0 18427
0 0 2515 1 1 0 0 2515
-1
5 0
-1
