34 2
4947 1169 0 1 1 4947 1169 0
8177 65 0 1 1 8177 65 0
-1
23 4
5930 0 1 1 1 5930 0 1
4125 0 1 1 1 4125 0 1
454 0 1 1 1 454 0 1
1793 0 1 1 1 1793 0 1
-1
14 1
3214 0 0 1 1 3214 0 0
-1
32 5
10075 0 0 1 1 10075 0 0
6262 0 0 1 1 6262 0 0
8642 0 0 1 1 8642 0 0
3792 0 0 1 1 3792 0 0
6744 0 0 1 1 6744 0 0
-1
25 2
2303 0 1 1 1 2303 0 1
0 1522 1 1 1 0 1522 1
-1
28 1
1352 2456 1 1 1 1352 2456 1
-1
29 2
2641 0 0 1 1 2641 0 0
2604 0 0 1 1 2604 0 0
-1
37 5
3167 0 0 1 1 3167 0 0
3021 0 0 1 1 3021 0 0
5716 0 0 1 1 5716 0 0
7685 0 0 1 1 7685 0 0
844 3237 0 1 1 844 3237 0
-1
10 3
0 251 0 1 1 0 251 0
5089 0 0 1 1 5089 0 0
7767 0 0 1 1 7767 0 0
-1
21 3
9007 0 0 1 1 9007 0 0
6419 0 0 1 1 6419 0 0
3838 0 0 1 1 3838 0 0
-1
19 1
0 1662 1 1 1 0 1662 1
-1
17 2
358 0 0 1 1 358 0 0
4560 0 0 1 1 4560 0 0
-1
20 4
5761 0 0 1 1 5761 0 0
4746 0 0 1 1 4746 0 0
0 1814 0 1 1 0 1814 0
4076 0 0 1 1 4076 0 0
-1
7 1
2885 2 0 1 1 2885 2 0
-1
15 3
5606 582 0 1 1 5606 582 0
6307 1 0 1 1 6307 1 0
80 1 0 1 1 80 1 0
-1
38 3
7913 0 0 1 1 7913 0 0
7223 0 0 1 1 7223 0 0
5156 1687 0 1 1 5156 1687 0
-1
24 5
0 31 8152 1 1 0 31 8152
0 240 11017 1 1 0 240 11017
0 35 2421 1 1 0 35 2421
0 2 32 1 1 0 2 32
0 3 16 1 1 0 3 16
-1
6 4
0 0 5 1 1 0 0 5
0 0 7 1 1 0 0 7
0 0 8 1 1 0 0 8
0 0 5 1 1 0 0 5
-1
40 0
-1
12 0
-1
18 0
-1
30 0
-1
31 0
-1
4 0
-1
36 0
-1
1 0
-1
5 0
-1
13 0
-1
39 0
-1
8 0
-1
33 0
-1
22 0
-1
3 0
-1
2 0
-1
9 0
-1
26 0
-1
16 0
-1
27 0
-1
35 0
-1
11 0
-1
