4 0
-1
5 2
1 1964 1 3 720 0 1876 0 36 1 36 1 831 0 52 0
0 627 0 1 303 0 627 0
-1
34 0
-1
28 4
0 659 1 1 388 0 659 1
0 1520 283 2 170 0 311 282 777 0 1209 1
0 297 1 1 124 0 297 1
0 242 1 1 1050 0 242 1
-1
33 2
1 2090 0 3 488 1 1590 0 397 0 73 0 575 0 427 0
1 2363 0 3 230 1 859 0 801 0 1285 0 847 0 219 0
-1
21 1
0 1762 5 3 474 0 765 4 265 0 485 1 13 0 512 0
-1
13 3
0 1424 31 3 920 0 932 30 1000 0 488 1 241 0 4 0
1 1385 0 3 208 1 745 0 607 0 605 0 804 0 35 0
1 1418 0 3 295 1 1235 0 1057 0 122 0 330 0 61 0
-1
9 2
0 971 0 1 26 0 971 0
0 22 0 1 120 0 22 0
-1
29 2
1 1031 33 2 696 1 135 0 393 0 896 33
1 1825 20 3 298 0 800 18 839 0 988 1 637 1 37 1
-1
3 0
-1
20 0
-1
11 0
-1
12 1
0 857 91 1 172 0 857 91
-1
32 2
0 1431 39 2 191 0 903 38 243 0 528 1
0 1671 1 3 413 0 586 1 133 0 8 0 567 0 1077 0
-1
19 1
0 844 162 2 1048 0 452 161 352 0 392 1
-1
38 4
0 1829 7 2 382 0 1440 6 1114 0 389 1
0 2097 207 3 884 0 12 1 1116 0 1903 205 731 0 182 1
0 2222 1 1 696 0 2222 1
0 775 1 1 1080 0 775 1
-1
31 0
-1
30 1
1 1495 0 3 214 1 621 0 1038 0 754 0 986 0 120 0
-1
10 0
-1
26 2
0 815 0 1 362 0 815 0
0 428 0 1 1026 0 428 0
-1
25 4
0 733 0 3 465 0 627 0 638 0 102 0 548 0 4 0
0 897 0 3 806 0 855 0 616 0 36 0 445 0 6 0
1 671 1 2 579 0 660 0 821 1 11 1
1 851 1 3 1093 0 699 0 864 0 20 0 932 1 132 1
-1
2 5
0 792 124 1 789 0 792 124
0 553 134 2 89 0 159 85 914 0 394 49
0 1193 0 1 1040 0 1193 0
0 1845 109 2 670 0 675 88 1090 0 1170 21
0 257 0 1 262 0 257 0
-1
36 0
-1
37 2
0 972 0 1 808 0 972 0
1 99 0 1 639 1 99 0
-1
35 0
-1
16 1
0 1096 1 2 345 0 950 1 376 0 146 0
-1
6 5
0 253 0 1 866 0 253 0
0 873 0 3 88 0 580 0 48 0 78 0 850 0 215 0
0 689 0 3 442 0 618 0 25 0 65 0 61 0 6 0
1 878 1 3 414 0 845 0 1097 1 21 1 1000 0 12 0
0 253 0 1 1172 0 253 0
-1
15 2
1 673 0 2 417 1 254 0 30 0 419 0
1 873 0 3 71 1 776 0 522 0 82 0 1113 0 15 0
-1
39 1
1 860 0 1 901 1 860 0
-1
27 0
-1
8 0
-1
40 1
0 1007 36 2 340 0 493 35 229 0 514 1
-1
1 1
1 1178 44 2 460 0 364 44 1193 1 814 0
-1
22 1
0 850 0 1 1002 0 850 0
-1
7 3
1 1442 0 2 87 1 179 0 530 0 1263 0
2 862 0 2 438 1 414 0 960 1 448 0
0 931 0 1 617 0 931 0
-1
24 1
0 967 0 2 275 0 962 0 137 0 5 0
-1
18 2
0 673 1 3 1185 0 561 1 504 0 2 0 879 0 110 0
0 508 1 1 816 0 508 1
-1
17 0
-1
23 0
-1
14 3
0 1604 0 2 496 0 1276 0 1 0 328 0
0 180 0 1 214 0 180 0
0 1549 116 2 106 0 1035 115 645 0 514 1
-1
