1 39
1818 0 1 1 160 1818 0 1
1818 0 1 1 160 1818 0 1
79 585 469 2 160 0 585 467 182 79 0 2
1818 0 1 1 182 1818 0 1
925 328 8 1 182 925 328 8
1185 192 349 2 182 0 0 339 26 1185 192 10
1772 0 144 2 26 0 0 143 108 1772 0 1
1108 235 225 2 108 0 235 222 126 1108 0 3
1757 8 123 2 126 0 8 121 81 1757 0 2
690 415 4 1 81 690 415 4
1718 0 313 2 81 0 0 312 149 1718 0 1
1052 281 10 1 149 1052 281 10
1713 0 328 2 149 0 0 328 150 1713 0 0
1500 117 2 1 150 1500 117 2
1700 0 369 2 150 0 0 368 76 1700 0 1
1066 276 9 1 76 1066 276 9
1713 0 328 2 76 0 0 328 134 1713 0 0
1818 0 1 1 134 1818 0 1
487 438 442 2 134 0 438 440 65 487 0 2
1177 235 10 1 65 1177 235 10
617 418 206 2 65 0 0 199 109 617 418 7
1783 0 110 2 109 0 0 108 66 1783 0 2
1234 214 10 1 66 1234 214 10
559 422 353 2 66 0 0 347 152 559 422 6
1785 0 104 2 152 0 0 103 200 1785 0 1
1818 0 1 1 200 1818 0 1
0 627 360 1 200 0 627 360
1411 137 110 2 200 0 0 108 119 1411 137 2
1152 225 172 2 119 0 0 170 171 1152 225 2
1770 0 151 2 171 0 0 151 17 1770 0 0
1818 0 1 1 17 1818 0 1
1410 102 409 2 17 0 102 409 103 1410 0 0
794 354 196 2 103 0 354 196 63 794 0 0
1818 0 1 1 63 1818 0 1
1289 194 8 1 63 1289 194 8
1531 53 447 2 63 0 0 446 163 1531 53 1
1762 0 176 2 163 0 0 175 124 1762 0 1
1818 0 1 1 124 1818 0 1
1487 74 406 2 124 0 74 404 136 1487 0 2
-1
2 47
1971 0 1 1 144 1971 0 1
1034 315 255 2 144 0 315 253 74 1034 0 2
1833 37 118 2 74 0 37 117 30 1833 0 1
167 664 3 1 30 167 664 3
1877 0 294 2 30 0 0 292 138 1877 0 2
752 449 0 1 138 752 449 0
1862 0 341 2 138 0 0 340 127 1862 0 1
121 681 3 1 127 121 681 3
1877 0 294 2 127 0 0 292 174 1877 0 2
1450 192 0 1 174 1450 192 0
1846 0 391 2 174 0 0 389 139 1846 0 2
1971 0 1 1 139 1971 0 1
1467 134 438 2 139 0 134 436 135 1467 0 2
1971 0 1 1 135 1971 0 1
215 594 446 2 135 0 594 445 159 215 0 1
748 450 4 1 159 748 450 4
1922 0 154 2 159 0 0 152 147 1922 0 2
1792 66 1 1 147 1792 66 1
1837 0 419 2 147 0 0 417 129 1837 0 2
1971 0 1 1 129 1971 0 1
923 332 457 2 129 0 332 457 153 923 0 0
1230 273 0 1 115 1230 273 0
1753 60 173 2 115 0 0 167 153 1753 60 6
1230 273 0 1 19 1230 273 0
0 0 465 2 19 0 0 167 153 0 0 298
732 456 3 1 141 732 456 3
444 546 139 2 141 0 0 129 49 444 546 10
1939 0 101 2 49 0 0 100 27 1939 0 1
1666 112 4 1 27 1666 112 4
1840 0 410 2 27 0 0 408 93 1840 0 2
85 694 5 1 93 85 694 5
1056 303 288 2 93 0 0 284 87 1056 303 4
489 528 151 2 87 0 0 147 125 489 528 4
981 351 116 2 125 0 0 109 186 981 351 7
1413 189 141 2 186 0 0 141 193 1413 189 0
1914 0 179 2 193 0 0 178 177 1914 0 1
483 516 271 2 177 0 516 269 117 483 0 2
1971 0 1 1 117 1971 0 1
1022 349 5 1 117 1022 349 5
1837 0 419 2 117 0 0 417 28 1837 0 2
1971 0 1 1 28 1971 0 1
1567 98 431 2 28 0 98 431 69 1567 0 0
972 368 0 1 69 972 368 0
379 548 324 2 69 0 0 323 189 379 548 1
1151 289 111 2 189 0 0 102 55 1151 289 9
1923 0 151 2 55 0 0 151 118 1923 0 0
1971 0 1 1 71 1971 0 1
-1
3 35
2086 0 1 1 7 2086 0 1
2086 0 1 1 7 2086 0 1
1803 49 468 2 7 0 49 467 83 1803 0 1
2086 0 1 1 83 2086 0 1
762 431 479 2 83 0 431 478 35 762 0 1
527 574 1 1 35 527 574 1
561 537 208 2 35 0 0 205 57 561 537 3
2048 0 119 2 57 0 0 119 42 2048 0 0
0 337 634 2 42 0 337 265 71 0 0 369
1235 313 4 1 142 1235 313 4
2032 0 169 2 142 0 0 168 187 2032 0 1
1722 134 1 1 187 1722 134 1
988 353 435 2 187 0 0 430 151 988 353 5
508 581 1 1 34 508 581 1
0 0 264 2 34 0 0 120 151 0 0 144
907 434 2 1 94 907 434 2
2039 0 147 2 94 0 0 147 80 2039 0 0
272 668 0 1 80 272 668 0
1980 0 331 2 80 0 0 331 32 1980 0 0
609 543 8 1 32 609 543 8
1977 0 340 2 32 0 0 340 178 1977 0 0
1168 338 1 1 178 1168 338 1
1962 0 387 2 178 0 0 386 54 1962 0 1
794 475 7 1 54 794 475 7
1973 0 353 2 54 0 0 351 121 1973 0 2
663 523 9 1 121 663 523 9
1977 0 340 2 121 0 0 340 59 1977 0 0
1140 318 257 2 59 0 318 255 188 1140 0 2
2086 0 1 1 188 2086 0 1
744 494 2 1 188 744 494 2
1928 0 493 2 188 0 0 491 107 1928 0 2
2072 5 2 1 107 2072 5 2
1944 0 443 2 107 0 0 441 161 1944 0 2
209 657 289 2 161 0 657 287 86 209 0 2
2086 0 1 1 86 2086 0 1
-1
4 15
1934 0 1 1 140 1934 0 1
1934 0 1 1 140 1934 0 1
1667 47 435 2 140 0 47 433 118 1667 0 2
1655 55 405 2 118 0 55 403 197 1655 0 2
1934 0 1 1 197 1934 0 1
1009 290 429 2 197 0 290 428 173 1009 0 1
1109 287 143 2 173 0 287 143 79 1109 0 0
1934 0 1 1 79 1934 0 1
750 436 1 1 79 750 436 1
1778 0 487 2 79 0 0 485 158 1778 0 2
1712 58 202 2 158 0 58 202 101 1712 0 0
0 608 622 2 101 0 466 242 136 0 142 380
1934 0 1 1 47 1934 0 1
1638 109 1 1 47 1638 109 1
1803 0 409 2 47 0 0 407 43 1803 0 2
-1
5 22
3057 0 349 2 43 0 0 347 192 3057 0 2
366 1032 0 1 192 366 1032 0
3010 0 495 2 192 0 0 493 61 3010 0 2
943 770 419 2 61 0 770 418 90 943 0 1
2203 355 6 1 90 2203 355 6
105 1083 382 2 90 0 0 382 53 105 1083 0
1113 741 135 2 53 0 0 132 21 1113 741 3
0 999 314 2 21 0 0 203 10 0 999 111
2968 74 0 1 6 2968 74 0
1793 466 344 2 6 0 0 338 170 1793 466 6
1063 746 249 2 170 0 0 245 102 1063 746 4
185 1075 200 2 102 0 0 197 133 185 1075 3
3125 0 137 2 133 0 0 137 185 3125 0 0
31 1155 3 1 185 31 1155 3
3016 0 477 2 185 0 0 476 40 3016 0 1
637 881 433 2 40 0 881 432 12 637 0 1
265 1069 2 1 12 265 1069 2
3099 0 218 2 12 0 0 216 199 3099 0 2
1259 654 416 2 199 0 654 415 2 1259 0 1
1716 535 0 1 2 1716 535 0
1575 540 397 2 2 0 0 389 52 1575 540 8
2912 67 234 2 52 0 0 227 46 2912 67 7
-1
6 27
2056 0 2 1 48 2056 0 2
1303 277 4 1 48 1303 277 4
1929 0 398 2 48 0 0 398 196 1929 0 0
2056 0 2 1 196 2056 0 2
872 381 467 2 196 0 200 463 4 872 181 4
2020 0 114 2 4 0 0 113 60 2020 0 1
533 561 0 1 60 533 561 0
1946 0 345 2 60 0 0 345 72 1946 0 0
608 533 3 1 72 608 533 3
1947 0 342 2 72 0 0 340 183 1947 0 2
1352 231 241 2 183 0 231 240 111 1352 0 1
2056 0 2 1 111 2056 0 2
530 562 1 1 111 530 562 1
1897 0 497 2 111 0 0 496 168 1897 0 1
819 425 260 2 168 0 425 257 20 819 0 3
2056 0 2 1 20 2056 0 2
357 581 379 2 20 0 581 379 148 357 0 0
2056 0 2 1 148 2056 0 2
895 427 6 1 148 895 427 6
1926 0 407 2 148 0 0 407 164 1926 0 0
1054 368 10 1 164 1054 368 10
1940 0 363 2 164 0 0 362 122 1940 0 1
1331 266 10 1 122 1331 266 10
1934 0 382 2 122 0 0 382 13 1934 0 0
940 384 230 2 13 0 73 223 97 940 311 7
2014 0 133 2 97 0 0 132 45 2014 0 1
700 499 4 1 45 700 499 4
-1
7 21
1925 0 2 1 110 1925 0 2
1925 0 2 1 110 1925 0 2
1239 200 447 2 110 0 200 446 22 1239 0 1
1776 54 10 1 22 1776 54 10
1820 0 330 2 22 0 0 330 70 1820 0 0
1925 0 2 1 70 1925 0 2
805 359 454 2 70 0 359 454 154 805 0 0
1925 0 2 1 154 1925 0 2
455 505 309 2 154 0 60 308 29 455 445 1
1894 0 99 2 29 0 0 99 73 1894 0 0
1835 33 4 1 73 1835 33 4
1793 0 414 2 73 0 0 414 100 1793 0 0
1895 11 3 1 100 1895 11 3
1794 0 411 2 100 0 0 408 44 1794 0 3
868 389 4 1 44 868 389 4
54 649 340 2 44 0 0 332 195 54 649 8
1834 0 286 2 195 0 0 284 9 1834 0 2
1925 0 2 1 9 1925 0 2
620 426 463 2 9 0 426 461 113 620 0 2
1925 0 2 1 113 1925 0 2
833 402 3 1 113 833 402 3
-1
8 12
1620 688 419 2 15 0 688 417 16 1620 0 2
24 1287 323 2 16 0 1287 321 41 24 0 2
3623 0 1 1 41 3623 0 1
2534 349 441 2 41 0 349 441 116 2534 0 0
1027 912 372 2 116 0 769 367 56 1027 143 5
3583 0 126 2 56 0 0 125 162 3583 0 1
1938 566 461 2 162 0 566 460 25 1938 0 1
1432 806 7 1 25 1432 806 7
1749 636 458 2 25 0 0 456 155 1749 636 2
0 990 373 2 155 0 0 263 31 0 990 110
2846 286 2 1 37 2846 286 2
1616 697 356 2 37 0 0 346 120 1616 697 10
-1
9 19
1728 592 226 2 156 0 232 224 123 1728 360 2
365 1093 233 2 123 0 0 230 105 365 1093 3
3357 0 160 2 105 0 0 159 51 3357 0 1
267 1098 496 2 51 0 1098 494 75 267 0 2
783 966 6 1 75 783 966 6
0 1062 334 2 75 0 0 216 11 0 1062 118
1176 822 0 1 157 1176 822 0
1604 637 232 2 157 0 0 222 85 1604 637 10
3331 0 241 2 85 0 0 239 62 3331 0 2
1658 593 436 2 62 0 593 434 166 1658 0 2
62 1232 1 1 166 62 1232 1
0 981 434 2 166 0 0 325 179 0 981 109
3408 0 2 1 104 3408 0 2
1545 633 449 2 104 0 633 447 131 1545 0 2
1666 641 5 1 131 1666 641 5
0 1161 550 2 131 0 0 421 114 0 1161 129
3408 0 2 1 82 3408 0 2
2908 138 392 2 82 0 138 392 145 2908 0 0
1414 691 367 2 145 0 341 361 146 1414 350 6
-1
10 10
127 1079 5 1 176 127 1079 5
0 0 129 1 176 0 0 129
13 1107 123 2 132 0 1107 123 67 13 0 0
0 1121 45 1 67 0 1121 45
56 1096 82 2 67 0 0 81 165 56 1096 1
0 947 626 2 165 0 0 127 190 0 947 499
1153 701 7 1 98 1153 701 7
2995 0 200 2 98 0 0 199 137 2995 0 1
882 758 369 2 137 0 245 359 194 882 513 10
2874 51 145 2 194 0 0 145 172 2874 51 0
-1
11 9
1832 0 192 2 64 0 0 190 99 1832 0 2
44 680 9 1 99 44 680 9
1806 0 273 2 99 0 0 273 175 1806 0 0
1893 0 2 1 175 1893 0 2
449 477 465 2 175 0 477 462 95 449 0 3
908 362 8 1 95 908 362 8
1809 9 188 2 95 0 0 180 8 1809 9 8
1469 133 198 2 8 0 0 194 39 1469 133 4
1837 0 177 2 39 0 0 174 106 1837 0 3
-1
12 14
1492 0 1 1 68 1492 0 1
1492 0 1 1 68 1492 0 1
1232 95 8 1 68 1232 95 8
1342 0 469 2 68 0 0 469 23 1342 0 0
1492 0 1 1 23 1492 0 1
415 396 6 1 23 415 396 6
1364 0 400 2 23 0 0 398 77 1364 0 2
1492 0 1 1 77 1492 0 1
209 423 419 2 77 0 423 418 130 209 0 1
1492 0 1 1 130 1492 0 1
1492 0 1 1 130 1492 0 1
246 458 8 1 130 246 458 8
1357 0 422 2 130 0 0 422 128 1357 0 0
249 434 201 2 128 0 434 199 3 249 0 2
-1
13 16
1 441 342 1 180 1 441 342
1283 0 79 2 180 0 0 77 143 1283 0 2
1068 88 5 1 143 1068 88 5
1223 0 266 2 143 0 0 264 167 1223 0 2
1308 0 2 1 167 1308 0 2
85 412 325 2 167 0 412 323 181 85 0 2
643 244 9 1 181 643 244 9
1277 0 98 2 181 0 0 97 191 1277 0 1
1308 0 2 1 191 1308 0 2
860 164 10 1 191 860 164 10
1184 0 388 2 191 0 0 388 18 1184 0 0
1308 0 2 1 18 1308 0 2
747 172 294 2 18 0 172 294 5 747 0 0
1308 0 2 1 5 1308 0 2
1308 0 2 1 5 1308 0 2
882 156 9 1 5 882 156 9
-1
14 18
934 299 2 1 58 934 299 2
1703 0 136 2 58 0 0 135 78 1703 0 1
156 556 251 2 78 0 556 250 169 156 0 1
1746 0 2 1 169 1746 0 2
1228 191 0 1 169 1228 191 0
1629 0 367 2 169 0 0 366 84 1629 0 1
1746 0 2 1 84 1746 0 2
38 628 10 1 84 38 628 10
1606 0 439 2 84 0 0 436 198 1606 0 3
1746 0 2 1 14 1746 0 2
1005 273 1 1 14 1005 273 1
1640 0 333 2 14 0 0 333 198 1640 0 0
782 355 2 1 198 782 355 2
1592 0 482 2 198 0 0 482 1 1592 0 0
1746 0 2 1 1 1746 0 2
90 559 431 2 1 0 559 431 50 90 0 0
1746 0 2 1 50 1746 0 2
1234 188 7 1 50 1234 188 7
-1
15 11
639 330 163 2 33 0 330 163 96 639 0 0
1587 0 2 1 96 1587 0 2
1587 0 2 1 96 1587 0 2
528 336 458 2 96 0 336 457 38 528 0 1
421 417 106 2 38 0 417 104 112 421 0 2
1587 0 2 1 112 1587 0 2
357 452 9 1 112 357 452 9
1491 0 301 2 112 0 0 300 92 1491 0 1
1146 162 5 1 92 1146 162 5
1489 0 307 2 92 0 0 305 36 1489 0 2
134 509 221 2 36 0 509 220 3 134 0 1
-1
