4 8
6719 15 0 1 4 6719 15 0
6894 0 0 1 3 6894 0 0
708 0 0 1 10 708 0 0
2320 103 0 1 6 2320 103 0
527 32 1068 2 6 0 5 1068 7 527 27 0
1385 0 1217 2 2 0 0 1217 4 1385 0 0
1175 0 1259 2 3 0 0 1259 10 1175 0 0
1960 0 1102 2 10 0 0 1102 8 1960 0 0
-1
5 7
11994 0 0 2 7 11441 0 0 2 553 0 0
8320 0 0 1 9 8320 0 0
3670 93 0 1 9 3670 93 0
995 0 1465 2 4 0 0 1465 1 995 0 0
8320 0 0 1 1 8320 0 0
5504 56 3 2 5 5503 56 3 3 1 0 0
1040 0 1456 2 5 0 0 1456 3 1040 0 0
-1
3 5
11183 2 0 3 4 5064 2 0 6 637 0 0 2 5482 0 0
1738 49 1498 2 7 0 0 1495 2 1738 49 3
6064 112 3 2 10 6063 112 3 8 1 0 0
5018 133 2 1 8 5018 133 2
0 0 1205 1 8 0 0 1205
-1
2 7
2905 26 1 3 6 795 0 0 7 184 26 1 8 1926 0 0
3069 91 0 2 2 3067 91 0 5 2 0 0
250 13 1344 2 9 0 13 1344 6 250 0 0
3870 75 0 1 1 3870 75 0
0 6 1464 1 1 0 6 1464
7570 0 10 2 1 0 0 10 5 7570 0 0
2864 95 1 2 3 2862 95 1 10 2 0 0
-1
1 5
5922 5 1 3 6 2774 0 0 10 1885 0 0 7 1263 5 1
1825 0 0 1 8 1825 0 0
421 36 1 1 3 421 36 1
273 32 0 1 6 273 32 0
2411 21 1 1 6 2411 21 1
-1
