1 50
9630 4 0 1 826 9630 4 0
4225 5 1071 2 826 0 5 1071 178 4225 0 0
8559 25 4 2 178 8557 25 4 990 2 0 0
2735 0 1419 2 178 0 0 1419 990 2735 0 0
9830 0 0 1 990 9830 0 0
730 182 0 1 990 730 182 0
2190 3 1498 2 990 0 3 1498 756 2190 0 0
5659 83 4 2 756 5656 83 4 1076 3 0 0
5445 0 877 2 756 0 0 877 1076 5445 0 0
7980 37 0 1 1076 7980 37 0
1945 8 1497 2 1076 0 8 1497 901 1945 0 0
8580 25 0 1 901 8580 25 0
3615 7 1173 2 901 0 7 1173 744 3615 0 0
4029 116 0 2 744 4027 116 0 548 2 0 0
5520 0 862 2 744 0 0 862 548 5520 0 0
6704 62 5 2 548 6701 62 5 1102 3 0 0
3030 0 1360 2 548 0 0 1360 1102 3030 0 0
7229 52 0 1 1102 7229 52 0
4100 0 1146 2 1102 0 0 1146 280 4100 0 0
7309 50 4 2 280 7307 50 4 1096 2 0 0
3485 0 1269 2 280 0 0 1269 1096 3485 0 0
9830 0 0 1 567 9830 0 0
2700 142 6 1 567 2700 142 6
2820 0 1402 2 567 0 0 1402 1096 2820 0 0
6330 70 0 1 1096 6330 70 0
2720 1 1412 2 1096 0 1 1412 771 2720 0 0
9830 0 0 1 150 9830 0 0
1515 166 3 1 150 1515 166 3
3450 0 1276 2 150 0 0 1276 771 3450 0 0
6130 74 0 1 771 6130 74 0
2905 1 1375 2 771 0 1 1375 1033 2905 0 0
4550 105 6 1 1033 4550 105 6
5660 0 834 2 1033 0 0 834 553 5660 0 0
9830 0 0 1 745 9830 0 0
3030 136 0 1 745 3030 136 0
2610 0 1444 2 745 0 0 1444 553 2610 0 0
765 181 3 1 553 765 181 3
4725 0 1021 2 553 0 0 1021 1064 4725 0 0
4529 106 0 1 1064 4529 106 0
4630 0 1040 2 1064 0 0 1040 1044 4630 0 0
6464 67 3 2 1044 6463 67 3 140 1 0 0
3645 0 1237 2 1044 0 0 1237 140 3645 0 0
9830 0 0 1 1142 9830 0 0
2380 149 0 1 1142 2380 149 0
2610 7 1374 2 1142 0 7 1374 952 2610 0 0
9810 0 4 1 952 9810 0 4
2950 0 1376 2 952 0 0 1376 643 2950 0 0
5119 94 2 2 140 5116 94 2 643 3 0 0
4920 0 982 2 140 0 0 982 643 4920 0 0
3955 117 5 2 643 3953 117 5 1110 2 0 0
-1
2 39
4064 22 1 1 1110 4064 22 1
1115 0 811 2 1110 0 0 811 106 1115 0 0
5170 0 0 1 61 5170 0 0
4310 17 2 2 61 4308 17 2 106 2 0 0
0 0 1034 1 61 0 0 1034
5075 0 19 2 61 0 0 19 106 5075 0 0
2569 52 0 2 106 2567 52 0 62 2 0 0
275 0 979 2 106 0 0 979 62 275 0 0
5170 0 0 1 92 5170 0 0
5170 0 0 1 92 5170 0 0
2055 62 3 2 92 2054 62 3 62 1 0 0
0 0 1034 1 92 0 0 1034
3435 0 347 2 92 0 0 347 62 3435 0 0
5170 0 0 1 62 5170 0 0
219 99 0 2 62 216 99 0 31 3 0 0
60 0 1022 2 62 0 0 1022 31 60 0 0
5170 0 0 1 708 5170 0 0
5170 0 0 1 708 5170 0 0
2420 55 0 1 708 2420 55 0
0 1 1024 1 708 0 1 1024
3170 0 400 2 708 0 0 400 31 3170 0 0
4620 11 0 1 31 4620 11 0
245 11 875 2 31 0 11 875 502 245 0 0
5170 0 0 1 98 5170 0 0
5020 3 0 1 98 5020 3 0
0 4 994 1 98 0 4 994
4475 0 139 2 98 0 0 139 502 4475 0 0
3720 29 0 1 502 3720 29 0
0 18 854 1 502 0 18 854
4725 0 89 2 502 0 0 89 828 4725 0 0
5170 0 0 1 828 5170 0 0
2220 59 0 1 828 2220 59 0
0 3 1004 1 828 0 3 1004
3425 0 349 2 828 0 0 349 265 3425 0 0
5170 0 0 1 689 5170 0 0
2870 46 0 1 689 2870 46 0
0 14 894 1 689 0 14 894
4790 7 6 2 689 0 0 6 265 4790 7 0
0 13 904 1 265 0 13 904
-1
3 35
5290 0 0 1 714 5290 0 0
5290 0 0 1 714 5290 0 0
2560 54 6 1 714 2560 54 6
0 0 1058 1 714 0 0 1058
3280 0 402 2 714 0 0 402 1026 3280 0 0
565 94 5 1 1026 565 94 5
285 0 1001 2 1026 0 0 1001 1020 285 0 0
5290 0 0 1 1020 5290 0 0
5290 0 0 1 1020 5290 0 0
564 94 5 2 1020 561 94 5 458 3 0 0
0 0 1058 1 1020 0 0 1058
4205 0 217 2 1020 0 0 217 458 4205 0 0
5290 0 0 1 458 5290 0 0
2440 57 0 1 458 2440 57 0
0 11 948 1 458 0 11 948
3360 0 386 2 458 0 0 386 285 3360 0 0
5290 0 0 1 285 5290 0 0
4630 13 2 1 285 4630 13 2
0 0 1058 1 285 0 0 1058
3205 0 417 2 285 0 0 417 88 3205 0 0
5290 0 0 1 1158 5290 0 0
4939 7 0 2 1158 4936 7 0 88 3 0 0
0 0 1058 1 1158 0 0 1058
4895 0 79 2 1158 0 0 79 88 4895 0 0
3535 35 1 1 88 3535 35 1
0 0 1058 1 88 0 0 1058
4100 0 238 2 88 0 0 238 1035 4100 0 0
5290 0 0 1 1035 5290 0 0
3565 34 5 2 1035 3563 34 5 183 2 0 0
0 0 1058 1 1035 0 0 1058
3390 0 380 2 1035 0 0 380 183 3390 0 0
3890 28 0 1 183 3890 28 0
875 7 813 2 183 0 7 813 1050 875 0 0
5290 0 0 1 268 5290 0 0
2485 56 1 2 268 2484 56 1 1050 1 0 0
-1
4 25
9984 68 1 2 1050 9982 68 1 333 2 0 0
6800 0 1318 2 1050 0 0 1318 333 6800 0 0
5565 156 5 2 333 5561 156 5 58 4 0 0
6460 0 1386 2 333 0 0 1386 58 6460 0 0
939 249 0 2 58 937 249 0 195 2 0 0
9140 0 850 2 58 0 0 850 195 9140 0 0
1640 235 0 1 195 1640 235 0
6865 8 1225 2 195 0 8 1225 469 6865 0 0
5939 149 0 2 469 5937 149 0 1156 2 0 0
6195 0 1439 2 469 0 0 1439 1156 6195 0 0
11640 35 0 1 99 11640 35 0
4995 38 1299 2 99 0 16 1299 1156 4995 22 0
7160 0 1246 2 1156 0 0 1246 47 7160 0 0
13390 0 0 1 425 13390 0 0
3575 47 1493 2 425 0 47 1493 47 3575 0 0
9224 83 3 2 267 9223 83 3 47 1 0 0
1459 135 1036 2 267 0 0 1031 47 1459 135 5
6565 0 1365 2 47 0 0 1365 1127 6565 0 0
4585 176 1 2 1127 4581 176 1 218 4 0 0
7105 0 1257 2 1127 0 0 1257 218 7105 0 0
5964 148 5 1 218 5964 148 5
6070 0 1464 2 218 0 0 1464 930 6070 0 0
2540 217 0 1 930 2540 217 0
7930 11 982 2 930 0 11 982 866 7930 0 0
2279 222 2 1 866 2279 222 2
-1
5 25
9440 0 0 1 618 9440 0 0
3730 114 2 1 618 3730 114 2
2070 0 1474 2 618 0 0 1474 804 2070 0 0
1940 150 0 2 804 1938 150 0 1135 2 0 0
2905 0 1307 2 804 0 0 1307 1135 2905 0 0
8040 28 0 1 1135 8040 28 0
2635 14 1221 2 1135 0 14 1221 1167 2635 0 0
8865 11 5 1 1167 8865 11 5
3070 0 1274 2 1167 0 0 1274 668 3070 0 0
7040 48 0 1 668 7040 48 0
3645 3 1129 2 668 0 3 1129 467 3645 0 0
7890 31 0 1 467 7890 31 0
2155 17 1287 2 467 0 17 1287 206 2155 0 0
9440 0 0 1 206 9440 0 0
0 159 298 1 206 0 159 298
4400 0 1008 2 206 0 0 1008 250 4400 0 0
3785 113 1 1 250 3785 113 1
4835 0 921 2 250 0 0 921 983 4835 0 0
7429 40 2 2 983 7428 40 2 575 1 0 0
2615 0 1365 2 983 0 0 1365 575 2615 0 0
7935 30 1 1 738 7935 30 1
5020 0 884 2 738 0 0 884 575 5020 0 0
530 178 2 2 575 529 178 2 498 1 0 0
4815 0 925 2 575 0 0 925 498 4815 0 0
2790 133 0 1 498 2790 133 0
-1
6 24
5285 56 1 1 429 5285 56 1
2300 0 1158 2 429 0 0 1158 373 2300 0 0
8090 0 0 1 373 8090 0 0
2035 121 1 1 373 2035 121 1
1125 0 1393 2 373 0 0 1393 461 1125 0 0
8090 0 0 1 461 8090 0 0
1240 137 0 1 461 1240 137 0
1700 10 1178 2 461 0 10 1178 494 1700 0 0
8090 0 0 1 494 8090 0 0
3490 92 0 1 494 3490 92 0
105 11 1487 2 494 0 11 1487 941 105 0 0
8090 0 0 1 941 8090 0 0
4874 64 3 2 941 4872 64 3 145 2 0 0
810 0 1456 2 941 0 0 1456 145 810 0 0
8090 0 0 1 145 8090 0 0
1939 123 0 2 145 1937 123 0 720 2 0 0
2000 0 1218 2 145 0 0 1218 720 2000 0 0
8090 0 0 1 720 8090 0 0
579 150 2 2 720 576 150 2 654 3 0 0
2090 0 1200 2 720 0 0 1200 654 2090 0 0
7030 21 2 1 654 7030 21 2
3020 0 1014 2 654 0 0 1014 278 3020 0 0
7940 3 0 1 278 7940 3 0
1595 8 1219 2 278 0 8 1219 839 1595 0 0
-1
7 16
5035 14 849 2 839 0 14 849 1071 5035 0 0
9980 0 0 1 300 9980 0 0
1104 177 5 2 300 1102 177 5 1071 2 0 0
3750 0 1246 2 300 0 0 1246 1071 3750 0 0
2679 146 0 2 1071 2677 146 0 955 2 0 0
3530 0 1290 2 1071 0 0 1290 955 3530 0 0
8114 37 3 2 955 8113 37 3 632 1 0 0
3505 0 1295 2 955 0 0 1295 632 3505 0 0
6680 66 0 1 632 6680 66 0
3425 17 1141 2 632 0 17 1141 1186 3425 0 0
8629 27 0 2 1186 8626 27 0 779 3 0 0
3270 0 1342 2 1186 0 0 1342 779 3270 0 0
5414 91 3 2 779 5411 91 3 447 3 0 0
5120 0 972 2 779 0 0 972 447 5120 0 0
3029 139 0 2 447 3027 139 0 1184 2 0 0
5375 0 921 2 447 0 0 921 1184 5375 0 0
-1
8 19
2210 99 0 1 915 2210 99 0
80 5 1366 2 915 0 5 1366 1184 80 0 0
4560 52 0 1 1184 4560 52 0
1465 2 1119 2 1184 0 2 1119 1073 1465 0 0
7160 0 0 1 1073 7160 0 0
4710 49 0 1 1073 4710 49 0
0 8 1352 1 1073 0 8 1352
6480 0 136 2 1073 0 0 136 87 6480 0 0
794 127 3 2 87 791 127 3 786 3 0 0
3065 0 819 2 87 0 0 819 786 3065 0 0
7160 0 0 1 786 7160 0 0
504 133 1 2 786 502 133 1 71 2 0 0
1130 0 1206 2 786 0 0 1206 71 1130 0 0
7160 0 0 1 71 7160 0 0
0 141 22 1 71 0 141 22
2585 0 915 2 71 0 0 915 83 2585 0 0
7160 0 0 1 83 7160 0 0
1310 117 0 1 83 1310 117 0
650 6 1242 2 83 0 6 1242 430 650 0 0
-1
9 20
4729 43 4 1 430 4729 43 4
0 0 1380 1 430 0 0 1380
6830 0 14 2 430 0 0 14 65 6830 0 0
4650 45 0 1 65 4650 45 0
295 4 1281 2 65 0 4 1281 1012 295 0 0
6900 0 0 1 1012 6900 0 0
4080 56 4 1 1012 4080 56 4
625 0 1255 2 1012 0 0 1255 726 625 0 0
6900 0 0 1 726 6900 0 0
3150 75 0 1 726 3150 75 0
220 14 1196 2 726 0 14 1196 1122 220 0 0
6900 0 0 1 1122 6900 0 0
5800 22 0 1 1122 5800 22 0
0 18 1200 1 1122 0 18 1200
5700 0 240 2 1122 0 0 240 204 5700 0 0
6900 0 0 1 448 6900 0 0
2200 94 0 1 448 2200 94 0
1135 13 1023 2 448 0 13 1023 459 1135 0 0
5900 20 0 2 204 5899 20 0 459 1 0 0
445 0 1291 2 204 0 0 1291 459 445 0 0
-1
10 17
430 220 0 1 459 430 220 0
6155 4 1015 2 459 0 4 1015 127 6155 0 0
1180 205 0 1 127 1180 205 0
7140 2 838 2 127 0 2 838 1169 7140 0 0
4879 131 0 1 1169 4879 131 0
4680 0 1350 2 1169 0 0 1350 811 4680 0 0
2820 172 2 2 811 2816 172 2 624 4 0 0
7180 0 850 2 811 0 0 850 624 7180 0 0
3830 152 0 1 624 3830 152 0
4620 12 1242 2 624 0 12 1242 834 4620 0 0
3504 158 5 2 834 3502 158 5 209 2 0 0
6855 0 915 2 834 0 0 915 209 6855 0 0
3809 152 4 1 209 3809 152 4
5440 0 1198 2 209 0 0 1198 8 5440 0 0
11430 0 0 1 583 11430 0 0
180 225 0 1 583 180 225 0
3681 23 1319 2 583 0 18 1317 8 3681 5 2
-1
11 15
6170 96 6 1 14 6170 96 6
4010 0 1398 2 14 0 0 1398 818 4010 0 0
3334 153 3 1 818 3334 153 3
6850 0 830 2 818 0 0 830 274 6850 0 0
3375 152 5 1 274 3375 152 5
5260 0 1148 2 274 0 0 1148 953 5260 0 0
1939 181 2 1 953 1939 181 2
6910 0 818 2 953 0 0 818 525 6910 0 0
2050 179 0 2 525 2046 179 0 534 4 0 0
5925 0 1015 2 525 0 0 1015 534 5925 0 0
6189 96 2 2 534 6188 96 2 456 1 0 0
4225 0 1355 2 534 0 0 1355 456 4225 0 0
5680 106 4 2 456 5676 106 4 1083 4 0 0
5460 0 1108 2 456 0 0 1108 1083 5460 0 0
9250 35 0 1 706 9250 35 0
-1
12 16
4390 125 0 1 1153 4390 125 0
4920 1 1134 2 1153 0 1 1134 1083 4920 0 0
410 204 6 1 1083 410 204 6
4560 0 1216 2 1083 0 0 1216 582 4560 0 0
2840 156 0 1 582 2840 156 0
6240 4 840 2 582 0 4 840 1131 6240 0 0
1940 174 0 1 1131 1940 174 0
5645 7 929 2 1131 0 7 929 36 5645 0 0
7240 68 0 1 36 7240 68 0
3090 7 1440 2 36 0 7 1440 25 3090 0 0
9775 17 3 1 805 9775 17 3
5215 0 1085 2 805 0 0 1085 572 5215 0 0
8820 36 4 1 889 8820 36 4
5740 0 980 2 889 0 0 980 25 5740 0 0
5590 101 0 1 572 5590 101 0
3325 25 1213 2 572 0 11 1213 25 3325 14 0
-1
13 16
4254 68 3 2 626 4251 68 3 1019 3 0 0
3355 0 863 2 626 0 0 863 1019 3355 0 0
7670 0 0 1 1019 7670 0 0
1870 116 0 1 1019 1870 116 0
0 9 1444 1 1019 0 9 1444
7655 0 3 2 1019 0 0 3 1093 7655 0 0
1220 129 0 1 1093 1220 129 0
1960 14 1002 2 1093 0 14 1002 1053 1960 0 0
7670 0 0 1 1053 7670 0 0
910 135 2 2 1053 909 135 2 840 1 0 0
1750 0 1184 2 1053 0 0 1184 840 1750 0 0
7415 5 1 1 840 7415 5 1
2580 0 1018 2 840 0 0 1018 287 2580 0 0
4999 53 4 1 287 4999 53 4
3450 0 844 2 287 0 0 844 463 3450 0 0
7670 0 0 1 924 7670 0 0
-1
14 15
4190 0 872 2 924 0 0 872 577 4190 0 0
8550 0 0 1 984 8550 0 0
1900 133 0 1 984 1900 133 0
2165 10 1177 2 984 0 10 1177 463 2165 0 0
4200 87 0 1 463 4200 87 0
2695 7 1101 2 463 0 7 1101 577 2695 0 0
6089 49 2 2 577 6087 49 2 351 2 0 0
1325 0 1445 2 577 0 0 1445 351 1325 0 0
8550 0 0 1 351 8550 0 0
1925 132 5 1 351 1925 132 5
1945 0 1321 2 351 0 0 1321 68 1945 0 0
8550 0 0 1 68 8550 0 0
1735 136 3 1 68 1735 136 3
1695 0 1371 2 68 0 0 1371 355 1695 0 0
5694 57 1 2 355 5691 57 1 433 3 0 0
-1
15 14
6495 134 5 1 433 6495 134 5
7105 0 1223 2 433 0 0 1223 870 7105 0 0
6220 140 0 1 870 6220 140 0
5335 8 1497 2 870 0 8 1497 321 5335 0 0
3059 203 2 2 321 3057 203 2 892 2 0 0
8455 0 953 2 321 0 0 953 892 8455 0 0
3969 185 0 2 892 3967 185 0 854 2 0 0
6215 0 1401 2 892 0 0 1401 854 6215 0 0
11460 35 2 2 1077 11458 35 2 1058 2 0 0
6845 0 1275 2 1077 0 0 1275 1058 6845 0 0
4894 166 5 1 854 4894 166 5
4727 45 1248 2 854 0 0 1248 1058 4727 45 0
6765 0 1291 2 1058 0 0 1291 122 6765 0 0
1949 225 4 2 122 1947 225 4 190 2 0 0
-1
16 14
1330 249 0 1 190 1330 249 0
7900 8 1096 2 190 0 8 1096 636 7900 0 0
9254 90 5 2 359 9252 90 5 921 2 0 0
8615 0 1033 2 359 0 0 1033 921 8615 0 0
2630 223 0 1 921 2630 223 0
3796 72 1276 2 921 0 14 1276 636 3796 58 0
7250 0 1306 2 636 0 0 1306 1147 7250 0 0
8760 100 4 2 416 8756 100 4 1147 4 0 0
1114 155 983 2 416 0 0 980 1147 1114 155 3
9060 0 944 2 1147 0 0 944 251 9060 0 0
10880 58 0 1 103 10880 58 0
4050 73 1216 2 103 0 6 1216 251 4050 67 0
6055 8 1465 2 251 0 8 1465 1006 6055 0 0
1404 247 5 2 1006 1402 247 5 600 2 0 0
-1
17 14
9424 82 3 2 81 9422 82 3 600 2 0 0
0 15 1961 2 81 0 0 1053 600 0 15 908
9084 89 1 2 659 9082 89 1 727 2 0 0
8450 0 1018 2 659 0 0 1018 727 8450 0 0
0 215 558 1 727 0 215 558
9965 31 405 2 727 0 0 405 59 9965 31 0
7835 3 1111 2 59 0 3 1111 825 7835 0 0
2724 216 3 2 825 2722 216 3 696 2 0 0
7570 0 1194 2 825 0 0 1194 696 7570 0 0
4840 174 0 2 696 4836 174 0 850 4 0 0
6550 0 1398 2 696 0 0 1398 850 6550 0 0
5790 155 0 1 850 5790 155 0
6040 11 1390 2 850 0 11 1390 172 6040 0 0
2820 214 4 2 172 2818 214 4 242 2 0 0
-1
18 13
2170 100 4 2 242 2169 100 4 982 1 0 0
1215 0 1195 2 242 0 0 1195 982 1215 0 0
7190 0 0 1 682 7190 0 0
4180 60 2 1 682 4180 60 2
850 0 1268 2 682 0 0 1268 982 850 0 0
7190 0 0 1 982 7190 0 0
789 128 0 2 982 786 128 0 413 3 0 0
1540 0 1130 2 982 0 0 1130 413 1540 0 0
7190 0 0 1 662 7190 0 0
5689 30 0 2 662 5686 30 0 566 3 0 0
20 0 1434 2 662 0 0 1434 566 20 0 0
7190 0 0 1 566 7190 0 0
1375 116 3 2 566 1374 116 3 413 1 0 0
-1
19 16
3715 93 1 1 413 3715 93 1
4085 0 857 2 413 0 0 857 192 4085 0 0
8370 0 0 1 192 8370 0 0
669 154 0 2 192 666 154 0 1041 3 0 0
995 0 1475 2 192 0 0 1475 1041 995 0 0
8370 0 0 1 1041 8370 0 0
595 155 5 2 1041 593 155 5 510 2 0 0
2775 0 1119 2 1041 0 0 1119 510 2775 0 0
8070 6 0 1 510 8070 6 0
1835 10 1207 2 510 0 10 1207 1047 1835 0 0
7499 17 4 2 301 7498 17 4 1047 1 0 0
4215 0 831 2 301 0 0 831 1047 4215 0 0
3570 96 0 1 1047 3570 96 0
2365 12 1081 2 1047 0 12 1081 701 2365 0 0
8370 0 0 1 701 8370 0 0
70 166 0 1 701 70 166 0
-1
20 13
6884 35 5 1 138 6884 35 5
3830 0 966 2 138 0 0 966 76 3830 0 0
8499 3 2 2 76 8497 3 2 731 2 0 0
1820 0 1368 2 76 0 0 1368 731 1820 0 0
8660 0 0 1 731 8660 0 0
2694 119 3 2 731 2692 119 3 20 2 0 0
1290 0 1474 2 731 0 0 1474 20 1290 0 0
8660 0 0 1 20 8660 0 0
2939 114 4 1 20 2939 114 4
1455 0 1441 2 20 0 0 1441 189 1455 0 0
7989 13 4 2 532 7988 13 4 189 1 0 0
4235 0 885 2 532 0 0 885 189 4235 0 0
7399 25 2 2 189 7397 25 2 1132 2 0 0
-1
21 14
10940 69 4 2 340 10938 69 4 1132 2 0 0
6036 45 1224 2 340 0 0 1219 1132 6036 45 5
7808 49 830 2 1132 0 0 825 1194 7808 49 5
10736 73 4 1 1112 10736 73 4
0 0 2065 2 1112 0 0 1197 1194 0 0 868
13354 21 1 2 923 13353 21 1 493 1 0 0
6985 0 1485 2 923 0 0 1485 493 6985 0 0
6260 163 0 1 493 6260 163 0
6910 1 1490 2 493 0 1 1490 1051 6910 0 0
1389 260 4 1 1051 1389 260 4
8500 23 952 2 1051 0 0 947 625 8500 23 5
11654 55 1 1 233 11654 55 1
7910 0 1300 2 233 0 0 1300 1114 7910 0 0
2384 146 945 2 625 0 0 942 1114 2384 146 3
-1
22 14
1869 119 4 2 231 1867 119 4 819 2 0 0
1965 0 1175 2 231 0 0 1175 819 1965 0 0
7840 0 0 1 819 7840 0 0
3590 85 0 1 819 3590 85 0
0 18 1388 1 819 0 18 1388
7280 0 112 2 819 0 0 112 1032 7280 0 0
1640 124 0 1 1032 1640 124 0
2765 1 1005 2 1032 0 1 1005 184 2765 0 0
4770 61 4 1 184 4770 61 4
3640 0 840 2 184 0 0 840 478 3640 0 0
7840 0 0 1 478 7840 0 0
1765 121 5 2 478 1764 121 5 911 1 0 0
440 0 1480 2 478 0 0 1480 911 440 0 0
7840 0 0 1 911 7840 0 0
-1
23 12
2975 17 1069 2 911 0 17 1069 1094 2975 0 0
7294 37 5 2 1094 7293 37 5 766 1 0 0
3470 0 1140 2 1094 0 0 1140 766 3470 0 0
9170 0 0 1 766 9170 0 0
305 177 3 2 766 304 177 3 2 1 0 0
1895 0 1455 2 766 0 0 1455 2 1895 0 0
5364 76 1 2 2 5363 76 1 543 1 0 0
5100 0 814 2 2 0 0 814 543 5100 0 0
7570 32 0 1 543 7570 32 0
1860 5 1412 2 543 0 5 1412 648 1860 0 0
9170 0 0 1 1000 9170 0 0
1770 148 0 1 1000 1770 148 0
-1
24 12
7414 101 1 1 133 7414 101 1
8300 0 834 2 133 0 0 834 648 8300 0 0
264 244 1 2 648 262 244 1 284 2 0 0
5130 0 1468 2 648 0 0 1468 284 5130 0 0
8120 87 0 1 665 8120 87 0
2033 117 917 2 665 0 1 912 284 2033 116 5
8450 0 804 2 284 0 0 804 764 8450 0 0
2010 209 2 2 764 2006 209 2 963 4 0 0
6555 0 1183 2 764 0 0 1183 963 6555 0 0
5194 145 5 1 963 5194 145 5
5885 0 1317 2 963 0 0 1317 813 5885 0 0
2570 198 0 1 813 2570 198 0
-1
25 13
1189 169 2 2 1150 1187 169 2 713 2 0 0
4790 0 972 2 1150 0 0 972 713 4790 0 0
4520 102 6 1 713 4520 102 6
4450 0 1040 2 713 0 0 1040 266 4450 0 0
3900 115 0 1 266 3900 115 0
4290 13 942 2 266 0 13 942 928 4290 0 0
9650 0 0 1 264 9650 0 0
2475 143 5 2 264 2474 143 5 928 1 0 0
2860 0 1358 2 264 0 0 1358 928 2860 0 0
130 190 4 2 928 129 190 4 291 1 0 0
5520 0 826 2 928 0 0 826 291 5520 0 0
2050 152 0 1 291 2050 152 0
4500 17 860 2 291 0 17 860 148 4500 0 0
-1
26 13
2160 9 1056 2 148 0 9 1056 999 2160 0 0
7890 0 0 1 23 7890 0 0
375 150 3 1 23 375 150 3
3230 0 932 2 23 0 0 932 999 3230 0 0
6340 31 0 1 999 6340 31 0
800 11 1308 2 999 0 11 1308 1002 800 0 0
7190 14 0 1 1002 7190 14 0
3140 6 890 2 1002 0 6 890 705 3140 0 0
7890 0 0 1 230 7890 0 0
5335 51 1 2 230 5334 51 1 705 1 0 0
520 0 1474 2 230 0 0 1474 705 520 0 0
5039 57 0 1 705 5039 57 0
3025 0 973 2 705 0 0 973 304 3025 0 0
-1
27 13
115 0 1035 2 304 0 0 1035 15 115 0 0
5290 0 0 1 15 5290 0 0
4090 24 0 1 15 4090 24 0
0 18 878 1 15 0 18 878
4380 0 182 2 15 0 0 182 940 4380 0 0
5290 0 0 1 940 5290 0 0
589 94 0 2 940 586 94 0 115 3 0 0
0 0 1058 1 940 0 0 1058
4830 0 92 2 940 0 0 92 115 4830 0 0
5290 0 0 1 115 5290 0 0
1390 78 0 1 115 1390 78 0
0 1 1048 1 115 0 1 1048
4090 0 240 2 115 0 0 240 424 4090 0 0
-1
28 13
7410 110 0 1 568 7410 110 0
5035 15 1425 2 568 0 15 1425 514 5035 0 0
8305 92 1 1 260 8305 92 1
8250 0 932 2 260 0 0 932 1016 8250 0 0
160 255 0 1 1016 160 255 0
6519 31 968 2 1016 0 11 964 424 6519 20 4
12910 0 0 1 531 12910 0 0
0 194 642 1 531 0 194 642
5290 71 814 2 531 0 0 814 514 5290 71 0
0 8 2333 2 514 0 8 1156 424 0 0 1177
11694 24 3 1 262 11694 24 3
6415 0 1299 2 262 0 0 1299 1101 6415 0 0
2485 208 5 1 1101 2485 208 5
-1
29 13
7150 0 0 1 224 7150 0 0
5650 30 0 1 224 5650 30 0
0 13 1300 1 224 0 13 1300
5185 26 133 2 224 0 0 127 422 5185 26 6
0 0 1430 1 422 0 0 1430
7060 0 18 2 422 0 0 18 545 7060 0 0
3224 78 5 2 545 3221 78 5 297 3 0 0
1420 0 1146 2 545 0 0 1146 297 1420 0 0
7150 0 0 1 297 7150 0 0
3835 66 3 1 297 3835 66 3
235 0 1383 2 297 0 0 1383 294 235 0 0
7150 0 0 1 294 7150 0 0
3240 78 2 2 294 3238 78 2 886 2 0 0
-1
30 13
10600 70 0 1 886 10600 70 0
7395 2 1321 2 886 0 2 1321 1165 7395 0 0
2000 242 0 1 1165 2000 242 0
8190 11 1072 2 1165 0 11 1072 7 8190 0 0
4194 198 1 1 7 4194 198 1
7115 0 1397 2 7 0 0 1397 105 7115 0 0
4950 183 0 1 105 4950 183 0
6790 10 1362 2 105 0 10 1362 737 6790 0 0
4530 191 4 1 737 4530 191 4
7725 0 1275 2 737 0 0 1275 1023 7725 0 0
8189 118 2 1 968 8189 118 2
3991 110 921 2 968 0 0 921 1023 3991 110 0
7530 0 1314 2 1023 0 0 1314 704 7530 0 0
-1
31 13
4000 0 1438 2 704 0 0 1438 1143 4000 0 0
11190 0 0 1 163 11190 0 0
1790 188 0 1 163 1790 188 0
3470 8 1464 2 163 0 8 1464 440 3470 0 0
9440 35 0 1 440 9440 35 0
3695 6 1439 2 440 0 6 1439 1143 3695 0 0
4770 128 4 2 1143 4768 128 4 365 2 0 0
4215 0 1395 2 1143 0 0 1395 365 4215 0 0
6340 97 0 1 365 6340 97 0
4715 11 1185 2 365 0 11 1185 383 4715 0 0
4789 128 0 2 383 4787 128 0 981 2 0 0
5840 0 1070 2 383 0 0 1070 981 5840 0 0
4115 141 5 1 981 4115 141 5
-1
32 13
9490 1 0 1 128 9490 1 0
3610 13 1056 2 128 0 13 1056 590 3610 0 0
1590 159 0 1 590 1590 159 0
2640 16 1220 2 590 0 16 1220 113 2640 0 0
9540 0 0 1 113 9540 0 0
585 179 1 2 113 583 179 1 10 2 0 0
2355 0 1437 2 113 0 0 1437 10 2355 0 0
8840 14 0 1 10 8840 14 0
2705 12 1247 2 10 0 12 1247 569 2705 0 0
9219 6 4 1 949 9219 6 4
4435 0 1021 2 949 0 0 1021 569 4435 0 0
4840 94 0 1 569 4840 94 0
2175 13 1343 2 569 0 13 1343 246 2175 0 0
-1
33 13
1615 0 1285 2 246 0 0 1285 155 1615 0 0
8040 0 0 1 155 8040 0 0
2160 117 6 1 155 2160 117 6
1440 0 1320 2 155 0 0 1320 121 1440 0 0
8040 0 0 1 121 8040 0 0
840 144 0 1 121 840 144 0
2075 3 1163 2 121 0 3 1163 363 2075 0 0
5590 49 0 1 363 5590 49 0
2895 17 859 2 363 0 17 859 1168 2895 0 0
8040 0 0 1 1168 8040 0 0
0 90 708 1 1168 0 90 708
5455 0 517 2 1168 0 0 517 606 5455 0 0
6329 34 2 2 606 6328 34 2 976 1 0 0
-1
34 12
11030 75 0 1 976 11030 75 0
7330 9 1400 2 976 0 9 1400 405 7330 0 0
3655 222 5 2 405 3653 222 5 446 2 0 0
8580 0 1240 2 405 0 0 1240 446 8580 0 0
4030 215 0 2 446 4028 215 0 521 2 0 0
7655 0 1425 2 446 0 0 1425 521 7655 0 0
11805 59 5 2 1062 11803 59 5 521 2 0 0
265 159 1313 2 1062 0 0 1313 521 265 159 0
9885 8 899 2 521 0 8 899 530 9885 0 0
0 258 376 1 530 0 258 376
11025 0 751 2 530 0 0 751 871 11025 0 0
314 289 3 1 871 314 289 3
-1
35 13
6170 0 0 1 330 6170 0 0
6170 0 0 1 330 6170 0 0
11 123 1 1 330 11 123 1
0 0 1234 1 330 0 0 1234
0 0 1059 2 330 0 0 151 1028 0 0 908
6170 0 0 1 784 6170 0 0
2250 78 4 2 784 2248 78 4 444 2 0 0
1470 0 940 2 784 0 0 940 444 1470 0 0
6170 0 0 1 444 6170 0 0
4210 39 2 2 444 4208 39 2 1105 2 0 0
0 0 1234 1 444 0 0 1234
5745 0 85 2 444 0 0 85 1105 5745 0 0
3959 44 2 2 1105 3956 44 2 862 3 0 0
-1
36 9
6570 154 0 2 862 6566 154 0 476 4 0 0
10110 0 832 2 862 0 0 832 476 10110 0 0
0 254 314 1 476 0 254 314
10080 0 838 2 476 0 0 838 16 10080 0 0
2115 243 1 1 16 2115 243 1
7365 0 1381 2 16 0 0 1381 296 7365 0 0
4320 199 0 1 296 4320 199 0
6960 14 1322 2 296 0 14 1322 844 6960 0 0
2344 238 5 2 844 2342 238 5 225 2 0 0
-1
37 12
9595 8 957 2 225 0 8 957 43 9595 0 0
2730 241 0 1 43 2730 241 0
6990 16 1398 2 43 0 16 1398 1021 6990 0 0
5880 178 0 1 1021 5880 178 0
6975 11 1451 2 1021 0 11 1451 910 6975 0 0
9730 101 0 1 414 9730 101 0
210 182 1094 2 414 0 15 1094 910 210 167 0
9090 32 818 2 910 0 10 818 1121 9090 22 0
9465 5 1013 2 1121 0 5 1013 630 9465 0 0
1410 267 4 1 630 1410 267 4
8610 0 1234 2 630 0 0 1234 518 8610 0 0
4180 212 0 1 518 4180 212 0
-1
38 11
3655 92 833 2 856 0 92 833 1129 3655 0 0
8520 78 0 1 1129 8520 78 0
4905 14 1363 2 1129 0 14 1363 1088 4905 0 0
7570 97 0 1 320 7570 97 0
7655 10 853 2 320 0 10 853 1088 7655 0 0
170 245 0 1 1088 170 245 0
4605 12 1443 2 1088 0 12 1443 1163 4605 0 0
4370 161 0 1 1163 4370 161 0
6485 17 1017 2 1163 0 17 1017 437 6485 0 0
3970 169 0 1 437 3970 169 0
5810 14 1182 2 437 0 14 1182 295 5810 0 0
-1
39 10
4080 0 1396 2 295 0 0 1396 1183 4080 0 0
6905 83 1 1 1183 6905 83 1
4915 0 1229 2 1183 0 0 1229 994 4915 0 0
11060 0 0 1 558 11060 0 0
1460 192 0 2 558 1456 192 0 994 4 0 0
4000 0 1412 2 558 0 0 1412 994 4000 0 0
704 207 1 2 994 702 207 1 114 2 0 0
5605 0 1091 2 994 0 0 1091 114 5605 0 0
2060 180 0 1 114 2060 180 0
6650 1 872 2 114 0 1 872 1118 6650 0 0
-1
40 11
1725 11 1381 2 1118 0 11 1381 841 1725 0 0
7980 24 0 1 841 7980 24 0
2865 18 1083 2 841 0 18 1083 94 2865 0 0
7414 35 3 1 94 7414 35 3
3465 0 1143 2 94 0 0 1143 617 3465 0 0
4280 98 0 1 617 4280 98 0
4115 14 873 2 617 0 14 873 146 4115 0 0
3725 109 1 2 146 3723 109 1 392 2 0 0
4770 0 882 2 146 0 0 882 392 4770 0 0
6180 60 0 1 392 6180 60 0
2405 13 1225 2 392 0 13 1225 798 2405 0 0
-1
