1 31
9579 34 0 2 116 9578 34 0 87 1 0 0
5940 0 1068 2 116 0 0 1068 87 5940 0 0
3880 148 0 1 87 3880 148 0
5590 3 1108 2 87 0 3 1108 16 5590 0 0
3410 157 4 2 16 3406 157 4 64 4 0 0
6215 0 1013 2 16 0 0 1013 64 6215 0 0
1680 192 0 1 64 1680 192 0
5875 18 901 2 64 0 18 901 127 5875 0 0
4780 130 0 1 127 4780 130 0
4985 6 1199 2 127 0 6 1199 152 4985 0 0
6730 91 0 1 152 6730 91 0
4620 2 1312 2 152 0 2 1312 85 4620 0 0
6820 89 2 1 85 6820 89 2
4885 0 1279 2 85 0 0 1279 65 4885 0 0
7580 74 0 1 65 7580 74 0
3505 16 1395 2 65 0 16 1395 162 3505 0 0
8519 55 2 2 162 8518 55 2 122 1 0 0
4580 0 1340 2 162 0 0 1340 122 4580 0 0
7020 85 2 2 122 7016 85 2 123 4 0 0
4800 0 1296 2 122 0 0 1296 123 4800 0 0
4410 137 4 1 123 4410 137 4
6105 0 1035 2 123 0 0 1035 160 6105 0 0
2130 183 0 1 160 2130 183 0
6300 6 936 2 160 0 6 936 171 6300 0 0
4680 132 0 1 171 4680 132 0
4500 12 1236 2 171 0 12 1236 107 4500 0 0
8064 64 3 2 107 8063 64 3 49 1 0 0
4280 0 1400 2 107 0 0 1400 49 4280 0 0
4630 133 0 1 49 4630 133 0
5750 10 1006 2 49 0 10 1006 179 5750 0 0
6730 91 0 1 179 6730 91 0
-1
2 21
8594 68 5 1 158 8594 68 5
5155 0 1373 2 158 0 0 1373 157 5155 0 0
4755 145 3 2 157 4753 145 3 153 2 0 0
6450 0 1114 2 157 0 0 1114 153 6450 0 0
4045 159 5 1 153 4045 159 5
6125 0 1179 2 153 0 0 1179 35 6125 0 0
3770 165 0 1 35 3770 165 0
6330 2 1118 2 35 0 2 1118 137 6330 0 0
5220 136 0 1 137 5220 136 0
4820 14 1300 2 137 0 14 1300 48 4820 0 0
3249 175 4 1 48 3249 175 4
7460 0 912 2 48 0 0 912 140 7460 0 0
3090 178 6 1 140 3090 178 6
6090 0 1186 2 140 0 0 1186 99 6090 0 0
7215 96 1 1 99 7215 96 1
4580 0 1488 2 99 0 0 1488 155 4580 0 0
4809 144 2 2 155 4807 144 2 115 2 0 0
6735 0 1057 2 155 0 0 1057 115 6735 0 0
570 229 0 1 115 570 229 0
7075 15 839 2 115 0 15 839 193 7075 0 0
4320 154 0 1 193 4320 154 0
-1
3 18
1810 143 0 1 138 1810 143 0
4200 15 802 2 138 0 15 802 55 4200 0 0
4160 96 0 1 55 4160 96 0
3605 13 941 2 55 0 13 941 72 3605 0 0
7499 29 2 1 72 7499 29 2
2785 0 1235 2 72 0 0 1235 5 2785 0 0
8960 0 0 1 5 8960 0 0
645 166 3 2 5 644 166 3 177 1 0 0
2000 0 1392 2 5 0 0 1392 177 2000 0 0
8960 0 0 1 177 8960 0 0
1885 141 5 1 177 1885 141 5
1770 0 1438 2 177 0 0 1438 195 1770 0 0
5939 60 4 2 195 5937 60 4 39 2 0 0
4665 0 859 2 195 0 0 859 39 4665 0 0
8960 0 0 1 31 8960 0 0
3710 105 0 1 31 3710 105 0
1610 5 1420 2 31 0 5 1420 39 1610 0 0
1705 145 1 1 39 1705 145 1
-1
4 15
4349 149 0 2 69 4347 149 0 182 2 0 0
6830 0 994 2 69 0 0 994 182 6830 0 0
5500 126 0 1 182 5500 126 0
4525 7 1385 2 182 0 7 1385 156 4525 0 0
7689 82 2 2 156 7687 82 2 100 2 0 0
4980 0 1364 2 156 0 0 1364 100 4980 0 0
5480 126 4 2 100 5476 126 4 27 4 0 0
5940 0 1172 2 100 0 0 1172 27 5940 0 0
7434 87 3 2 27 7433 87 3 66 1 0 0
4335 0 1493 2 27 0 0 1493 66 4335 0 0
2700 182 0 1 66 2700 182 0
7335 9 803 2 66 0 9 803 190 7335 0 0
2450 187 0 1 190 2450 187 0
5805 9 1109 2 190 0 9 1109 74 5805 0 0
2390 188 2 2 74 2386 188 2 52 4 0 0
-1
5 14
3250 121 0 1 52 3250 121 0
3450 0 1170 2 52 0 0 1170 105 3450 0 0
8045 25 1 1 105 8045 25 1
2905 0 1279 2 105 0 0 1279 197 2905 0 0
4395 98 1 1 197 4395 98 1
5195 0 821 2 197 0 0 821 180 5195 0 0
4575 94 5 1 180 4575 94 5
3845 0 1091 2 180 0 0 1091 144 3845 0 0
8239 21 2 1 144 8239 21 2
2585 0 1343 2 144 0 0 1343 17 2585 0 0
4850 89 0 1 17 4850 89 0
5120 0 836 2 17 0 0 836 164 5120 0 0
5350 79 0 1 164 5350 79 0
2580 17 1174 2 164 0 17 1174 71 2580 0 0
-1
6 14
4050 0 1206 2 71 0 0 1206 36 4050 0 0
3580 130 0 1 36 3580 130 0
5565 4 863 2 36 0 4 863 169 5565 0 0
1880 164 0 1 169 1880 164 0
5600 5 846 2 169 0 5 846 29 5600 0 0
7609 49 4 2 29 7608 49 4 41 1 0 0
2735 0 1469 2 29 0 0 1469 41 2735 0 0
9180 18 0 1 129 9180 18 0
4515 9 1023 2 129 0 9 1023 41 4515 0 0
3680 128 0 1 41 3680 128 0
3380 11 1230 2 41 0 11 1230 96 3380 0 0
5255 96 5 2 96 5254 96 5 24 1 0 0
5255 0 965 2 96 0 0 965 24 5255 0 0
7030 61 0 1 24 7030 61 0
-1
7 14
9390 0 0 1 9 9390 0 0
740 173 0 1 9 740 173 0
1450 14 1448 2 9 0 14 1448 98 1450 0 0
9390 0 0 1 98 9390 0 0
475 178 3 1 98 475 178 3
3020 0 1274 2 98 0 0 1274 50 3020 0 0
7729 33 2 1 50 7729 33 2
3410 0 1196 2 50 0 0 1196 101 3410 0 0
6890 50 0 1 101 6890 50 0
3640 0 1150 2 101 0 0 1150 184 3640 0 0
9390 0 0 1 184 9390 0 0
40 187 0 1 184 40 187 0
1570 9 1474 2 184 0 9 1474 133 1570 0 0
7419 39 4 2 133 7418 39 4 181 1 0 0
-1
8 13
6080 0 0 1 181 6080 0 0
714 107 3 2 181 712 107 3 142 2 0 0
0 0 1216 1 181 0 0 1216
5900 0 36 2 181 0 0 36 142 5900 0 0
6080 0 0 1 142 6080 0 0
755 106 5 1 142 755 106 5
0 0 1216 1 142 0 0 1216
5050 0 206 2 142 0 0 206 76 5050 0 0
5180 18 0 1 76 5180 18 0
0 12 1096 1 76 0 12 1096
5860 0 44 2 76 0 0 44 104 5860 0 0
6080 0 0 1 104 6080 0 0
204 117 5 2 104 201 117 5 26 3 0 0
-1
9 12
7605 0 141 2 104 0 0 141 26 7605 0 0
3209 102 0 2 26 3207 102 0 79 2 0 0
2245 0 1213 2 26 0 0 1213 79 2245 0 0
8310 0 0 1 79 8310 0 0
0 72 942 1 79 0 72 942
7115 0 239 2 79 0 0 239 6 7115 0 0
4355 79 1 2 6 4353 79 1 124 2 0 0
1900 0 1282 2 6 0 0 1282 124 1900 0 0
8310 0 0 1 47 8310 0 0
1710 132 0 1 47 1710 132 0
1760 18 1130 2 47 0 18 1130 124 1760 0 0
3985 86 5 2 124 3983 86 5 194 2 0 0
-1
10 11
5980 147 0 1 194 5980 147 0
7630 1 1130 2 194 0 1 1130 166 7630 0 0
4380 179 0 1 166 4380 179 0
5800 15 1356 2 166 0 15 1356 8 5800 0 0
4430 178 0 2 8 4426 178 0 11 4 0 0
7550 0 1156 2 8 0 0 1156 11 7550 0 0
10115 64 3 1 56 10115 64 3
4240 69 1128 2 56 0 0 1128 11 4240 69 0
5880 17 1320 2 11 0 17 1320 53 5880 0 0
6730 132 0 1 53 6730 132 0
5695 11 1417 2 53 0 11 1417 32 5695 0 0
-1
11 11
3490 0 1262 2 32 0 0 1262 43 3490 0 0
6689 62 2 1 43 6689 62 2
4120 0 1136 2 43 0 0 1136 12 4120 0 0
7800 40 0 1 12 7800 40 0
3105 1 1329 2 12 0 1 1329 34 3105 0 0
6844 59 1 1 34 6844 59 1
4245 0 1111 2 34 0 0 1111 33 4245 0 0
6600 64 0 1 33 6600 64 0
3335 8 1213 2 33 0 8 1213 113 3335 0 0
7234 51 3 1 113 7234 51 3
3915 0 1177 2 113 0 0 1177 149 3915 0 0
-1
12 13
995 8 817 2 149 0 8 817 25 995 0 0
5480 0 0 1 25 5480 0 0
2680 56 0 1 25 2680 56 0
0 14 956 1 25 0 14 956
5135 0 69 2 25 0 0 69 46 5135 0 0
5204 5 5 2 46 5201 5 5 185 3 0 0
0 0 1096 1 46 0 0 1096
5240 0 48 2 46 0 0 48 185 5240 0 0
5480 0 0 1 185 5480 0 0
510 99 4 2 185 509 99 4 139 1 0 0
0 0 1096 1 185 0 0 1096
4685 0 159 2 185 0 0 159 139 4685 0 0
2959 50 4 1 139 2959 50 4
-1
13 11
11684 6 5 1 196 11684 6 5
4860 0 1430 2 196 0 0 1430 150 4860 0 0
7084 98 5 1 150 7084 98 5
5345 0 1333 2 150 0 0 1333 167 5345 0 0
6434 111 5 2 167 6433 111 5 2 1 0 0
5430 0 1316 2 167 0 0 1316 2 5430 0 0
7210 96 0 1 2 7210 96 0
4125 16 1417 2 2 0 16 1417 81 4125 0 0
8710 66 0 1 81 8710 66 0
4590 5 1434 2 81 0 5 1434 77 4590 0 0
5460 131 0 1 77 5460 131 0
-1
14 10
7609 68 4 2 114 7608 68 4 176 1 0 0
3705 0 1465 2 114 0 0 1465 176 3705 0 0
11030 0 0 1 91 11030 0 0
1030 200 0 2 91 1028 200 0 176 2 0 0
4220 0 1362 2 91 0 0 1362 176 4220 0 0
3160 157 4 2 176 3156 157 4 70 4 0 0
4805 0 1245 2 176 0 0 1245 70 4805 0 0
6614 88 3 1 70 6614 88 3
4650 0 1276 2 70 0 0 1276 192 4650 0 0
5155 117 5 2 192 5151 117 5 18 4 0 0
-1
15 10
4130 108 0 1 18 4130 108 0
3840 5 1088 2 18 0 5 1088 13 3840 0 0
4330 104 0 1 13 4330 104 0
4630 6 920 2 13 0 6 920 148 4630 0 0
7224 46 1 2 148 7222 46 1 178 2 0 0
2925 0 1321 2 148 0 0 1321 178 2925 0 0
4730 96 0 1 178 4730 96 0
4970 5 862 2 178 0 5 862 63 4970 0 0
3830 114 0 1 63 3830 114 0
4325 5 991 2 63 0 5 991 42 4325 0 0
-1
