1 20
0 8333 1 1 23 0 8333 1
1 8052 1247 2 23 0 2890 1246 153 1 5162 1
0 8202 583 1 153 0 8202 583
0 7749 1762 2 153 0 0 901 189 0 7749 861
0 8333 1 1 77 0 8333 1
1 8082 1114 2 77 0 1702 1114 150 1 6380 0
1 8073 1154 2 150 0 4005 1154 1 1 4068 0
0 8113 979 2 1 0 4724 977 31 0 3389 2
1 8210 545 2 31 0 1525 544 36 1 6685 1
0 8070 1170 2 36 0 3844 1169 163 0 4226 1
0 8157 783 2 163 0 2812 781 143 0 5345 2
0 8128 912 2 143 0 2881 912 178 0 5247 0
0 8155 792 2 178 0 1881 792 95 0 6274 0
0 8123 934 2 95 0 2132 934 193 0 5991 0
0 8029 1352 2 193 0 6177 1352 98 0 1852 0
0 8300 148 1 98 0 8300 148
0 6543 1707 2 98 0 0 980 52 0 6543 727
1 8205 567 2 39 0 5094 566 34 1 3111 1
0 8300 148 1 34 0 8300 148
0 5472 1727 2 34 0 0 1119 146 0 5472 608
-1
2 49
1 416 0 1 84 1 416 0
1 416 0 1 84 1 416 0
1 416 0 1 84 1 416 0
1 416 0 1 84 1 416 0
1 416 0 1 84 1 416 0
1 416 0 1 84 1 416 0
1 416 0 1 84 1 416 0
1 416 0 1 84 1 416 0
1 416 0 1 84 1 416 0
1 416 0 1 84 1 416 0
1 416 0 1 84 1 416 0
1 416 0 1 84 1 416 0
0 369 211 1 84 0 369 211
1 329 386 2 84 0 0 386 30 1 329 0
1 416 0 1 30 1 416 0
1 416 0 1 30 1 416 0
1 416 0 1 30 1 416 0
1 416 0 1 30 1 416 0
1 416 0 1 30 1 416 0
1 416 0 1 30 1 416 0
1 416 0 1 30 1 416 0
1 416 0 1 30 1 416 0
1 416 0 1 30 1 416 0
1 416 0 1 30 1 416 0
1 416 0 1 30 1 416 0
1 416 0 1 30 1 416 0
1 416 0 1 30 1 416 0
1 416 0 1 30 1 416 0
1 416 0 1 30 1 416 0
1 416 0 1 30 1 416 0
1 416 0 1 30 1 416 0
1 416 0 1 30 1 416 0
1 416 0 1 30 1 416 0
1 416 0 1 30 1 416 0
1 416 0 1 30 1 416 0
1 416 0 1 30 1 416 0
1 416 0 1 30 1 416 0
0 303 505 1 30 0 303 505
1 274 631 2 30 0 0 631 100 1 274 0
1 416 0 1 100 1 416 0
1 416 0 1 100 1 416 0
1 416 0 1 100 1 416 0
1 416 0 1 100 1 416 0
1 416 0 1 100 1 416 0
1 416 0 1 100 1 416 0
1 416 0 1 100 1 416 0
1 416 0 1 100 1 416 0
1 416 0 1 100 1 416 0
1 416 0 1 100 1 416 0
-1
3 49
1 1465 0 1 63 1 1465 0
1 1465 0 1 63 1 1465 0
1 1465 0 1 63 1 1465 0
1 1465 0 1 63 1 1465 0
1 1465 0 1 63 1 1465 0
1 1465 0 1 63 1 1465 0
1 1465 0 1 63 1 1465 0
0 1231 1043 1 63 0 1231 1043
0 1413 234 2 63 0 0 234 100 0 1413 0
1 1465 0 1 100 1 1465 0
1 1465 0 1 100 1 1465 0
1 1232 1036 2 100 0 108 1035 93 1 1124 1
1 1465 0 1 93 1 1465 0
1 1465 0 1 93 1 1465 0
1 1465 0 1 93 1 1465 0
1 1465 0 1 93 1 1465 0
0 1336 577 1 93 0 1336 577
1 1387 347 2 93 0 0 347 50 1 1387 0
1 1465 0 1 50 1 1465 0
1 1465 0 1 50 1 1465 0
1 1465 0 1 50 1 1465 0
1 1465 0 1 50 1 1465 0
1 1465 0 1 50 1 1465 0
0 1221 1088 2 50 0 1065 1087 134 0 156 1
1 1465 0 1 134 1 1465 0
1 1465 0 1 134 1 1465 0
1 1465 0 1 134 1 1465 0
1 1465 0 1 134 1 1465 0
1 1465 0 1 134 1 1465 0
0 1325 625 1 134 0 1325 625
0 1386 354 2 134 0 0 353 7 0 1386 1
1 1465 0 1 7 1 1465 0
1 1465 0 1 7 1 1465 0
1 1465 0 1 7 1 1465 0
1 1313 676 2 7 0 300 675 106 1 1013 1
1 1465 0 1 106 1 1465 0
1 1465 0 1 106 1 1465 0
1 1465 0 1 106 1 1465 0
1 1465 0 1 106 1 1465 0
1 1283 809 2 106 0 412 809 188 1 871 0
1 1465 0 1 188 1 1465 0
1 1465 0 1 188 1 1465 0
1 1465 0 1 188 1 1465 0
1 1465 0 1 188 1 1465 0
1 1465 0 1 188 1 1465 0
1 1233 1032 2 188 0 1086 1032 22 1 147 0
1 1465 0 1 22 1 1465 0
1 1465 0 1 22 1 1465 0
1 1465 0 1 22 1 1465 0
-1
4 22
0 1083 1 1 195 0 1083 1
0 1083 1 1 195 0 1083 1
0 1083 1 1 195 0 1083 1
0 971 499 2 195 0 30 498 5 0 941 1
0 1083 1 1 5 0 1083 1
0 1083 1 1 5 0 1083 1
0 1083 1 1 5 0 1083 1
0 957 561 2 5 0 895 561 57 0 62 0
0 1083 1 1 57 0 1083 1
0 1083 1 1 57 0 1083 1
0 1083 1 1 57 0 1083 1
0 1083 1 1 57 0 1083 1
0 1083 1 1 57 0 1083 1
0 1083 1 1 57 0 1083 1
0 911 765 2 57 0 379 765 90 0 532 0
0 1083 1 1 90 0 1083 1
0 1083 1 1 90 0 1083 1
0 1083 1 1 90 0 1083 1
0 1083 1 1 90 0 1083 1
0 1083 1 1 90 0 1083 1
0 1083 1 1 90 0 1083 1
0 1083 1 1 90 0 1083 1
-1
5 61
0 857 2 1 164 0 857 2
0 857 2 1 164 0 857 2
0 857 2 1 164 0 857 2
0 857 2 1 164 0 857 2
0 857 2 1 164 0 857 2
0 857 2 1 164 0 857 2
0 857 2 1 164 0 857 2
0 857 2 1 164 0 857 2
0 857 2 1 164 0 857 2
0 857 2 1 164 0 857 2
0 857 2 1 164 0 857 2
0 857 2 1 164 0 857 2
1 596 1159 2 164 0 354 1158 113 1 242 1
0 857 2 1 113 0 857 2
0 857 2 1 113 0 857 2
0 857 2 1 113 0 857 2
0 857 2 1 113 0 857 2
0 857 2 1 113 0 857 2
0 857 2 1 113 0 857 2
0 857 2 1 113 0 857 2
0 857 2 1 113 0 857 2
0 785 322 1 113 0 785 322
1 736 537 2 113 0 0 537 182 1 736 0
0 857 2 1 182 0 857 2
0 857 2 1 182 0 857 2
0 857 2 1 182 0 857 2
0 857 2 1 182 0 857 2
0 857 2 1 182 0 857 2
0 857 2 1 182 0 857 2
0 857 2 1 182 0 857 2
0 857 2 1 182 0 857 2
0 857 2 1 182 0 857 2
0 857 2 1 182 0 857 2
0 857 2 1 182 0 857 2
0 857 2 1 182 0 857 2
0 857 2 1 182 0 857 2
0 564 1304 2 182 0 83 1303 70 0 481 1
0 857 2 1 70 0 857 2
0 857 2 1 70 0 857 2
0 857 2 1 70 0 857 2
0 857 2 1 70 0 857 2
0 857 2 1 70 0 857 2
0 857 2 1 70 0 857 2
0 857 2 1 70 0 857 2
0 857 2 1 70 0 857 2
0 857 2 1 70 0 857 2
0 857 2 1 70 0 857 2
0 857 2 1 70 0 857 2
0 694 726 1 70 0 694 726
1 760 430 2 70 0 0 429 155 1 760 1
0 857 2 1 155 0 857 2
0 857 2 1 155 0 857 2
0 857 2 1 155 0 857 2
0 857 2 1 155 0 857 2
0 857 2 1 155 0 857 2
0 857 2 1 155 0 857 2
0 857 2 1 155 0 857 2
0 857 2 1 155 0 857 2
0 857 2 1 155 0 857 2
0 857 2 1 155 0 857 2
0 790 300 1 155 0 790 300
-1
6 20
0 1529 0 1 183 0 1529 0
0 1529 0 1 183 0 1529 0
0 1529 0 1 183 0 1529 0
0 1382 654 2 183 0 1290 653 137 0 92 1
0 1529 0 1 137 0 1529 0
0 1529 0 1 137 0 1529 0
0 1529 0 1 137 0 1529 0
0 1402 565 2 137 0 397 563 111 0 1005 2
0 1529 0 1 111 0 1529 0
0 1529 0 1 111 0 1529 0
0 1529 0 1 111 0 1529 0
0 1529 0 1 111 0 1529 0
0 1529 0 1 111 0 1529 0
0 1529 0 1 111 0 1529 0
0 1422 476 1 111 0 1422 476
1 1346 811 2 111 0 0 811 99 1 1346 0
0 1529 0 1 99 0 1529 0
0 1529 0 1 99 0 1529 0
0 1529 0 1 99 0 1529 0
0 1529 0 1 99 0 1529 0
-1
7 52
0 636 502 2 99 0 0 502 177 0 636 0
0 749 0 1 177 0 749 0
0 749 0 1 177 0 749 0
0 749 0 1 177 0 749 0
0 749 0 1 177 0 749 0
0 749 0 1 177 0 749 0
0 749 0 1 177 0 749 0
0 749 0 1 177 0 749 0
0 749 0 1 177 0 749 0
0 749 0 1 177 0 749 0
0 749 0 1 177 0 749 0
0 749 0 1 177 0 749 0
0 749 0 1 177 0 749 0
0 499 1111 2 177 0 366 1110 149 0 133 1
0 749 0 1 149 0 749 0
0 749 0 1 149 0 749 0
0 749 0 1 149 0 749 0
0 749 0 1 149 0 749 0
0 749 0 1 149 0 749 0
0 749 0 1 149 0 749 0
0 749 0 1 149 0 749 0
0 749 0 1 149 0 749 0
0 749 0 1 149 0 749 0
0 749 0 1 149 0 749 0
0 749 0 1 149 0 749 0
0 749 0 1 149 0 749 0
0 749 0 1 149 0 749 0
0 749 0 1 149 0 749 0
0 749 0 1 149 0 749 0
0 749 0 1 149 0 749 0
1 437 1384 2 149 0 339 1383 179 1 98 1
0 749 0 1 179 0 749 0
0 749 0 1 179 0 749 0
0 749 0 1 179 0 749 0
0 749 0 1 179 0 749 0
0 749 0 1 179 0 749 0
0 749 0 1 179 0 749 0
0 631 525 2 179 0 141 525 91 0 490 0
0 749 0 1 91 0 749 0
0 749 0 1 91 0 749 0
0 749 0 1 91 0 749 0
0 749 0 1 91 0 749 0
0 749 0 1 91 0 749 0
0 749 0 1 91 0 749 0
0 749 0 1 91 0 749 0
0 749 0 1 91 0 749 0
0 749 0 1 91 0 749 0
0 559 845 2 91 0 365 844 132 0 194 1
0 749 0 1 132 0 749 0
0 749 0 1 132 0 749 0
0 749 0 1 132 0 749 0
0 749 0 1 132 0 749 0
-1
8 30
0 1284 530 2 132 0 840 530 58 0 444 0
0 1403 1 1 58 0 1403 1
0 1403 1 1 58 0 1403 1
0 1403 1 1 58 0 1403 1
0 1403 1 1 58 0 1403 1
0 1403 1 1 58 0 1403 1
0 1403 1 1 58 0 1403 1
1 1154 1105 2 58 0 1128 1104 6 1 26 1
0 1403 1 1 6 0 1403 1
0 1403 1 1 6 0 1403 1
0 1403 1 1 6 0 1403 1
0 1403 1 1 6 0 1403 1
0 1403 1 1 6 0 1403 1
0 1403 1 1 6 0 1403 1
0 1174 1019 2 6 0 771 1017 38 0 403 2
0 1403 1 1 38 0 1403 1
0 1403 1 1 38 0 1403 1
0 1403 1 1 38 0 1403 1
0 1403 1 1 38 0 1403 1
0 1235 748 2 38 0 762 747 4 0 473 1
0 1403 1 1 4 0 1403 1
0 1403 1 1 4 0 1403 1
0 1403 1 1 4 0 1403 1
0 1403 1 1 4 0 1403 1
0 1403 1 1 4 0 1403 1
0 1403 1 1 4 0 1403 1
0 1403 1 1 4 0 1403 1
0 1403 1 1 4 0 1403 1
0 1403 1 1 4 0 1403 1
0 1073 1468 2 4 0 184 1466 122 0 889 2
-1
9 51
0 1454 0 1 15 0 1454 0
0 1454 0 1 15 0 1454 0
0 1454 0 1 15 0 1454 0
0 1454 0 1 15 0 1454 0
0 1293 716 2 15 0 628 716 88 0 665 0
0 1454 0 1 88 0 1454 0
0 1454 0 1 88 0 1454 0
0 1454 0 1 88 0 1454 0
0 1454 0 1 88 0 1454 0
0 1454 0 1 88 0 1454 0
0 1454 0 1 88 0 1454 0
1 1218 1046 2 88 0 25 1046 168 1 1193 0
0 1454 0 1 168 0 1454 0
0 1454 0 1 168 0 1454 0
0 1454 0 1 168 0 1454 0
0 1454 0 1 168 0 1454 0
0 1454 0 1 168 0 1454 0
0 1454 0 1 168 0 1454 0
0 1196 1147 2 168 0 405 1147 130 0 791 0
0 1454 0 1 130 0 1454 0
0 1454 0 1 130 0 1454 0
0 1334 534 2 130 0 1098 533 200 0 236 1
0 1454 0 1 200 0 1454 0
0 1454 0 1 200 0 1454 0
0 1454 0 1 200 0 1454 0
0 1454 0 1 200 0 1454 0
0 1454 0 1 200 0 1454 0
0 1454 0 1 200 0 1454 0
0 1454 0 1 200 0 1454 0
1 1172 1251 2 200 0 845 1250 121 1 327 1
0 1454 0 1 121 0 1454 0
0 1454 0 1 121 0 1454 0
0 1454 0 1 121 0 1454 0
0 1454 0 1 121 0 1454 0
0 1454 0 1 121 0 1454 0
0 1454 0 1 121 0 1454 0
0 1454 0 1 121 0 1454 0
0 1454 0 1 121 0 1454 0
0 1141 1391 2 121 0 568 1391 191 0 573 0
0 1454 0 1 191 0 1454 0
0 1454 0 1 191 0 1454 0
0 1454 0 1 191 0 1454 0
0 1454 0 1 191 0 1454 0
0 1454 0 1 191 0 1454 0
0 1454 0 1 191 0 1454 0
0 1454 0 1 191 0 1454 0
0 1454 0 1 191 0 1454 0
0 1277 787 1 191 0 1277 787
0 1294 711 2 191 0 0 711 156 0 1294 0
0 1454 0 1 156 0 1454 0
0 1454 0 1 156 0 1454 0
-1
10 12
0 1162 2 1 190 0 1162 2
0 1162 2 1 190 0 1162 2
0 1162 2 1 190 0 1162 2
0 1162 2 1 190 0 1162 2
0 1162 2 1 190 0 1162 2
0 1162 2 1 190 0 1162 2
0 1162 2 1 190 0 1162 2
0 937 1002 2 190 0 337 1002 40 0 600 0
0 1162 2 1 40 0 1162 2
0 1162 2 1 40 0 1162 2
0 1162 2 1 40 0 1162 2
0 729 529 1 40 0 729 529
-1
11 22
0 1417 2 1 22 0 1417 2
0 1417 2 1 22 0 1417 2
0 1417 2 1 22 0 1417 2
0 1417 2 1 22 0 1417 2
0 1107 1380 2 22 0 803 1379 101 0 304 1
0 1417 2 1 101 0 1417 2
0 1417 2 1 101 0 1417 2
0 1417 2 1 101 0 1417 2
0 1417 2 1 101 0 1417 2
1 1253 728 2 101 0 652 727 185 1 601 1
0 1417 2 1 185 0 1417 2
0 1417 2 1 185 0 1417 2
0 1417 2 1 185 0 1417 2
0 1417 2 1 185 0 1417 2
1 1244 768 2 185 0 723 768 160 1 521 0
0 1417 2 1 160 0 1417 2
0 1417 2 1 160 0 1417 2
0 1417 2 1 160 0 1417 2
0 1417 2 1 160 0 1417 2
0 1417 2 1 160 0 1417 2
0 1218 886 2 160 0 439 884 26 0 779 2
0 1417 2 1 26 0 1417 2
-1
12 26
0 1377 2 1 156 0 1377 2
0 1310 300 1 156 0 1310 300
1 1236 626 2 156 0 0 625 19 1 1236 1
0 1377 2 1 19 0 1377 2
0 1377 2 1 19 0 1377 2
0 1377 2 1 19 0 1377 2
0 1377 2 1 19 0 1377 2
0 1204 771 2 19 0 275 771 118 0 929 0
0 1377 2 1 118 0 1377 2
0 1377 2 1 118 0 1377 2
0 1377 2 1 118 0 1377 2
0 1285 411 1 118 0 1285 411
1 1312 288 2 118 0 0 288 32 1 1312 0
0 1377 2 1 32 0 1377 2
0 1377 2 1 32 0 1377 2
0 1377 2 1 32 0 1377 2
0 1377 2 1 32 0 1377 2
0 1377 2 1 32 0 1377 2
0 1377 2 1 32 0 1377 2
0 1377 2 1 32 0 1377 2
0 1377 2 1 32 0 1377 2
0 883 1452 1 32 0 883 1452
0 1377 2 1 115 0 1377 2
0 1377 2 1 115 0 1377 2
0 1377 2 1 115 0 1377 2
0 1377 2 1 115 0 1377 2
-1
13 16
1 1401 0 1 26 1 1401 0
1 1401 0 1 26 1 1401 0
1 1401 0 1 26 1 1401 0
1 1401 0 1 26 1 1401 0
1 1401 0 1 26 1 1401 0
1 1401 0 1 26 1 1401 0
0 1100 1340 2 26 0 89 1340 80 0 1011 0
1 1401 0 1 80 1 1401 0
1 1401 0 1 80 1 1401 0
1 1401 0 1 80 1 1401 0
1 1401 0 1 80 1 1401 0
0 1208 860 2 80 0 1103 858 142 0 105 2
1 1401 0 1 142 1 1401 0
1 1401 0 1 142 1 1401 0
1 1401 0 1 142 1 1401 0
1 1401 0 1 142 1 1401 0
-1
14 20
0 1365 0 1 122 0 1365 0
0 1365 0 1 122 0 1365 0
0 1365 0 1 122 0 1365 0
0 1365 0 1 122 0 1365 0
0 1162 902 2 122 0 384 901 172 0 778 1
0 1365 0 1 172 0 1365 0
0 1365 0 1 172 0 1365 0
0 1365 0 1 172 0 1365 0
0 1365 0 1 172 0 1365 0
0 1199 737 2 172 0 395 736 112 0 804 1
0 1365 0 1 112 0 1365 0
0 1365 0 1 112 0 1365 0
0 1365 0 1 112 0 1365 0
0 1365 0 1 112 0 1365 0
0 1365 0 1 112 0 1365 0
0 1153 942 2 112 0 840 940 141 0 313 2
0 1365 0 1 141 0 1365 0
0 1365 0 1 141 0 1365 0
0 1365 0 1 141 0 1365 0
0 1365 0 1 141 0 1365 0
-1
15 19
0 1418 1 1 115 0 1418 1
0 1418 1 1 115 0 1418 1
0 1152 1183 2 115 0 1025 1182 109 0 127 1
0 1418 1 1 109 0 1418 1
0 1418 1 1 109 0 1418 1
0 1418 1 1 109 0 1418 1
0 1418 1 1 109 0 1418 1
0 1418 1 1 109 0 1418 1
0 1418 1 1 109 0 1418 1
0 1418 1 1 109 0 1418 1
0 1418 1 1 109 0 1418 1
0 157 1283 1 109 0 157 1283
0 1418 1 1 20 0 1418 1
0 1418 1 1 20 0 1418 1
0 1418 1 1 20 0 1418 1
0 1418 1 1 20 0 1418 1
0 1418 1 1 20 0 1418 1
0 1418 1 1 20 0 1418 1
0 150 956 1 20 0 150 956
-1
