1 42
1 6451 0 1 885 1 6451 0
3 6134 1362 2 885 0 5806 1362 999 3 328 0
1 6451 0 1 999 1 6451 0
1 6223 982 2 999 0 2055 982 729 1 4168 0
3 6285 712 2 729 0 2239 712 944 3 4046 0
4 6330 516 2 944 0 595 516 456 4 5735 0
1 6451 0 1 456 1 6451 0
4 6133 1364 2 456 0 85 1364 249 4 6048 0
1 6451 0 1 249 1 6451 0
4 6117 1433 2 249 0 393 1433 448 4 5724 0
3 6248 871 2 448 0 2111 871 806 3 4137 0
1 6451 0 1 806 1 6451 0
2 6143 1325 2 806 0 1333 1325 57 2 4810 0
4 6238 912 2 57 0 3396 912 747 4 2842 0
1 6451 0 1 747 1 6451 0
1 6160 1253 2 747 0 1979 1253 1095 1 4181 0
1 6451 0 1 1095 1 6451 0
0 6121 1423 2 1095 0 2173 1423 790 0 3948 0
3 6265 798 2 790 0 3234 798 287 3 3031 0
3 6277 746 2 287 0 3680 746 838 3 2597 0
1 6451 0 1 838 1 6451 0
0 6113 1457 2 838 0 4061 1457 218 0 2052 0
1 6451 0 1 741 1 6451 0
0 3979 1387 2 741 0 118 730 218 0 3861 657
3 6326 535 2 294 0 4815 535 51 3 1511 0
1 6451 0 1 51 1 6451 0
1 6230 952 2 51 0 602 952 463 1 5628 0
3 6258 828 2 463 0 1823 828 911 3 4435 0
4 6291 684 2 911 0 1718 684 936 4 4573 0
1 6451 0 1 936 1 6451 0
3 6134 1362 2 936 0 1229 1362 1050 3 4905 0
1 6189 1128 2 1050 0 5244 1128 47 1 945 0
1 6451 0 1 47 1 6451 0
0 6156 1272 2 47 0 531 881 228 0 5625 391
3 6396 234 2 228 0 0 234 140 3 6396 0
3 6209 1039 2 140 0 2952 1039 694 3 3257 0
0 6310 609 2 694 0 2221 609 438 0 4089 0
1 6451 0 1 438 1 6451 0
2 6109 1471 2 438 0 2698 1471 737 2 3411 0
1 6229 956 2 737 0 5191 956 647 1 1038 0
1 6451 0 1 647 1 6451 0
2 6110 1467 2 647 0 5712 1467 1137 2 398 0
-1
2 121
1 322 0 1 307 1 322 0
1 322 0 1 307 1 322 0
1 322 0 1 307 1 322 0
1 322 0 1 307 1 322 0
1 322 0 1 307 1 322 0
1 322 0 1 307 1 322 0
1 322 0 1 307 1 322 0
1 322 0 1 307 1 322 0
1 322 0 1 307 1 322 0
1 322 0 1 307 1 322 0
1 322 0 1 307 1 322 0
1 322 0 1 307 1 322 0
1 322 0 1 307 1 322 0
1 322 0 1 307 1 322 0
1 322 0 1 307 1 322 0
1 322 0 1 307 1 322 0
1 322 0 1 307 1 322 0
1 322 0 1 307 1 322 0
1 322 0 1 307 1 322 0
1 322 0 1 307 1 322 0
1 322 0 1 307 1 322 0
1 322 0 1 307 1 322 0
1 322 0 1 307 1 322 0
1 322 0 1 307 1 322 0
1 322 0 1 307 1 322 0
0 295 118 1 307 0 295 118
2 133 812 2 307 0 0 812 802 2 133 0
1 322 0 1 802 1 322 0
1 322 0 1 802 1 322 0
1 322 0 1 802 1 322 0
1 322 0 1 802 1 322 0
1 322 0 1 802 1 322 0
1 322 0 1 802 1 322 0
1 322 0 1 802 1 322 0
1 322 0 1 802 1 322 0
1 322 0 1 802 1 322 0
1 322 0 1 802 1 322 0
1 322 0 1 802 1 322 0
1 322 0 1 802 1 322 0
1 322 0 1 802 1 322 0
1 322 0 1 802 1 322 0
1 322 0 1 802 1 322 0
1 322 0 1 802 1 322 0
1 322 0 1 802 1 322 0
1 322 0 1 802 1 322 0
4 165 671 2 802 0 90 671 680 4 75 0
1 322 0 1 680 1 322 0
1 322 0 1 680 1 322 0
1 322 0 1 680 1 322 0
1 322 0 1 680 1 322 0
1 322 0 1 680 1 322 0
1 322 0 1 680 1 322 0
1 322 0 1 680 1 322 0
1 322 0 1 680 1 322 0
1 322 0 1 680 1 322 0
1 322 0 1 680 1 322 0
1 322 0 1 680 1 322 0
1 322 0 1 680 1 322 0
1 322 0 1 680 1 322 0
1 322 0 1 680 1 322 0
1 322 0 1 680 1 322 0
1 322 0 1 680 1 322 0
1 322 0 1 680 1 322 0
0 178 622 2 680 0 28 622 948 0 150 0
1 322 0 1 948 1 322 0
1 322 0 1 948 1 322 0
1 322 0 1 948 1 322 0
1 322 0 1 948 1 322 0
1 322 0 1 948 1 322 0
1 322 0 1 948 1 322 0
1 322 0 1 948 1 322 0
1 322 0 1 948 1 322 0
1 322 0 1 948 1 322 0
1 322 0 1 948 1 322 0
1 322 0 1 948 1 322 0
1 322 0 1 948 1 322 0
1 322 0 1 948 1 322 0
1 322 0 1 948 1 322 0
1 322 0 1 948 1 322 0
1 322 0 1 948 1 322 0
1 322 0 1 948 1 322 0
1 322 0 1 948 1 322 0
1 322 0 1 948 1 322 0
1 322 0 1 948 1 322 0
1 322 0 1 948 1 322 0
1 322 0 1 948 1 322 0
1 322 0 1 948 1 322 0
1 322 0 1 948 1 322 0
1 322 0 1 948 1 322 0
1 322 0 1 948 1 322 0
1 322 0 1 948 1 322 0
1 322 0 1 948 1 322 0
1 322 0 1 948 1 322 0
1 322 0 1 948 1 322 0
1 322 0 1 948 1 322 0
1 322 0 1 948 1 322 0
1 322 0 1 948 1 322 0
1 322 0 1 948 1 322 0
1 322 0 1 948 1 322 0
1 322 0 1 948 1 322 0
1 322 0 1 948 1 322 0
1 322 0 1 948 1 322 0
0 59 1134 1 948 0 59 1134
2 263 253 2 948 0 0 253 440 2 263 0
1 322 0 1 440 1 322 0
1 322 0 1 440 1 322 0
1 322 0 1 440 1 322 0
1 322 0 1 440 1 322 0
1 322 0 1 440 1 322 0
1 322 0 1 440 1 322 0
1 322 0 1 440 1 322 0
1 322 0 1 440 1 322 0
1 322 0 1 440 1 322 0
1 322 0 1 440 1 322 0
1 322 0 1 440 1 322 0
1 322 0 1 440 1 322 0
1 322 0 1 440 1 322 0
1 322 0 1 440 1 322 0
1 322 0 1 440 1 322 0
1 322 0 1 440 1 322 0
1 322 0 1 440 1 322 0
-1
3 96
0 778 0 1 435 0 778 0
0 778 0 1 435 0 778 0
0 778 0 1 435 0 778 0
0 778 0 1 435 0 778 0
0 778 0 1 435 0 778 0
0 778 0 1 435 0 778 0
0 778 0 1 435 0 778 0
0 622 671 2 435 0 593 671 1169 0 29 0
0 778 0 1 1169 0 778 0
0 778 0 1 1169 0 778 0
0 778 0 1 1169 0 778 0
0 778 0 1 1169 0 778 0
0 778 0 1 1169 0 778 0
0 778 0 1 1169 0 778 0
0 778 0 1 1169 0 778 0
0 663 495 1 1169 0 663 495
4 733 187 2 1169 0 0 187 373 4 733 0
0 778 0 1 373 0 778 0
0 778 0 1 373 0 778 0
0 778 0 1 373 0 778 0
0 778 0 1 373 0 778 0
0 778 0 1 373 0 778 0
0 778 0 1 373 0 778 0
0 778 0 1 373 0 778 0
0 778 0 1 373 0 778 0
0 778 0 1 373 0 778 0
0 778 0 1 373 0 778 0
4 554 957 2 373 0 96 957 440 4 458 0
0 778 0 1 440 0 778 0
0 778 0 1 440 0 778 0
0 778 0 1 440 0 778 0
0 778 0 1 440 0 778 0
0 778 0 1 440 0 778 0
0 778 0 1 440 0 778 0
4 483 1263 2 440 0 158 1263 689 4 325 0
0 778 0 1 689 0 778 0
0 778 0 1 689 0 778 0
0 778 0 1 689 0 778 0
0 778 0 1 689 0 778 0
0 778 0 1 689 0 778 0
0 778 0 1 689 0 778 0
2 643 578 2 689 0 205 578 683 2 438 0
0 778 0 1 683 0 778 0
0 778 0 1 683 0 778 0
0 778 0 1 683 0 778 0
0 778 0 1 683 0 778 0
0 778 0 1 683 0 778 0
0 778 0 1 683 0 778 0
0 640 594 2 683 0 238 594 603 0 402 0
0 778 0 1 603 0 778 0
0 778 0 1 603 0 778 0
0 778 0 1 603 0 778 0
0 778 0 1 603 0 778 0
0 778 0 1 603 0 778 0
0 778 0 1 603 0 778 0
0 778 0 1 603 0 778 0
0 778 0 1 603 0 778 0
0 778 0 1 603 0 778 0
0 778 0 1 603 0 778 0
0 778 0 1 603 0 778 0
0 778 0 1 603 0 778 0
0 778 0 1 603 0 778 0
1 501 1191 2 603 0 203 1191 613 1 298 0
0 778 0 1 613 0 778 0
0 778 0 1 613 0 778 0
0 778 0 1 613 0 778 0
0 778 0 1 613 0 778 0
0 778 0 1 613 0 778 0
0 778 0 1 613 0 778 0
3 647 559 2 613 0 64 559 180 3 583 0
0 778 0 1 180 0 778 0
0 778 0 1 180 0 778 0
0 778 0 1 180 0 778 0
0 778 0 1 180 0 778 0
0 778 0 1 180 0 778 0
0 778 0 1 180 0 778 0
0 778 0 1 180 0 778 0
0 778 0 1 180 0 778 0
0 778 0 1 180 0 778 0
0 778 0 1 180 0 778 0
0 778 0 1 180 0 778 0
0 778 0 1 180 0 778 0
0 778 0 1 180 0 778 0
0 778 0 1 180 0 778 0
0 778 0 1 180 0 778 0
0 623 667 1 180 0 623 667
1 600 764 2 180 0 0 764 54 1 600 0
0 778 0 1 54 0 778 0
0 778 0 1 54 0 778 0
0 778 0 1 54 0 778 0
0 778 0 1 54 0 778 0
0 778 0 1 54 0 778 0
0 778 0 1 54 0 778 0
0 778 0 1 54 0 778 0
0 778 0 1 54 0 778 0
0 778 0 1 54 0 778 0
-1
4 69
4 1077 0 1 805 4 1077 0
4 1077 0 1 805 4 1077 0
4 1077 0 1 805 4 1077 0
4 1077 0 1 805 4 1077 0
4 1077 0 1 805 4 1077 0
4 1077 0 1 805 4 1077 0
4 1077 0 1 805 4 1077 0
4 1077 0 1 805 4 1077 0
4 1077 0 1 805 4 1077 0
4 1077 0 1 805 4 1077 0
1 784 1267 2 805 0 593 1267 696 1 191 0
4 1077 0 1 696 4 1077 0
4 1077 0 1 696 4 1077 0
4 1077 0 1 696 4 1077 0
4 1077 0 1 696 4 1077 0
4 1077 0 1 696 4 1077 0
4 1077 0 1 696 4 1077 0
4 1077 0 1 696 4 1077 0
4 1077 0 1 696 4 1077 0
2 839 1028 2 696 0 412 1028 257 2 427 0
4 1077 0 1 257 4 1077 0
4 1077 0 1 257 4 1077 0
4 1077 0 1 257 4 1077 0
4 1077 0 1 257 4 1077 0
4 1077 0 1 257 4 1077 0
4 1077 0 1 257 4 1077 0
4 1077 0 1 257 4 1077 0
4 1077 0 1 257 4 1077 0
4 1077 0 1 257 4 1077 0
4 1077 0 1 257 4 1077 0
4 1077 0 1 257 4 1077 0
4 741 1447 2 257 0 703 1447 1142 4 38 0
4 1077 0 1 1142 4 1077 0
4 1077 0 1 1142 4 1077 0
4 1077 0 1 1142 4 1077 0
4 1077 0 1 1142 4 1077 0
4 1077 0 1 1142 4 1077 0
4 1077 0 1 1142 4 1077 0
4 1077 0 1 1142 4 1077 0
4 1077 0 1 1142 4 1077 0
4 1077 0 1 1142 4 1077 0
4 1077 0 1 1142 4 1077 0
4 1077 0 1 1142 4 1077 0
2 759 1373 2 1142 0 424 1373 234 2 335 0
4 1077 0 1 234 4 1077 0
4 1077 0 1 234 4 1077 0
4 1077 0 1 234 4 1077 0
4 1077 0 1 234 4 1077 0
4 1077 0 1 234 4 1077 0
4 1077 0 1 234 4 1077 0
4 1077 0 1 234 4 1077 0
4 1077 0 1 234 4 1077 0
3 834 1048 2 234 0 447 1048 512 3 387 0
4 1077 0 1 512 4 1077 0
4 1077 0 1 512 4 1077 0
4 1077 0 1 512 4 1077 0
4 1077 0 1 512 4 1077 0
4 1077 0 1 512 4 1077 0
4 1077 0 1 512 4 1077 0
4 1077 0 1 512 4 1077 0
4 1077 0 1 512 4 1077 0
4 1077 0 1 512 4 1077 0
4 813 1137 2 512 0 114 1137 1037 4 699 0
4 1077 0 1 1037 4 1077 0
4 1077 0 1 1037 4 1077 0
4 1077 0 1 1037 4 1077 0
4 1077 0 1 1037 4 1077 0
4 1077 0 1 1037 4 1077 0
4 1077 0 1 1037 4 1077 0
-1
5 49
1 835 0 1 132 1 835 0
1 835 0 1 132 1 835 0
1 835 0 1 132 1 835 0
1 835 0 1 132 1 835 0
1 835 0 1 132 1 835 0
1 835 0 1 132 1 835 0
1 835 0 1 132 1 835 0
1 835 0 1 132 1 835 0
1 835 0 1 132 1 835 0
3 640 836 2 132 0 0 836 828 3 640 0
1 835 0 1 182 1 835 0
1 835 0 1 182 1 835 0
1 835 0 1 182 1 835 0
1 835 0 1 182 1 835 0
1 835 0 1 182 1 835 0
1 835 0 1 182 1 835 0
1 835 0 1 182 1 835 0
0 817 79 1 182 0 817 79
4 680 662 2 182 0 0 662 828 4 680 0
1 835 0 1 828 1 835 0
1 835 0 1 828 1 835 0
1 835 0 1 828 1 835 0
1 835 0 1 828 1 835 0
1 835 0 1 828 1 835 0
1 835 0 1 828 1 835 0
1 835 0 1 828 1 835 0
2 639 842 2 828 0 399 842 516 2 240 0
1 835 0 1 516 1 835 0
1 835 0 1 516 1 835 0
1 835 0 1 516 1 835 0
1 835 0 1 516 1 835 0
1 835 0 1 516 1 835 0
1 835 0 1 516 1 835 0
1 835 0 1 516 1 835 0
0 663 742 2 516 0 584 742 1104 0 79 0
1 835 0 1 1104 1 835 0
1 835 0 1 1104 1 835 0
1 835 0 1 1104 1 835 0
1 835 0 1 1104 1 835 0
1 835 0 1 1104 1 835 0
1 835 0 1 1104 1 835 0
1 835 0 1 1104 1 835 0
1 835 0 1 1104 1 835 0
1 835 0 1 1104 1 835 0
1 835 0 1 1104 1 835 0
1 835 0 1 1104 1 835 0
1 835 0 1 1104 1 835 0
1 835 0 1 1104 1 835 0
1 835 0 1 1104 1 835 0
-1
6 110
4 644 0 1 776 4 644 0
4 644 0 1 776 4 644 0
4 644 0 1 776 4 644 0
4 644 0 1 776 4 644 0
4 644 0 1 776 4 644 0
4 644 0 1 776 4 644 0
4 644 0 1 776 4 644 0
4 644 0 1 776 4 644 0
4 644 0 1 776 4 644 0
4 644 0 1 776 4 644 0
4 644 0 1 776 4 644 0
4 644 0 1 776 4 644 0
4 644 0 1 776 4 644 0
4 644 0 1 776 4 644 0
4 644 0 1 776 4 644 0
4 644 0 1 776 4 644 0
4 644 0 1 776 4 644 0
4 644 0 1 776 4 644 0
4 644 0 1 776 4 644 0
4 644 0 1 776 4 644 0
0 477 726 1 776 0 477 726
4 466 767 2 776 0 0 767 1129 4 466 0
4 644 0 1 1129 4 644 0
4 644 0 1 1129 4 644 0
4 644 0 1 1129 4 644 0
4 644 0 1 1129 4 644 0
4 644 0 1 1129 4 644 0
4 644 0 1 1129 4 644 0
4 644 0 1 1129 4 644 0
2 504 607 2 1129 0 457 607 913 2 47 0
4 644 0 1 972 4 644 0
4 644 0 1 972 4 644 0
4 644 0 1 972 4 644 0
4 644 0 1 972 4 644 0
4 644 0 1 972 4 644 0
4 644 0 1 972 4 644 0
4 644 0 1 972 4 644 0
4 644 0 1 972 4 644 0
4 644 0 1 972 4 644 0
4 644 0 1 972 4 644 0
4 644 0 1 972 4 644 0
4 644 0 1 972 4 644 0
4 644 0 1 972 4 644 0
4 644 0 1 972 4 644 0
4 644 0 1 972 4 644 0
4 644 0 1 972 4 644 0
4 370 1180 2 972 0 252 1180 913 4 118 0
4 644 0 1 913 4 644 0
4 644 0 1 913 4 644 0
4 644 0 1 913 4 644 0
4 644 0 1 913 4 644 0
4 644 0 1 913 4 644 0
4 644 0 1 913 4 644 0
4 644 0 1 913 4 644 0
4 644 0 1 913 4 644 0
4 644 0 1 913 4 644 0
4 644 0 1 913 4 644 0
4 644 0 1 913 4 644 0
4 644 0 1 913 4 644 0
4 644 0 1 913 4 644 0
4 644 0 1 913 4 644 0
4 396 1068 2 913 0 369 1068 253 4 27 0
4 644 0 1 253 4 644 0
4 644 0 1 253 4 644 0
4 644 0 1 253 4 644 0
4 644 0 1 253 4 644 0
4 644 0 1 253 4 644 0
4 644 0 1 253 4 644 0
4 644 0 1 253 4 644 0
4 644 0 1 253 4 644 0
4 644 0 1 253 4 644 0
4 644 0 1 253 4 644 0
4 644 0 1 253 4 644 0
4 644 0 1 253 4 644 0
4 644 0 1 253 4 644 0
4 644 0 1 253 4 644 0
4 644 0 1 253 4 644 0
1 393 1086 2 253 0 23 1086 1069 1 370 0
4 644 0 1 1069 4 644 0
4 644 0 1 1069 4 644 0
4 644 0 1 1069 4 644 0
4 644 0 1 1069 4 644 0
4 644 0 1 1069 4 644 0
4 644 0 1 1069 4 644 0
4 644 0 1 1069 4 644 0
4 644 0 1 1069 4 644 0
4 644 0 1 1069 4 644 0
4 644 0 1 1069 4 644 0
4 644 0 1 1069 4 644 0
3 442 872 2 1069 0 349 872 954 3 93 0
4 644 0 1 954 4 644 0
4 644 0 1 954 4 644 0
4 644 0 1 954 4 644 0
4 644 0 1 954 4 644 0
4 644 0 1 954 4 644 0
4 644 0 1 954 4 644 0
4 644 0 1 954 4 644 0
4 644 0 1 954 4 644 0
4 644 0 1 954 4 644 0
4 644 0 1 954 4 644 0
4 644 0 1 954 4 644 0
4 644 0 1 954 4 644 0
4 644 0 1 954 4 644 0
4 644 0 1 954 4 644 0
4 644 0 1 954 4 644 0
4 644 0 1 954 4 644 0
0 370 1187 2 954 0 219 1187 42 0 151 0
4 644 0 1 42 4 644 0
4 644 0 1 42 4 644 0
4 644 0 1 42 4 644 0
-1
7 106
0 889 0 1 473 0 889 0
0 889 0 1 473 0 889 0
0 889 0 1 473 0 889 0
0 889 0 1 473 0 889 0
0 889 0 1 473 0 889 0
0 889 0 1 473 0 889 0
0 889 0 1 473 0 889 0
0 889 0 1 473 0 889 0
0 691 852 1 473 0 691 852
1 885 15 2 473 0 0 15 89 1 885 0
0 889 0 1 89 0 889 0
0 889 0 1 89 0 889 0
0 889 0 1 89 0 889 0
0 889 0 1 89 0 889 0
0 889 0 1 89 0 889 0
0 889 0 1 89 0 889 0
0 889 0 1 89 0 889 0
0 889 0 1 89 0 889 0
1 676 915 2 89 0 237 915 1081 1 439 0
0 889 0 1 1081 0 889 0
0 889 0 1 1081 0 889 0
0 889 0 1 1081 0 889 0
0 889 0 1 1081 0 889 0
0 889 0 1 1081 0 889 0
0 889 0 1 1081 0 889 0
0 889 0 1 1081 0 889 0
0 889 0 1 1081 0 889 0
0 889 0 1 1081 0 889 0
0 847 180 1 1081 0 847 180
0 691 852 2 1081 0 0 852 150 0 691 0
0 889 0 1 150 0 889 0
0 889 0 1 150 0 889 0
0 889 0 1 150 0 889 0
0 889 0 1 150 0 889 0
0 889 0 1 150 0 889 0
0 889 0 1 150 0 889 0
0 889 0 1 150 0 889 0
0 889 0 1 150 0 889 0
0 889 0 1 150 0 889 0
0 889 0 1 150 0 889 0
0 889 0 1 150 0 889 0
0 889 0 1 150 0 889 0
2 581 1322 2 150 0 539 1322 152 2 42 0
0 889 0 1 152 0 889 0
0 889 0 1 152 0 889 0
0 889 0 1 152 0 889 0
0 889 0 1 152 0 889 0
0 889 0 1 152 0 889 0
0 889 0 1 152 0 889 0
4 748 600 2 152 0 22 600 1135 4 726 0
0 889 0 1 1135 0 889 0
0 889 0 1 1135 0 889 0
0 889 0 1 1135 0 889 0
0 889 0 1 1135 0 889 0
0 889 0 1 1135 0 889 0
0 889 0 1 1135 0 889 0
0 889 0 1 1135 0 889 0
0 889 0 1 1135 0 889 0
0 889 0 1 1135 0 889 0
0 889 0 1 1135 0 889 0
0 889 0 1 1135 0 889 0
3 615 1174 2 1135 0 57 1174 119 3 558 0
0 889 0 1 119 0 889 0
0 889 0 1 119 0 889 0
0 889 0 1 119 0 889 0
0 889 0 1 119 0 889 0
0 889 0 1 119 0 889 0
0 889 0 1 119 0 889 0
0 889 0 1 119 0 889 0
0 889 0 1 119 0 889 0
0 889 0 1 119 0 889 0
0 889 0 1 119 0 889 0
0 889 0 1 119 0 889 0
0 889 0 1 119 0 889 0
0 889 0 1 119 0 889 0
0 889 0 1 119 0 889 0
0 552 1451 2 119 0 52 1451 466 0 500 0
0 889 0 1 466 0 889 0
0 889 0 1 466 0 889 0
0 889 0 1 466 0 889 0
0 889 0 1 466 0 889 0
0 889 0 1 466 0 889 0
0 889 0 1 466 0 889 0
0 889 0 1 466 0 889 0
0 855 146 1 466 0 855 146
3 726 696 2 466 0 0 696 267 3 726 0
0 889 0 1 267 0 889 0
0 889 0 1 267 0 889 0
0 889 0 1 267 0 889 0
0 889 0 1 267 0 889 0
0 889 0 1 267 0 889 0
0 889 0 1 267 0 889 0
0 889 0 1 267 0 889 0
0 889 0 1 267 0 889 0
0 675 921 2 267 0 448 921 718 0 227 0
0 889 0 1 718 0 889 0
0 889 0 1 718 0 889 0
0 889 0 1 718 0 889 0
0 889 0 1 718 0 889 0
0 889 0 1 718 0 889 0
0 889 0 1 718 0 889 0
0 889 0 1 718 0 889 0
0 889 0 1 718 0 889 0
0 889 0 1 718 0 889 0
2 665 961 2 718 0 421 961 269 2 244 0
0 889 0 1 269 0 889 0
-1
8 46
2 1090 0 1 1193 2 1090 0
2 1090 0 1 1193 2 1090 0
2 1090 0 1 1193 2 1090 0
2 1090 0 1 1193 2 1090 0
2 1090 0 1 1193 2 1090 0
0 1057 146 1 1193 0 1057 146
3 947 614 2 1193 0 0 614 436 3 947 0
2 1090 0 1 436 2 1090 0
2 1090 0 1 436 2 1090 0
2 1090 0 1 436 2 1090 0
1 974 501 2 436 0 283 501 26 1 691 0
2 1090 0 1 26 2 1090 0
2 1090 0 1 26 2 1090 0
2 1090 0 1 26 2 1090 0
2 1090 0 1 26 2 1090 0
2 1090 0 1 26 2 1090 0
2 1090 0 1 26 2 1090 0
2 1090 0 1 26 2 1090 0
0 861 990 2 26 0 574 990 607 0 287 0
2 1090 0 1 607 2 1090 0
2 1090 0 1 607 2 1090 0
2 1090 0 1 607 2 1090 0
2 1090 0 1 607 2 1090 0
2 1090 0 1 607 2 1090 0
2 1090 0 1 607 2 1090 0
2 1090 0 1 607 2 1090 0
4 869 948 2 607 0 601 948 507 4 268 0
2 1090 0 1 507 2 1090 0
2 1090 0 1 507 2 1090 0
2 1090 0 1 507 2 1090 0
2 1090 0 1 507 2 1090 0
2 1090 0 1 507 2 1090 0
2 1090 0 1 507 2 1090 0
2 1090 0 1 507 2 1090 0
1 864 975 2 507 0 859 975 475 1 5 0
2 1090 0 1 475 2 1090 0
2 1090 0 1 475 2 1090 0
2 1090 0 1 475 2 1090 0
2 1090 0 1 475 2 1090 0
2 1090 0 1 475 2 1090 0
2 1090 0 1 475 2 1090 0
0 921 731 1 475 0 921 731
4 1066 100 2 475 0 0 100 227 4 1066 0
2 1090 0 1 227 2 1090 0
2 1090 0 1 227 2 1090 0
2 1090 0 1 227 2 1090 0
-1
9 53
0 849 0 1 269 0 849 0
0 849 0 1 269 0 849 0
0 849 0 1 269 0 849 0
0 849 0 1 269 0 849 0
0 849 0 1 269 0 849 0
0 849 0 1 269 0 849 0
0 849 0 1 269 0 849 0
0 849 0 1 269 0 849 0
0 849 0 1 269 0 849 0
0 849 0 1 269 0 849 0
0 849 0 1 269 0 849 0
0 849 0 1 269 0 849 0
2 532 1361 2 269 0 37 1361 792 2 495 0
0 849 0 1 792 0 849 0
0 849 0 1 792 0 849 0
0 849 0 1 792 0 849 0
0 849 0 1 792 0 849 0
0 849 0 1 792 0 849 0
0 849 0 1 792 0 849 0
0 849 0 1 792 0 849 0
0 849 0 1 792 0 849 0
0 849 0 1 792 0 849 0
0 849 0 1 792 0 849 0
4 615 1000 2 792 0 13 1000 325 4 602 0
0 849 0 1 325 0 849 0
0 849 0 1 325 0 849 0
0 849 0 1 325 0 849 0
0 849 0 1 325 0 849 0
0 849 0 1 325 0 849 0
0 849 0 1 325 0 849 0
0 849 0 1 325 0 849 0
0 849 0 1 325 0 849 0
2 648 862 2 325 0 360 862 282 2 288 0
0 849 0 1 282 0 849 0
0 849 0 1 282 0 849 0
0 849 0 1 282 0 849 0
0 849 0 1 282 0 849 0
0 849 0 1 282 0 849 0
0 849 0 1 282 0 849 0
0 849 0 1 282 0 849 0
0 849 0 1 282 0 849 0
0 849 0 1 282 0 849 0
0 849 0 1 282 0 849 0
0 849 0 1 282 0 849 0
0 849 0 1 282 0 849 0
0 849 0 1 282 0 849 0
1 547 1298 2 282 0 355 1298 291 1 192 0
0 849 0 1 291 0 849 0
0 849 0 1 291 0 849 0
0 849 0 1 291 0 849 0
0 849 0 1 291 0 849 0
0 849 0 1 291 0 849 0
0 849 0 1 291 0 849 0
-1
10 96
4 1068 0 1 320 4 1068 0
4 1068 0 1 320 4 1068 0
4 1068 0 1 320 4 1068 0
4 1068 0 1 320 4 1068 0
4 1068 0 1 320 4 1068 0
4 1068 0 1 320 4 1068 0
4 1068 0 1 320 4 1068 0
4 1068 0 1 320 4 1068 0
4 1068 0 1 320 4 1068 0
0 816 1092 2 320 0 180 1092 24 0 636 0
4 1068 0 1 24 4 1068 0
4 1068 0 1 24 4 1068 0
4 1068 0 1 24 4 1068 0
4 1068 0 1 24 4 1068 0
4 1068 0 1 24 4 1068 0
4 1068 0 1 24 4 1068 0
1 865 879 2 24 0 843 879 494 1 22 0
4 1068 0 1 494 4 1068 0
4 1068 0 1 494 4 1068 0
4 1068 0 1 494 4 1068 0
4 1068 0 1 494 4 1068 0
2 778 1252 2 494 0 505 1252 929 2 273 0
4 1068 0 1 929 4 1068 0
4 1068 0 1 929 4 1068 0
4 1068 0 1 929 4 1068 0
4 1068 0 1 929 4 1068 0
4 1068 0 1 929 4 1068 0
4 1068 0 1 929 4 1068 0
4 1068 0 1 929 4 1068 0
3 866 871 2 929 0 60 871 558 3 806 0
4 1068 0 1 558 4 1068 0
4 1068 0 1 558 4 1068 0
4 1068 0 1 558 4 1068 0
4 1068 0 1 558 4 1068 0
4 1068 0 1 558 4 1068 0
4 1068 0 1 558 4 1068 0
4 1068 0 1 558 4 1068 0
4 1068 0 1 558 4 1068 0
0 820 1075 2 558 0 290 1075 886 0 530 0
4 1068 0 1 886 4 1068 0
4 1068 0 1 886 4 1068 0
4 1068 0 1 886 4 1068 0
4 1068 0 1 886 4 1068 0
2 944 537 2 886 0 15 537 1029 2 929 0
4 1068 0 1 1029 4 1068 0
4 1068 0 1 1029 4 1068 0
4 1068 0 1 1029 4 1068 0
4 1068 0 1 1029 4 1068 0
4 1068 0 1 1029 4 1068 0
4 1068 0 1 1029 4 1068 0
4 1068 0 1 1029 4 1068 0
4 1068 0 1 1029 4 1068 0
0 996 317 1 1029 0 996 317
3 871 850 2 1029 0 0 850 421 3 871 0
4 1068 0 1 421 4 1068 0
4 1068 0 1 421 4 1068 0
4 1068 0 1 421 4 1068 0
4 1068 0 1 421 4 1068 0
4 1068 0 1 421 4 1068 0
4 1068 0 1 421 4 1068 0
4 1068 0 1 421 4 1068 0
4 1068 0 1 421 4 1068 0
4 1068 0 1 421 4 1068 0
4 1068 0 1 421 4 1068 0
2 754 1355 2 421 0 601 1355 514 2 153 0
4 1068 0 1 514 4 1068 0
4 1068 0 1 514 4 1068 0
4 1068 0 1 514 4 1068 0
4 1068 0 1 514 4 1068 0
4 1068 0 1 514 4 1068 0
4 1068 0 1 514 4 1068 0
4 1068 0 1 514 4 1068 0
4 1068 0 1 514 4 1068 0
4 1068 0 1 514 4 1068 0
4 1068 0 1 514 4 1068 0
3 775 1263 2 514 0 492 1263 907 3 283 0
4 1068 0 1 907 4 1068 0
4 1068 0 1 907 4 1068 0
4 1068 0 1 907 4 1068 0
4 1068 0 1 907 4 1068 0
4 1068 0 1 907 4 1068 0
4 1068 0 1 907 4 1068 0
4 1068 0 1 907 4 1068 0
4 1068 0 1 907 4 1068 0
4 1068 0 1 907 4 1068 0
4 1068 0 1 907 4 1068 0
4 1068 0 1 907 4 1068 0
1 756 1348 2 907 0 54 1348 457 1 702 0
4 1068 0 1 457 4 1068 0
4 1068 0 1 457 4 1068 0
4 1068 0 1 457 4 1068 0
4 1068 0 1 457 4 1068 0
4 1068 0 1 457 4 1068 0
4 1068 0 1 457 4 1068 0
4 1068 0 1 457 4 1068 0
4 1068 0 1 457 4 1068 0
-1
11 68
4 1179 0 1 845 4 1179 0
4 1179 0 1 845 4 1179 0
4 1179 0 1 845 4 1179 0
0 1149 136 1 845 0 1149 136
2 1090 386 2 845 0 0 386 793 2 1090 0
4 1179 0 1 793 4 1179 0
4 1179 0 1 793 4 1179 0
4 1179 0 1 793 4 1179 0
1 1042 595 2 793 0 714 595 155 1 328 0
4 1179 0 1 155 4 1179 0
4 1179 0 1 155 4 1179 0
4 1179 0 1 155 4 1179 0
4 1179 0 1 155 4 1179 0
4 1179 0 1 155 4 1179 0
4 1179 0 1 155 4 1179 0
4 1179 0 1 155 4 1179 0
4 1179 0 1 155 4 1179 0
4 1179 0 1 155 4 1179 0
4 1179 0 1 155 4 1179 0
4 1179 0 1 155 4 1179 0
0 833 1496 2 155 0 122 1496 459 0 711 0
4 1179 0 1 459 4 1179 0
4 1179 0 1 459 4 1179 0
4 1179 0 1 459 4 1179 0
4 1179 0 1 459 4 1179 0
4 1179 0 1 459 4 1179 0
4 1179 0 1 459 4 1179 0
4 1179 0 1 459 4 1179 0
4 1179 0 1 459 4 1179 0
4 1179 0 1 459 4 1179 0
4 1179 0 1 459 4 1179 0
2 837 1476 2 459 0 743 1476 1190 2 94 0
4 1179 0 1 1190 4 1179 0
4 1179 0 1 1190 4 1179 0
4 1179 0 1 1190 4 1179 0
4 1179 0 1 1190 4 1179 0
1 1044 586 2 1190 0 446 586 529 1 598 0
4 1179 0 1 529 4 1179 0
4 1179 0 1 529 4 1179 0
4 1179 0 1 529 4 1179 0
4 1179 0 1 529 4 1179 0
4 1179 0 1 529 4 1179 0
3 996 789 2 529 0 587 789 93 3 409 0
4 1179 0 1 93 4 1179 0
4 1179 0 1 93 4 1179 0
4 1179 0 1 93 4 1179 0
4 1179 0 1 93 4 1179 0
4 1179 0 1 93 4 1179 0
4 1179 0 1 93 4 1179 0
2 983 847 2 93 0 113 847 344 2 870 0
4 1179 0 1 344 4 1179 0
4 1179 0 1 344 4 1179 0
4 1179 0 1 344 4 1179 0
0 1063 506 2 344 0 133 506 1036 0 930 0
4 1179 0 1 1036 4 1179 0
4 1179 0 1 1036 4 1179 0
4 1179 0 1 1036 4 1179 0
4 1179 0 1 1036 4 1179 0
4 1179 0 1 1036 4 1179 0
4 1179 0 1 1036 4 1179 0
4 1179 0 1 1036 4 1179 0
4 1179 0 1 1036 4 1179 0
4 1179 0 1 1036 4 1179 0
3 863 1362 2 1036 0 681 1362 1188 3 182 0
4 1179 0 1 1188 4 1179 0
4 1179 0 1 1188 4 1179 0
4 1179 0 1 1188 4 1179 0
4 1179 0 1 1188 4 1179 0
-1
12 69
4 1259 0 1 600 4 1259 0
4 1259 0 1 600 4 1259 0
4 1259 0 1 600 4 1259 0
4 1259 0 1 600 4 1259 0
0 1105 670 2 600 0 978 670 867 0 127 0
4 1259 0 1 867 4 1259 0
4 1259 0 1 867 4 1259 0
4 1259 0 1 867 4 1259 0
4 1259 0 1 867 4 1259 0
4 1259 0 1 867 4 1259 0
4 1259 0 1 867 4 1259 0
4 1259 0 1 867 4 1259 0
4 1259 0 1 867 4 1259 0
4 1259 0 1 867 4 1259 0
2 949 1338 2 867 0 548 1338 1030 2 401 0
4 1259 0 1 1030 4 1259 0
4 1259 0 1 1030 4 1259 0
4 1259 0 1 1030 4 1259 0
4 1259 0 1 1030 4 1259 0
4 1259 0 1 1030 4 1259 0
4 1259 0 1 1030 4 1259 0
4 1259 0 1 1030 4 1259 0
4 1259 0 1 1030 4 1259 0
4 1259 0 1 1030 4 1259 0
4 945 1352 2 1030 0 398 1352 562 4 547 0
4 1259 0 1 562 4 1259 0
4 1259 0 1 562 4 1259 0
4 1259 0 1 562 4 1259 0
4 1259 0 1 562 4 1259 0
4 1259 0 1 562 4 1259 0
4 1259 0 1 562 4 1259 0
0 1030 993 2 562 0 808 993 732 0 222 0
4 1259 0 1 732 4 1259 0
4 1259 0 1 732 4 1259 0
4 1259 0 1 732 4 1259 0
0 1182 338 1 732 0 1182 338
0 1205 239 2 732 0 0 239 817 0 1205 0
4 1259 0 1 817 4 1259 0
4 1259 0 1 817 4 1259 0
4 1259 0 1 817 4 1259 0
4 1259 0 1 817 4 1259 0
4 1259 0 1 817 4 1259 0
4 1259 0 1 817 4 1259 0
4 1259 0 1 817 4 1259 0
3 998 1125 2 817 0 79 1125 390 3 919 0
4 1259 0 1 390 4 1259 0
4 1259 0 1 390 4 1259 0
4 1259 0 1 390 4 1259 0
4 1115 620 2 390 0 869 620 652 4 246 0
4 1259 0 1 652 4 1259 0
4 1259 0 1 652 4 1259 0
4 1259 0 1 652 4 1259 0
4 1259 0 1 652 4 1259 0
2 1118 610 2 652 0 188 610 1052 2 930 0
4 1259 0 1 1052 4 1259 0
4 1259 0 1 1052 4 1259 0
4 1259 0 1 1052 4 1259 0
4 1124 581 2 1052 0 508 581 1185 4 616 0
4 1259 0 1 1185 4 1259 0
4 1259 0 1 1185 4 1259 0
4 1259 0 1 1185 4 1259 0
4 1259 0 1 1185 4 1259 0
4 1259 0 1 1185 4 1259 0
4 1259 0 1 1185 4 1259 0
4 1259 0 1 1185 4 1259 0
4 1259 0 1 1185 4 1259 0
4 1259 0 1 1185 4 1259 0
4 946 1347 2 1185 0 136 1347 195 4 810 0
4 1259 0 1 195 4 1259 0
-1
13 44
0 598 0 1 195 0 598 0
0 598 0 1 195 0 598 0
0 598 0 1 195 0 598 0
0 598 0 1 195 0 598 0
0 598 0 1 195 0 598 0
0 591 30 1 195 0 591 30
1 426 739 2 195 0 0 739 873 1 426 0
0 598 0 1 873 0 598 0
0 598 0 1 873 0 598 0
0 598 0 1 873 0 598 0
0 598 0 1 873 0 598 0
0 598 0 1 873 0 598 0
0 598 0 1 873 0 598 0
0 598 0 1 873 0 598 0
0 598 0 1 873 0 598 0
0 598 0 1 873 0 598 0
4 440 673 2 873 0 248 673 443 4 192 0
0 598 0 1 443 0 598 0
0 598 0 1 443 0 598 0
0 598 0 1 443 0 598 0
0 598 0 1 443 0 598 0
0 598 0 1 443 0 598 0
0 598 0 1 443 0 598 0
0 598 0 1 443 0 598 0
0 598 0 1 443 0 598 0
0 598 0 1 443 0 598 0
0 598 0 1 443 0 598 0
0 598 0 1 443 0 598 0
0 598 0 1 443 0 598 0
0 598 0 1 443 0 598 0
0 598 0 1 443 0 598 0
0 598 0 1 443 0 598 0
3 352 1054 2 443 0 320 1054 77 3 32 0
0 598 0 1 77 0 598 0
0 598 0 1 77 0 598 0
0 598 0 1 77 0 598 0
0 598 0 1 77 0 598 0
0 598 0 1 77 0 598 0
0 598 0 1 77 0 598 0
0 598 0 1 77 0 598 0
0 598 0 1 77 0 598 0
0 598 0 1 77 0 598 0
0 598 0 1 77 0 598 0
0 598 0 1 77 0 598 0
-1
14 79
1 1157 0 1 879 1 1157 0
1 1157 0 1 879 1 1157 0
1 1157 0 1 879 1 1157 0
1 1157 0 1 879 1 1157 0
1 1157 0 1 879 1 1157 0
1 1157 0 1 879 1 1157 0
1 1157 0 1 879 1 1157 0
0 929 983 2 879 0 741 983 722 0 188 0
1 1157 0 1 722 1 1157 0
1 1157 0 1 722 1 1157 0
1 1157 0 1 722 1 1157 0
1 1157 0 1 722 1 1157 0
1 1157 0 1 722 1 1157 0
1 1157 0 1 722 1 1157 0
3 959 849 2 722 0 505 849 429 3 454 0
1 1157 0 1 429 1 1157 0
1 1157 0 1 429 1 1157 0
1 1157 0 1 429 1 1157 0
1 1157 0 1 429 1 1157 0
1 1157 0 1 429 1 1157 0
1 1157 0 1 429 1 1157 0
1 1157 0 1 429 1 1157 0
1 1157 0 1 429 1 1157 0
0 953 880 1 429 0 953 880
3 1085 306 2 429 0 0 306 610 3 1085 0
1 1157 0 1 610 1 1157 0
1 1157 0 1 610 1 1157 0
1 1157 0 1 610 1 1157 0
1 1157 0 1 610 1 1157 0
1 1157 0 1 610 1 1157 0
3 954 870 2 610 0 952 870 154 3 2 0
1 1157 0 1 154 1 1157 0
1 1157 0 1 154 1 1157 0
1 1157 0 1 154 1 1157 0
1 1157 0 1 154 1 1157 0
1 1157 0 1 154 1 1157 0
1 1157 0 1 154 1 1157 0
0 1156 6 1 154 0 1156 6
1 949 895 2 154 0 0 895 262 1 949 0
1 1157 0 1 262 1 1157 0
1 1157 0 1 262 1 1157 0
1 1157 0 1 262 1 1157 0
1 1157 0 1 262 1 1157 0
1 1157 0 1 262 1 1157 0
0 976 781 2 262 0 289 781 614 0 687 0
1 1157 0 1 614 1 1157 0
1 1157 0 1 614 1 1157 0
1 1157 0 1 614 1 1157 0
1 1157 0 1 614 1 1157 0
1 1157 0 1 614 1 1157 0
1 1157 0 1 614 1 1157 0
1 1157 0 1 614 1 1157 0
1 1157 0 1 614 1 1157 0
1 1157 0 1 614 1 1157 0
1 861 1274 2 614 0 357 1274 434 1 504 0
1 1157 0 1 434 1 1157 0
1 1157 0 1 434 1 1157 0
1 1157 0 1 434 1 1157 0
1 1157 0 1 434 1 1157 0
1 1157 0 1 434 1 1157 0
1 980 762 2 434 0 563 762 168 1 417 0
1 1157 0 1 168 1 1157 0
1 1157 0 1 168 1 1157 0
1 1157 0 1 168 1 1157 0
1 1157 0 1 168 1 1157 0
1 1157 0 1 168 1 1157 0
1 1157 0 1 168 1 1157 0
1 1157 0 1 168 1 1157 0
1 1157 0 1 168 1 1157 0
1 1157 0 1 168 1 1157 0
0 859 1284 2 168 0 716 1284 305 0 143 0
1 1157 0 1 305 1 1157 0
1 1157 0 1 305 1 1157 0
1 1157 0 1 305 1 1157 0
1 1157 0 1 305 1 1157 0
1 1157 0 1 305 1 1157 0
1 1157 0 1 305 1 1157 0
1 1157 0 1 305 1 1157 0
1 1157 0 1 305 1 1157 0
-1
15 41
1 702 0 1 579 1 702 0
1 702 0 1 579 1 702 0
1 702 0 1 579 1 702 0
1 702 0 1 579 1 702 0
1 702 0 1 579 1 702 0
1 702 0 1 579 1 702 0
1 702 0 1 579 1 702 0
1 702 0 1 579 1 702 0
1 702 0 1 579 1 702 0
1 702 0 1 579 1 702 0
0 557 626 1 579 0 557 626
0 652 217 2 579 0 0 217 1037 0 652 0
1 702 0 1 1037 1 702 0
1 702 0 1 1037 1 702 0
1 702 0 1 1037 1 702 0
1 702 0 1 1037 1 702 0
0 392 1337 2 1037 0 299 1337 1117 0 93 0
1 702 0 1 1117 1 702 0
1 702 0 1 1117 1 702 0
1 702 0 1 1117 1 702 0
1 702 0 1 1117 1 702 0
1 702 0 1 1117 1 702 0
1 702 0 1 1117 1 702 0
1 702 0 1 1117 1 702 0
1 702 0 1 1117 1 702 0
1 702 0 1 1117 1 702 0
1 702 0 1 1117 1 702 0
1 702 0 1 1117 1 702 0
1 702 0 1 1117 1 702 0
1 702 0 1 1117 1 702 0
2 455 1062 2 1117 0 326 1062 676 2 129 0
1 702 0 1 676 1 702 0
1 702 0 1 676 1 702 0
1 702 0 1 676 1 702 0
1 702 0 1 676 1 702 0
1 702 0 1 676 1 702 0
1 702 0 1 676 1 702 0
1 702 0 1 676 1 702 0
1 702 0 1 676 1 702 0
1 702 0 1 676 1 702 0
1 702 0 1 676 1 702 0
-1
16 64
2 1161 0 1 457 2 1161 0
3 852 1329 2 457 0 447 1329 1140 3 405 0
2 1161 0 1 1140 2 1161 0
2 1161 0 1 1140 2 1161 0
2 1161 0 1 1140 2 1161 0
2 1161 0 1 1140 2 1161 0
2 1161 0 1 1140 2 1161 0
2 1161 0 1 1140 2 1161 0
2 1161 0 1 1140 2 1161 0
2 1161 0 1 1140 2 1161 0
2 1161 0 1 1140 2 1161 0
3 872 1243 2 1140 0 312 1243 858 3 560 0
2 1161 0 1 858 2 1161 0
2 1161 0 1 858 2 1161 0
2 1161 0 1 858 2 1161 0
2 1161 0 1 858 2 1161 0
4 1018 612 2 858 0 293 612 765 4 725 0
2 1161 0 1 765 2 1161 0
2 1161 0 1 765 2 1161 0
2 1161 0 1 765 2 1161 0
2 1161 0 1 765 2 1161 0
2 1161 0 1 765 2 1161 0
2 1161 0 1 765 2 1161 0
2 1161 0 1 765 2 1161 0
2 1161 0 1 765 2 1161 0
2 1161 0 1 765 2 1161 0
2 1161 0 1 765 2 1161 0
0 827 1442 2 765 0 619 1442 956 0 208 0
2 1161 0 1 956 2 1161 0
2 1161 0 1 956 2 1161 0
2 1161 0 1 956 2 1161 0
2 1161 0 1 956 2 1161 0
2 1161 0 1 956 2 1161 0
2 1161 0 1 956 2 1161 0
2 1161 0 1 956 2 1161 0
4 922 1026 2 956 0 885 1026 1138 4 37 0
2 1161 0 1 1138 2 1161 0
2 1161 0 1 1138 2 1161 0
2 1161 0 1 1138 2 1161 0
2 1161 0 1 1138 2 1161 0
2 1161 0 1 1138 2 1161 0
1 986 755 2 1138 0 939 755 395 1 47 0
2 1161 0 1 395 2 1161 0
2 1161 0 1 395 2 1161 0
2 1161 0 1 395 2 1161 0
2 1161 0 1 395 2 1161 0
2 1161 0 1 395 2 1161 0
2 1161 0 1 395 2 1161 0
2 1161 0 1 395 2 1161 0
2 1161 0 1 395 2 1161 0
2 1161 0 1 395 2 1161 0
2 1161 0 1 395 2 1161 0
0 868 1265 1 395 0 868 1265
2 1131 129 2 395 0 0 129 341 2 1131 0
2 1161 0 1 341 2 1161 0
2 1161 0 1 341 2 1161 0
2 1161 0 1 341 2 1161 0
2 1161 0 1 341 2 1161 0
2 1161 0 1 341 2 1161 0
2 1161 0 1 341 2 1161 0
2 1161 0 1 341 2 1161 0
0 1058 447 1 341 0 1058 447
0 999 701 2 341 0 0 701 339 0 999 0
2 1161 0 1 339 2 1161 0
-1
17 35
1 855 0 1 797 1 855 0
1 855 0 1 797 1 855 0
1 855 0 1 797 1 855 0
1 855 0 1 797 1 855 0
1 855 0 1 797 1 855 0
1 855 0 1 797 1 855 0
1 855 0 1 797 1 855 0
1 855 0 1 797 1 855 0
1 855 0 1 797 1 855 0
1 855 0 1 797 1 855 0
1 855 0 1 797 1 855 0
4 604 1075 2 797 0 101 1075 1194 4 503 0
1 855 0 1 1194 1 855 0
1 855 0 1 1194 1 855 0
1 855 0 1 1194 1 855 0
1 855 0 1 1194 1 855 0
1 855 0 1 1194 1 855 0
1 855 0 1 1194 1 855 0
1 855 0 1 1194 1 855 0
1 855 0 1 1194 1 855 0
3 661 832 2 1194 0 133 832 201 3 528 0
1 855 0 1 201 1 855 0
1 855 0 1 201 1 855 0
1 855 0 1 201 1 855 0
1 855 0 1 201 1 855 0
1 855 0 1 201 1 855 0
1 855 0 1 201 1 855 0
1 855 0 1 201 1 855 0
0 785 303 1 201 0 785 303
3 736 509 2 201 0 0 509 122 3 736 0
1 855 0 1 122 1 855 0
1 855 0 1 122 1 855 0
1 855 0 1 122 1 855 0
1 855 0 1 122 1 855 0
1 855 0 1 122 1 855 0
-1
18 64
3 1267 0 1 1163 3 1267 0
3 1267 0 1 1163 3 1267 0
3 1267 0 1 1163 3 1267 0
3 1267 0 1 1163 3 1267 0
3 1267 0 1 1163 3 1267 0
0 1081 806 2 1163 0 904 806 543 0 177 0
3 1267 0 1 543 3 1267 0
3 1267 0 1 543 3 1267 0
3 1267 0 1 543 3 1267 0
3 1267 0 1 543 3 1267 0
3 1267 0 1 543 3 1267 0
3 1267 0 1 543 3 1267 0
0 1221 204 1 543 0 1221 204
0 1083 798 2 543 0 0 798 306 0 1083 0
3 1267 0 1 306 3 1267 0
3 1267 0 1 306 3 1267 0
3 1267 0 1 306 3 1267 0
3 1267 0 1 306 3 1267 0
3 1267 0 1 306 3 1267 0
3 1267 0 1 306 3 1267 0
3 1267 0 1 306 3 1267 0
2 995 1173 2 306 0 584 1173 384 2 411 0
3 1267 0 1 384 3 1267 0
3 1267 0 1 384 3 1267 0
3 1267 0 1 384 3 1267 0
3 1267 0 1 384 3 1267 0
3 1267 0 1 384 3 1267 0
3 1074 831 2 384 0 716 831 1186 3 358 0
3 1267 0 1 1186 3 1267 0
3 1267 0 1 1186 3 1267 0
3 1267 0 1 1186 3 1267 0
3 1267 0 1 1186 3 1267 0
3 1267 0 1 1186 3 1267 0
3 1267 0 1 1186 3 1267 0
3 1267 0 1 1186 3 1267 0
3 1267 0 1 1186 3 1267 0
4 990 1191 2 1186 0 198 1191 854 4 792 0
3 1267 0 1 854 3 1267 0
3 1267 0 1 854 3 1267 0
3 1267 0 1 854 3 1267 0
4 1144 528 2 854 0 146 528 957 4 998 0
3 1267 0 1 957 3 1267 0
3 1267 0 1 957 3 1267 0
3 1267 0 1 957 3 1267 0
3 1267 0 1 957 3 1267 0
3 1267 0 1 957 3 1267 0
1 1056 912 2 957 0 856 912 12 1 200 0
3 1267 0 1 937 3 1267 0
3 1267 0 1 937 3 1267 0
3 1267 0 1 937 3 1267 0
3 1267 0 1 937 3 1267 0
1 1125 615 2 937 0 455 615 12 1 670 0
3 1267 0 1 12 3 1267 0
3 1267 0 1 12 3 1267 0
3 1267 0 1 12 3 1267 0
3 1267 0 1 12 3 1267 0
2 1106 695 2 12 0 303 695 279 2 803 0
3 1267 0 1 279 3 1267 0
3 1267 0 1 279 3 1267 0
3 1267 0 1 279 3 1267 0
3 1267 0 1 279 3 1267 0
3 1113 663 2 279 0 82 663 1105 3 1031 0
3 1267 0 1 1105 3 1267 0
3 1267 0 1 1105 3 1267 0
-1
19 96
3 631 0 1 158 3 631 0
3 631 0 1 158 3 631 0
3 631 0 1 158 3 631 0
3 631 0 1 158 3 631 0
3 631 0 1 158 3 631 0
3 631 0 1 158 3 631 0
3 631 0 1 158 3 631 0
3 631 0 1 158 3 631 0
1 500 567 2 158 0 31 567 549 1 469 0
3 631 0 1 549 3 631 0
3 631 0 1 549 3 631 0
3 631 0 1 549 3 631 0
3 631 0 1 549 3 631 0
3 631 0 1 549 3 631 0
3 631 0 1 549 3 631 0
3 631 0 1 549 3 631 0
3 631 0 1 549 3 631 0
3 631 0 1 549 3 631 0
3 631 0 1 549 3 631 0
3 631 0 1 549 3 631 0
3 631 0 1 549 3 631 0
3 631 0 1 549 3 631 0
3 631 0 1 549 3 631 0
3 631 0 1 549 3 631 0
3 631 0 1 549 3 631 0
3 631 0 1 549 3 631 0
3 631 0 1 549 3 631 0
1 323 1329 2 549 0 79 1329 771 1 244 0
3 631 0 1 771 3 631 0
3 631 0 1 771 3 631 0
3 631 0 1 771 3 631 0
3 631 0 1 771 3 631 0
3 631 0 1 771 3 631 0
3 631 0 1 771 3 631 0
3 631 0 1 771 3 631 0
3 631 0 1 771 3 631 0
3 631 0 1 771 3 631 0
3 631 0 1 771 3 631 0
3 631 0 1 771 3 631 0
3 444 805 2 771 0 26 805 489 3 418 0
3 631 0 1 489 3 631 0
3 631 0 1 489 3 631 0
3 631 0 1 489 3 631 0
3 631 0 1 489 3 631 0
3 631 0 1 489 3 631 0
3 631 0 1 489 3 631 0
3 631 0 1 489 3 631 0
3 631 0 1 489 3 631 0
3 631 0 1 489 3 631 0
3 631 0 1 489 3 631 0
3 631 0 1 489 3 631 0
3 631 0 1 489 3 631 0
3 631 0 1 489 3 631 0
3 631 0 1 489 3 631 0
3 631 0 1 489 3 631 0
3 631 0 1 489 3 631 0
0 370 1129 1 489 0 370 1129
3 611 86 2 489 0 0 86 270 3 611 0
3 631 0 1 270 3 631 0
3 631 0 1 270 3 631 0
3 631 0 1 270 3 631 0
3 631 0 1 270 3 631 0
3 631 0 1 270 3 631 0
3 631 0 1 270 3 631 0
3 631 0 1 270 3 631 0
3 631 0 1 270 3 631 0
3 631 0 1 270 3 631 0
3 631 0 1 270 3 631 0
3 631 0 1 270 3 631 0
3 631 0 1 270 3 631 0
0 472 690 1 270 0 472 690
0 568 276 2 270 0 0 276 39 0 568 0
3 631 0 1 39 3 631 0
3 631 0 1 39 3 631 0
3 631 0 1 39 3 631 0
3 631 0 1 39 3 631 0
3 631 0 1 39 3 631 0
3 631 0 1 39 3 631 0
3 631 0 1 39 3 631 0
3 631 0 1 39 3 631 0
3 631 0 1 39 3 631 0
3 631 0 1 39 3 631 0
3 631 0 1 39 3 631 0
3 631 0 1 39 3 631 0
4 414 932 2 39 0 212 932 416 4 202 0
3 631 0 1 416 3 631 0
3 631 0 1 416 3 631 0
3 631 0 1 416 3 631 0
3 631 0 1 416 3 631 0
3 631 0 1 416 3 631 0
3 631 0 1 416 3 631 0
3 631 0 1 416 3 631 0
3 631 0 1 416 3 631 0
3 631 0 1 416 3 631 0
3 631 0 1 416 3 631 0
3 631 0 1 416 3 631 0
-1
20 41
4 1135 0 1 339 4 1135 0
4 1135 0 1 339 4 1135 0
0 1012 537 1 339 0 1012 537
4 1089 198 2 339 0 0 198 1144 4 1089 0
4 1135 0 1 1144 4 1135 0
4 1135 0 1 1144 4 1135 0
4 1135 0 1 1144 4 1135 0
4 1135 0 1 1144 4 1135 0
4 1135 0 1 1144 4 1135 0
4 1135 0 1 1144 4 1135 0
4 1135 0 1 1144 4 1135 0
0 890 1062 2 1144 0 492 1062 591 0 398 0
4 1135 0 1 917 4 1135 0
4 1135 0 1 917 4 1135 0
4 1135 0 1 917 4 1135 0
4 1135 0 1 917 4 1135 0
4 1135 0 1 917 4 1135 0
4 1135 0 1 917 4 1135 0
4 1135 0 1 917 4 1135 0
4 1135 0 1 917 4 1135 0
4 1135 0 1 917 4 1135 0
4 1135 0 1 917 4 1135 0
3 824 1341 2 917 0 679 1341 591 3 145 0
4 1135 0 1 591 4 1135 0
4 1135 0 1 591 4 1135 0
4 1135 0 1 591 4 1135 0
4 1135 0 1 591 4 1135 0
4 1135 0 1 591 4 1135 0
4 1135 0 1 591 4 1135 0
4 1135 0 1 591 4 1135 0
4 1135 0 1 591 4 1135 0
4 1135 0 1 591 4 1135 0
4 848 1236 2 591 0 327 1236 1031 4 521 0
4 1135 0 1 1031 4 1135 0
4 1135 0 1 1031 4 1135 0
4 1135 0 1 1031 4 1135 0
4 1135 0 1 1031 4 1135 0
2 990 628 2 1031 0 571 628 431 2 419 0
4 1135 0 1 431 4 1135 0
4 1135 0 1 431 4 1135 0
4 1135 0 1 431 4 1135 0
-1
21 31
1 1086 0 1 122 1 1086 0
1 1086 0 1 122 1 1086 0
1 1086 0 1 122 1 1086 0
1 1086 0 1 122 1 1086 0
0 1009 333 1 122 0 1009 333
2 873 915 2 122 0 0 915 676 2 873 0
4 839 1058 2 676 0 783 1058 35 4 56 0
1 1086 0 1 35 1 1086 0
1 1086 0 1 35 1 1086 0
1 1086 0 1 35 1 1086 0
1 1086 0 1 35 1 1086 0
1 1086 0 1 35 1 1086 0
1 1086 0 1 35 1 1086 0
1 1086 0 1 35 1 1086 0
1 1086 0 1 35 1 1086 0
1 1086 0 1 35 1 1086 0
1 1086 0 1 35 1 1086 0
1 1086 0 1 35 1 1086 0
1 1086 0 1 35 1 1086 0
4 744 1467 2 35 0 99 1467 1049 4 645 0
1 1086 0 1 1049 1 1086 0
1 1086 0 1 1049 1 1086 0
1 1086 0 1 1049 1 1086 0
1 1086 0 1 1049 1 1086 0
1 1086 0 1 1049 1 1086 0
1 1086 0 1 1049 1 1086 0
1 1086 0 1 1049 1 1086 0
1 1086 0 1 1049 1 1086 0
1 1086 0 1 1049 1 1086 0
1 1086 0 1 1049 1 1086 0
4 773 1342 2 1049 0 559 1342 243 4 214 0
-1
22 52
4 1124 0 1 611 4 1124 0
4 1124 0 1 611 4 1124 0
4 1124 0 1 611 4 1124 0
4 1124 0 1 611 4 1124 0
4 1124 0 1 611 4 1124 0
4 1124 0 1 611 4 1124 0
2 938 805 2 611 0 477 805 626 2 461 0
4 1124 0 1 626 4 1124 0
4 1124 0 1 626 4 1124 0
4 1124 0 1 626 4 1124 0
4 1124 0 1 626 4 1124 0
4 1124 0 1 626 4 1124 0
4 1124 0 1 626 4 1124 0
4 1124 0 1 626 4 1124 0
2 901 964 2 626 0 317 964 772 2 584 0
4 1124 0 1 772 4 1124 0
4 1124 0 1 772 4 1124 0
4 1124 0 1 772 4 1124 0
4 1124 0 1 772 4 1124 0
4 1124 0 1 772 4 1124 0
0 958 722 2 772 0 272 722 787 0 686 0
4 1124 0 1 787 4 1124 0
4 1124 0 1 787 4 1124 0
4 1124 0 1 787 4 1124 0
4 1124 0 1 787 4 1124 0
4 1124 0 1 787 4 1124 0
4 1124 0 1 787 4 1124 0
0 928 851 2 787 0 205 851 4 0 723 0
4 1124 0 1 4 4 1124 0
4 1124 0 1 4 4 1124 0
4 1124 0 1 4 4 1124 0
4 1124 0 1 4 4 1124 0
4 1124 0 1 4 4 1124 0
4 1124 0 1 4 4 1124 0
4 1124 0 1 4 4 1124 0
0 902 963 2 4 0 48 963 891 0 854 0
4 1124 0 1 891 4 1124 0
4 1124 0 1 891 4 1124 0
4 1124 0 1 891 4 1124 0
4 1124 0 1 891 4 1124 0
4 1124 0 1 891 4 1124 0
4 1124 0 1 891 4 1124 0
0 924 868 2 891 0 190 868 203 0 734 0
4 1124 0 1 203 4 1124 0
4 1124 0 1 203 4 1124 0
4 1124 0 1 203 4 1124 0
4 1124 0 1 203 4 1124 0
4 1124 0 1 203 4 1124 0
4 1124 0 1 203 4 1124 0
4 1124 0 1 203 4 1124 0
4 1124 0 1 203 4 1124 0
0 871 1097 2 203 0 115 1097 227 0 756 0
-1
23 50
2 883 0 1 305 2 883 0
2 883 0 1 305 2 883 0
2 883 0 1 305 2 883 0
2 538 1485 2 305 0 145 1485 181 2 393 0
2 883 0 1 181 2 883 0
2 883 0 1 181 2 883 0
2 883 0 1 181 2 883 0
2 883 0 1 181 2 883 0
2 883 0 1 181 2 883 0
2 883 0 1 181 2 883 0
2 883 0 1 181 2 883 0
1 701 785 2 181 0 475 785 634 1 226 0
2 883 0 1 634 2 883 0
2 883 0 1 634 2 883 0
2 883 0 1 634 2 883 0
2 883 0 1 634 2 883 0
2 883 0 1 634 2 883 0
2 883 0 1 634 2 883 0
2 883 0 1 634 2 883 0
2 883 0 1 634 2 883 0
2 883 0 1 634 2 883 0
1 665 940 2 634 0 268 940 291 1 397 0
2 883 0 1 291 2 883 0
2 883 0 1 291 2 883 0
2 883 0 1 291 2 883 0
2 883 0 1 291 2 883 0
2 883 0 1 291 2 883 0
2 883 0 1 291 2 883 0
0 567 1364 2 291 0 432 1364 1044 0 135 0
2 883 0 1 1044 2 883 0
2 883 0 1 1044 2 883 0
2 883 0 1 1044 2 883 0
2 883 0 1 1044 2 883 0
2 883 0 1 1044 2 883 0
2 883 0 1 1044 2 883 0
2 883 0 1 1044 2 883 0
2 883 0 1 1044 2 883 0
2 883 0 1 1044 2 883 0
2 883 0 1 1044 2 883 0
2 883 0 1 1044 2 883 0
0 876 33 1 1044 0 876 33
0 614 1161 2 1044 0 0 1161 1039 0 614 0
2 883 0 1 1039 2 883 0
2 883 0 1 1039 2 883 0
2 883 0 1 1039 2 883 0
2 883 0 1 1039 2 883 0
2 883 0 1 1039 2 883 0
2 883 0 1 1039 2 883 0
2 883 0 1 1039 2 883 0
2 883 0 1 1039 2 883 0
-1
24 45
2 744 579 2 1105 0 367 579 472 2 377 0
3 878 0 1 472 3 878 0
3 878 0 1 472 3 878 0
3 878 0 1 472 3 878 0
3 878 0 1 472 3 878 0
3 878 0 1 472 3 878 0
3 878 0 1 472 3 878 0
3 878 0 1 472 3 878 0
3 878 0 1 472 3 878 0
3 878 0 1 472 3 878 0
3 878 0 1 472 3 878 0
3 878 0 1 472 3 878 0
3 878 0 1 472 3 878 0
2 591 1238 2 472 0 191 1238 1108 2 400 0
3 878 0 1 1108 3 878 0
3 878 0 1 1108 3 878 0
3 878 0 1 1108 3 878 0
3 878 0 1 1108 3 878 0
3 878 0 1 1108 3 878 0
3 878 0 1 1108 3 878 0
3 878 0 1 1108 3 878 0
3 878 0 1 1108 3 878 0
3 878 0 1 1108 3 878 0
0 705 750 1 1108 0 705 750
3 819 254 2 1108 0 0 254 743 3 819 0
3 878 0 1 743 3 878 0
3 878 0 1 743 3 878 0
3 878 0 1 743 3 878 0
3 878 0 1 743 3 878 0
3 878 0 1 743 3 878 0
3 878 0 1 743 3 878 0
3 878 0 1 743 3 878 0
3 878 0 1 743 3 878 0
3 878 0 1 743 3 878 0
3 878 0 1 743 3 878 0
3 878 0 1 743 3 878 0
0 701 767 1 743 0 701 767
0 768 479 2 743 0 0 479 738 0 768 0
3 878 0 1 738 3 878 0
3 878 0 1 738 3 878 0
3 878 0 1 738 3 878 0
3 878 0 1 738 3 878 0
3 878 0 1 738 3 878 0
3 878 0 1 738 3 878 0
3 878 0 1 738 3 878 0
-1
25 117
1 684 0 1 1089 1 684 0
1 684 0 1 1089 1 684 0
1 684 0 1 1089 1 684 0
1 684 0 1 1089 1 684 0
1 684 0 1 1089 1 684 0
1 684 0 1 1089 1 684 0
1 684 0 1 1089 1 684 0
1 684 0 1 1089 1 684 0
1 684 0 1 1089 1 684 0
1 684 0 1 1089 1 684 0
1 684 0 1 1089 1 684 0
1 684 0 1 1089 1 684 0
1 684 0 1 1089 1 684 0
1 684 0 1 1089 1 684 0
1 433 1081 2 1089 0 139 1081 378 1 294 0
1 684 0 1 378 1 684 0
1 684 0 1 378 1 684 0
1 684 0 1 378 1 684 0
1 684 0 1 378 1 684 0
1 684 0 1 378 1 684 0
1 684 0 1 378 1 684 0
1 684 0 1 378 1 684 0
1 684 0 1 378 1 684 0
1 684 0 1 378 1 684 0
1 684 0 1 378 1 684 0
1 684 0 1 378 1 684 0
1 684 0 1 378 1 684 0
1 684 0 1 378 1 684 0
1 684 0 1 378 1 684 0
1 684 0 1 378 1 684 0
0 563 523 1 378 0 563 523
4 517 714 2 378 0 0 714 769 4 517 0
1 684 0 1 769 1 684 0
1 684 0 1 769 1 684 0
1 684 0 1 769 1 684 0
1 684 0 1 769 1 684 0
1 684 0 1 769 1 684 0
1 684 0 1 769 1 684 0
1 684 0 1 769 1 684 0
1 684 0 1 769 1 684 0
1 684 0 1 769 1 684 0
1 684 0 1 769 1 684 0
1 684 0 1 769 1 684 0
4 464 942 2 769 0 422 942 128 4 42 0
1 684 0 1 128 1 684 0
1 684 0 1 128 1 684 0
1 684 0 1 128 1 684 0
1 684 0 1 128 1 684 0
1 684 0 1 128 1 684 0
1 684 0 1 128 1 684 0
1 684 0 1 128 1 684 0
1 684 0 1 128 1 684 0
1 684 0 1 128 1 684 0
3 522 694 2 128 0 35 694 574 3 487 0
1 684 0 1 574 1 684 0
1 684 0 1 574 1 684 0
1 684 0 1 574 1 684 0
1 684 0 1 574 1 684 0
1 684 0 1 574 1 684 0
1 684 0 1 574 1 684 0
1 684 0 1 574 1 684 0
2 541 614 2 574 0 241 614 357 2 300 0
1 684 0 1 357 1 684 0
1 684 0 1 357 1 684 0
1 684 0 1 357 1 684 0
1 684 0 1 357 1 684 0
1 684 0 1 357 1 684 0
1 684 0 1 357 1 684 0
1 684 0 1 357 1 684 0
1 684 0 1 357 1 684 0
1 684 0 1 357 1 684 0
1 684 0 1 357 1 684 0
1 684 0 1 357 1 684 0
1 684 0 1 357 1 684 0
0 478 889 1 357 0 478 889
4 657 111 2 357 0 0 111 192 4 657 0
1 684 0 1 192 1 684 0
1 684 0 1 192 1 684 0
1 684 0 1 192 1 684 0
1 684 0 1 192 1 684 0
1 684 0 1 192 1 684 0
1 684 0 1 192 1 684 0
1 684 0 1 192 1 684 0
2 540 618 2 192 0 106 618 1112 2 434 0
1 684 0 1 1112 1 684 0
1 684 0 1 1112 1 684 0
1 684 0 1 1112 1 684 0
1 684 0 1 1112 1 684 0
1 684 0 1 1112 1 684 0
1 684 0 1 1112 1 684 0
1 684 0 1 1112 1 684 0
1 684 0 1 1112 1 684 0
1 684 0 1 1112 1 684 0
1 684 0 1 1112 1 684 0
1 684 0 1 1112 1 684 0
1 684 0 1 1112 1 684 0
2 449 1010 2 1112 0 434 1010 243 2 15 0
1 684 0 1 243 1 684 0
1 684 0 1 243 1 684 0
1 684 0 1 243 1 684 0
1 684 0 1 243 1 684 0
1 684 0 1 243 1 684 0
1 684 0 1 243 1 684 0
1 684 0 1 243 1 684 0
0 525 686 2 243 0 57 686 490 0 468 0
1 684 0 1 490 1 684 0
1 684 0 1 490 1 684 0
1 684 0 1 490 1 684 0
1 684 0 1 490 1 684 0
1 684 0 1 490 1 684 0
1 684 0 1 490 1 684 0
1 684 0 1 490 1 684 0
1 684 0 1 490 1 684 0
1 684 0 1 490 1 684 0
1 684 0 1 490 1 684 0
1 684 0 1 490 1 684 0
1 684 0 1 490 1 684 0
-1
26 60
4 528 0 1 490 4 528 0
4 528 0 1 490 4 528 0
4 528 0 1 490 4 528 0
4 528 0 1 490 4 528 0
4 528 0 1 490 4 528 0
4 528 0 1 490 4 528 0
1 200 1417 2 490 0 188 1417 1067 1 12 0
4 528 0 1 1067 4 528 0
4 528 0 1 1067 4 528 0
4 528 0 1 1067 4 528 0
4 528 0 1 1067 4 528 0
4 528 0 1 1067 4 528 0
4 528 0 1 1067 4 528 0
4 528 0 1 1067 4 528 0
4 528 0 1 1067 4 528 0
4 528 0 1 1067 4 528 0
4 528 0 1 1067 4 528 0
1 387 612 2 1067 0 175 612 725 1 212 0
4 528 0 1 725 4 528 0
4 528 0 1 725 4 528 0
4 528 0 1 725 4 528 0
4 528 0 1 725 4 528 0
4 528 0 1 725 4 528 0
4 528 0 1 725 4 528 0
4 528 0 1 725 4 528 0
4 528 0 1 725 4 528 0
4 528 0 1 725 4 528 0
4 528 0 1 725 4 528 0
4 528 0 1 725 4 528 0
4 528 0 1 725 4 528 0
4 528 0 1 725 4 528 0
4 528 0 1 725 4 528 0
4 528 0 1 725 4 528 0
4 528 0 1 725 4 528 0
4 528 0 1 725 4 528 0
2 289 1032 2 725 0 31 1032 265 2 258 0
4 528 0 1 265 4 528 0
4 528 0 1 265 4 528 0
4 528 0 1 265 4 528 0
4 528 0 1 265 4 528 0
4 528 0 1 265 4 528 0
4 528 0 1 265 4 528 0
4 528 0 1 265 4 528 0
4 528 0 1 265 4 528 0
4 528 0 1 265 4 528 0
4 528 0 1 265 4 528 0
4 528 0 1 265 4 528 0
4 528 0 1 265 4 528 0
4 528 0 1 265 4 528 0
4 528 0 1 265 4 528 0
4 528 0 1 265 4 528 0
4 528 0 1 265 4 528 0
4 528 0 1 265 4 528 0
4 528 0 1 265 4 528 0
4 528 0 1 265 4 528 0
4 528 0 1 265 4 528 0
0 247 1217 2 265 0 53 1217 1145 0 194 0
4 528 0 1 1145 4 528 0
4 528 0 1 1145 4 528 0
4 528 0 1 1145 4 528 0
-1
27 51
1 1026 0 1 268 1 1026 0
1 1026 0 1 268 1 1026 0
1 1026 0 1 268 1 1026 0
1 1026 0 1 268 1 1026 0
1 1026 0 1 268 1 1026 0
1 1026 0 1 268 1 1026 0
1 1026 0 1 268 1 1026 0
1 1026 0 1 268 1 1026 0
1 1026 0 1 268 1 1026 0
1 1026 0 1 268 1 1026 0
1 1026 0 1 268 1 1026 0
1 1026 0 1 268 1 1026 0
4 692 1433 2 268 0 573 1433 84 4 119 0
1 1026 0 1 84 1 1026 0
1 1026 0 1 84 1 1026 0
1 1026 0 1 84 1 1026 0
1 1026 0 1 84 1 1026 0
4 904 520 2 84 0 449 520 1132 4 455 0
1 1026 0 1 1132 1 1026 0
1 1026 0 1 1132 1 1026 0
1 1026 0 1 1132 1 1026 0
1 1026 0 1 1132 1 1026 0
0 932 406 1 1132 0 932 406
2 978 205 2 1132 0 0 205 965 2 978 0
1 1026 0 1 965 1 1026 0
1 1026 0 1 965 1 1026 0
1 1026 0 1 965 1 1026 0
1 1026 0 1 965 1 1026 0
1 1026 0 1 965 1 1026 0
1 1026 0 1 965 1 1026 0
1 1026 0 1 965 1 1026 0
1 1026 0 1 965 1 1026 0
3 772 1090 2 965 0 614 1090 1188 3 158 0
0 862 708 2 1188 0 111 708 969 0 751 0
1 1026 0 1 969 1 1026 0
1 1026 0 1 969 1 1026 0
1 1026 0 1 969 1 1026 0
1 1026 0 1 969 1 1026 0
1 1026 0 1 969 1 1026 0
1 1026 0 1 969 1 1026 0
1 1026 0 1 969 1 1026 0
4 808 933 2 969 0 457 933 191 4 351 0
1 1026 0 1 191 1 1026 0
1 1026 0 1 191 1 1026 0
1 1026 0 1 191 1 1026 0
1 1026 0 1 191 1 1026 0
1 1026 0 1 191 1 1026 0
1 1026 0 1 191 1 1026 0
1 1026 0 1 191 1 1026 0
1 1026 0 1 191 1 1026 0
4 788 1019 2 191 0 600 1019 147 4 188 0
-1
28 66
2 750 0 1 174 2 750 0
2 750 0 1 174 2 750 0
2 750 0 1 174 2 750 0
2 750 0 1 174 2 750 0
2 750 0 1 174 2 750 0
2 750 0 1 174 2 750 0
2 750 0 1 174 2 750 0
2 750 0 1 174 2 750 0
2 750 0 1 174 2 750 0
2 750 0 1 174 2 750 0
2 750 0 1 174 2 750 0
0 534 934 2 174 0 134 934 312 0 400 0
2 750 0 1 312 2 750 0
2 750 0 1 312 2 750 0
2 750 0 1 312 2 750 0
2 750 0 1 312 2 750 0
2 750 0 1 312 2 750 0
2 750 0 1 312 2 750 0
2 750 0 1 312 2 750 0
2 750 0 1 312 2 750 0
2 750 0 1 312 2 750 0
0 212 1465 2 312 0 212 820 1104 0 0 645
2 750 0 1 1134 2 750 0
2 750 0 1 1134 2 750 0
2 750 0 1 1134 2 750 0
2 750 0 1 1134 2 750 0
2 750 0 1 1134 2 750 0
2 750 0 1 1134 2 750 0
2 750 0 1 1134 2 750 0
2 750 0 1 1134 2 750 0
2 750 0 1 1134 2 750 0
2 750 0 1 1134 2 750 0
2 750 0 1 1134 2 750 0
2 750 0 1 1134 2 750 0
2 750 0 1 1134 2 750 0
2 750 0 1 1134 2 750 0
2 750 0 1 1134 2 750 0
0 483 1153 1 1134 0 483 1153
0 715 154 2 1134 0 0 154 412 0 715 0
2 750 0 1 412 2 750 0
2 750 0 1 412 2 750 0
2 750 0 1 412 2 750 0
2 750 0 1 412 2 750 0
2 750 0 1 412 2 750 0
2 750 0 1 412 2 750 0
1 608 613 2 412 0 290 613 297 1 318 0
2 750 0 1 297 2 750 0
2 750 0 1 297 2 750 0
2 750 0 1 297 2 750 0
2 750 0 1 297 2 750 0
2 750 0 1 297 2 750 0
2 750 0 1 297 2 750 0
2 750 0 1 297 2 750 0
2 750 0 1 297 2 750 0
2 750 0 1 297 2 750 0
2 750 0 1 297 2 750 0
2 750 0 1 297 2 750 0
2 750 0 1 297 2 750 0
2 750 0 1 297 2 750 0
0 669 352 1 297 0 669 352
2 554 844 2 297 0 0 844 405 2 554 0
2 750 0 1 405 2 750 0
2 750 0 1 405 2 750 0
2 750 0 1 405 2 750 0
2 750 0 1 405 2 750 0
2 750 0 1 405 2 750 0
-1
29 27
1 824 0 1 869 1 824 0
1 824 0 1 869 1 824 0
1 824 0 1 869 1 824 0
1 824 0 1 869 1 824 0
1 824 0 1 869 1 824 0
1 824 0 1 869 1 824 0
1 824 0 1 869 1 824 0
1 824 0 1 869 1 824 0
1 824 0 1 869 1 824 0
1 824 0 1 869 1 824 0
1 824 0 1 869 1 824 0
2 582 1040 2 869 0 285 1040 700 2 297 0
1 824 0 1 700 1 824 0
1 824 0 1 700 1 824 0
1 824 0 1 700 1 824 0
1 824 0 1 700 1 824 0
1 824 0 1 700 1 824 0
1 824 0 1 700 1 824 0
1 824 0 1 700 1 824 0
1 824 0 1 700 1 824 0
1 642 784 2 700 0 157 784 43 1 485 0
1 824 0 1 43 1 824 0
1 824 0 1 43 1 824 0
1 824 0 1 43 1 824 0
1 824 0 1 43 1 824 0
1 824 0 1 43 1 824 0
1 824 0 1 43 1 824 0
-1
30 37
2 803 0 1 1101 2 803 0
2 803 0 1 1101 2 803 0
2 803 0 1 1101 2 803 0
2 803 0 1 1101 2 803 0
2 803 0 1 1101 2 803 0
2 803 0 1 1101 2 803 0
2 803 0 1 1101 2 803 0
2 803 0 1 1101 2 803 0
2 803 0 1 1101 2 803 0
0 624 774 1 1101 0 624 774
3 774 123 2 1101 0 0 123 147 3 774 0
2 803 0 1 147 2 803 0
2 803 0 1 147 2 803 0
2 803 0 1 147 2 803 0
2 803 0 1 147 2 803 0
2 803 0 1 147 2 803 0
2 803 0 1 147 2 803 0
2 803 0 1 147 2 803 0
2 803 0 1 147 2 803 0
2 803 0 1 147 2 803 0
2 803 0 1 147 2 803 0
0 601 873 1 147 0 601 873
2 731 310 2 147 0 0 310 572 2 731 0
2 803 0 1 572 2 803 0
2 803 0 1 572 2 803 0
2 803 0 1 572 2 803 0
2 803 0 1 572 2 803 0
2 803 0 1 572 2 803 0
2 803 0 1 572 2 803 0
2 803 0 1 572 2 803 0
2 803 0 1 572 2 803 0
2 803 0 1 572 2 803 0
2 803 0 1 572 2 803 0
2 803 0 1 572 2 803 0
1 545 1112 2 572 0 420 1112 151 1 125 0
2 803 0 1 151 2 803 0
2 803 0 1 151 2 803 0
-1
31 46
1 531 0 1 177 1 531 0
1 531 0 1 177 1 531 0
1 531 0 1 177 1 531 0
1 531 0 1 177 1 531 0
1 531 0 1 177 1 531 0
1 531 0 1 177 1 531 0
1 531 0 1 177 1 531 0
1 531 0 1 177 1 531 0
1 531 0 1 177 1 531 0
1 531 0 1 177 1 531 0
1 531 0 1 177 1 531 0
1 531 0 1 177 1 531 0
1 531 0 1 177 1 531 0
1 531 0 1 177 1 531 0
1 531 0 1 177 1 531 0
1 531 0 1 177 1 531 0
1 531 0 1 177 1 531 0
1 531 0 1 177 1 531 0
1 531 0 1 177 1 531 0
1 531 0 1 177 1 531 0
1 531 0 1 177 1 531 0
1 531 0 1 177 1 531 0
1 531 0 1 177 1 531 0
1 531 0 1 177 1 531 0
0 273 1113 1 177 0 273 1113
1 453 336 2 177 0 0 336 478 1 453 0
1 531 0 1 478 1 531 0
1 531 0 1 478 1 531 0
1 531 0 1 478 1 531 0
1 531 0 1 478 1 531 0
1 531 0 1 478 1 531 0
1 531 0 1 478 1 531 0
1 531 0 1 478 1 531 0
1 531 0 1 478 1 531 0
1 531 0 1 478 1 531 0
1 531 0 1 478 1 531 0
1 531 0 1 478 1 531 0
4 362 723 2 478 0 201 723 1039 4 161 0
1 531 0 1 1039 1 531 0
1 531 0 1 1039 1 531 0
1 531 0 1 1039 1 531 0
1 531 0 1 1039 1 531 0
1 531 0 1 1039 1 531 0
1 531 0 1 1039 1 531 0
1 221 1335 2 1039 0 79 1335 492 1 142 0
1 531 0 1 492 1 531 0
-1
32 36
0 818 0 1 1137 0 818 0
0 818 0 1 1137 0 818 0
0 818 0 1 1137 0 818 0
0 818 0 1 1137 0 818 0
0 818 0 1 1137 0 818 0
0 818 0 1 1137 0 818 0
0 818 0 1 1137 0 818 0
0 818 0 1 1137 0 818 0
0 818 0 1 1137 0 818 0
0 818 0 1 1137 0 818 0
3 595 955 2 1137 0 15 955 710 3 580 0
0 818 0 1 710 0 818 0
0 818 0 1 710 0 818 0
0 818 0 1 710 0 818 0
0 818 0 1 710 0 818 0
0 818 0 1 710 0 818 0
0 818 0 1 710 0 818 0
0 773 194 1 710 0 773 194
1 701 502 2 710 0 0 502 509 1 701 0
0 818 0 1 509 0 818 0
0 818 0 1 509 0 818 0
0 818 0 1 509 0 818 0
0 818 0 1 509 0 818 0
0 818 0 1 509 0 818 0
0 818 0 1 509 0 818 0
0 818 0 1 509 0 818 0
0 818 0 1 509 0 818 0
0 818 0 1 509 0 818 0
0 818 0 1 509 0 818 0
0 818 0 1 509 0 818 0
2 558 1116 2 509 0 344 1116 162 2 214 0
0 818 0 1 162 0 818 0
0 818 0 1 162 0 818 0
0 818 0 1 162 0 818 0
0 818 0 1 162 0 818 0
0 818 0 1 162 0 818 0
-1
33 44
2 743 0 1 405 2 743 0
2 743 0 1 405 2 743 0
2 743 0 1 405 2 743 0
2 743 0 1 405 2 743 0
2 743 0 1 405 2 743 0
0 515 985 2 405 0 72 985 712 0 443 0
2 743 0 1 712 2 743 0
2 743 0 1 712 2 743 0
2 743 0 1 712 2 743 0
2 743 0 1 712 2 743 0
2 743 0 1 712 2 743 0
2 743 0 1 712 2 743 0
2 743 0 1 712 2 743 0
2 743 0 1 712 2 743 0
2 743 0 1 712 2 743 0
2 743 0 1 712 2 743 0
2 743 0 1 712 2 743 0
0 713 132 1 712 0 713 132
0 533 907 2 712 0 0 907 44 0 533 0
2 743 0 1 44 2 743 0
2 743 0 1 44 2 743 0
2 743 0 1 44 2 743 0
2 743 0 1 44 2 743 0
2 743 0 1 44 2 743 0
2 743 0 1 44 2 743 0
2 743 0 1 44 2 743 0
2 743 0 1 44 2 743 0
4 574 724 2 44 0 23 724 847 4 551 0
2 743 0 1 847 2 743 0
2 743 0 1 847 2 743 0
2 743 0 1 847 2 743 0
2 743 0 1 847 2 743 0
2 743 0 1 847 2 743 0
2 743 0 1 847 2 743 0
2 743 0 1 847 2 743 0
4 590 655 2 847 0 125 655 653 4 465 0
2 743 0 1 653 2 743 0
2 743 0 1 653 2 743 0
2 743 0 1 653 2 743 0
2 743 0 1 653 2 743 0
2 743 0 1 653 2 743 0
2 743 0 1 653 2 743 0
2 743 0 1 653 2 743 0
2 743 0 1 653 2 743 0
-1
34 26
4 926 0 1 777 4 926 0
4 926 0 1 777 4 926 0
4 926 0 1 777 4 926 0
4 926 0 1 777 4 926 0
4 926 0 1 777 4 926 0
4 926 0 1 777 4 926 0
4 926 0 1 777 4 926 0
4 926 0 1 777 4 926 0
4 926 0 1 777 4 926 0
4 926 0 1 777 4 926 0
4 926 0 1 777 4 926 0
0 921 29 1 777 0 921 29
4 645 1210 2 777 0 0 1210 492 4 645 0
4 926 0 1 492 4 926 0
4 926 0 1 492 4 926 0
4 926 0 1 492 4 926 0
4 926 0 1 492 4 926 0
4 926 0 1 492 4 926 0
4 926 0 1 492 4 926 0
2 718 899 2 492 0 655 899 374 2 63 0
4 926 0 1 374 4 926 0
4 926 0 1 374 4 926 0
4 926 0 1 374 4 926 0
4 926 0 1 374 4 926 0
4 926 0 1 374 4 926 0
4 926 0 1 374 4 926 0
-1
35 34
0 665 0 1 162 0 665 0
0 637 121 1 162 0 637 121
1 527 593 2 162 0 0 593 935 1 527 0
0 665 0 1 935 0 665 0
0 665 0 1 935 0 665 0
0 665 0 1 935 0 665 0
0 665 0 1 935 0 665 0
0 665 0 1 935 0 665 0
0 665 0 1 935 0 665 0
0 665 0 1 935 0 665 0
0 665 0 1 935 0 665 0
0 665 0 1 935 0 665 0
0 665 0 1 935 0 665 0
0 665 0 1 935 0 665 0
0 665 0 1 935 0 665 0
0 665 0 1 935 0 665 0
0 665 0 1 935 0 665 0
0 665 0 1 935 0 665 0
0 665 0 1 935 0 665 0
0 665 0 1 935 0 665 0
0 665 0 1 935 0 665 0
2 339 1400 2 935 0 102 1400 1032 2 237 0
0 665 0 1 1032 0 665 0
0 665 0 1 1032 0 665 0
0 665 0 1 1032 0 665 0
0 665 0 1 1032 0 665 0
0 665 0 1 1032 0 665 0
0 665 0 1 1032 0 665 0
0 665 0 1 1032 0 665 0
0 665 0 1 1032 0 665 0
0 665 0 1 1032 0 665 0
0 665 0 1 1032 0 665 0
0 665 0 1 1032 0 665 0
0 665 0 1 1032 0 665 0
-1
36 40
3 1069 0 1 113 3 1069 0
3 1069 0 1 113 3 1069 0
3 1069 0 1 113 3 1069 0
3 1069 0 1 113 3 1069 0
2 947 527 2 113 0 455 527 485 2 492 0
3 1069 0 1 485 3 1069 0
3 1069 0 1 485 3 1069 0
3 1069 0 1 485 3 1069 0
3 1069 0 1 485 3 1069 0
3 1069 0 1 485 3 1069 0
3 1069 0 1 485 3 1069 0
3 1069 0 1 485 3 1069 0
3 1069 0 1 485 3 1069 0
0 832 1026 2 485 0 164 1026 633 0 668 0
3 1069 0 1 633 3 1069 0
3 1069 0 1 633 3 1069 0
3 1069 0 1 633 3 1069 0
3 1069 0 1 633 3 1069 0
0 1002 294 1 633 0 1002 294
2 984 368 2 633 0 0 368 503 2 984 0
3 1069 0 1 503 3 1069 0
3 1069 0 1 503 3 1069 0
3 1069 0 1 503 3 1069 0
3 1069 0 1 503 3 1069 0
3 1069 0 1 503 3 1069 0
3 1069 0 1 503 3 1069 0
3 1069 0 1 503 3 1069 0
1 849 951 2 503 0 69 951 740 1 780 0
3 1069 0 1 942 3 1069 0
3 1069 0 1 942 3 1069 0
3 1069 0 1 942 3 1069 0
3 1069 0 1 942 3 1069 0
3 1069 0 1 942 3 1069 0
3 1069 0 1 942 3 1069 0
3 1069 0 1 942 3 1069 0
3 1069 0 1 942 3 1069 0
3 1069 0 1 942 3 1069 0
3 1069 0 1 942 3 1069 0
3 1069 0 1 942 3 1069 0
3 1069 0 1 942 3 1069 0
-1
37 33
0 1094 0 1 1145 0 1094 0
0 1094 0 1 1145 0 1094 0
0 1094 0 1 1145 0 1094 0
0 1094 0 1 1145 0 1094 0
0 1094 0 1 1145 0 1094 0
0 1094 0 1 1145 0 1094 0
0 1094 0 1 1145 0 1094 0
4 823 1160 2 1145 0 460 1160 151 4 363 0
0 1094 0 1 151 0 1094 0
0 1094 0 1 151 0 1094 0
0 1094 0 1 151 0 1094 0
0 1094 0 1 151 0 1094 0
0 1094 0 1 151 0 1094 0
0 1094 0 1 151 0 1094 0
0 1094 0 1 151 0 1094 0
0 1094 0 1 151 0 1094 0
2 773 1379 2 151 0 751 1379 349 2 22 0
0 1094 0 1 349 0 1094 0
0 1094 0 1 349 0 1094 0
0 1094 0 1 349 0 1094 0
0 1094 0 1 349 0 1094 0
0 1094 0 1 349 0 1094 0
4 938 665 2 349 0 491 665 945 4 447 0
0 1094 0 1 945 0 1094 0
0 1094 0 1 945 0 1094 0
0 1094 0 1 945 0 1094 0
0 1094 0 1 945 0 1094 0
0 1094 0 1 945 0 1094 0
0 1094 0 1 945 0 1094 0
0 1094 0 1 945 0 1094 0
1 872 954 2 945 0 477 954 583 1 395 0
0 1094 0 1 583 0 1094 0
0 1094 0 1 583 0 1094 0
-1
38 33
3 1049 0 1 881 3 1049 0
3 1049 0 1 881 3 1049 0
3 1049 0 1 881 3 1049 0
3 1049 0 1 881 3 1049 0
1 923 546 2 881 0 706 546 1149 1 217 0
3 1049 0 1 1149 3 1049 0
3 1049 0 1 1149 3 1049 0
3 1049 0 1 1149 3 1049 0
3 1049 0 1 1149 3 1049 0
3 1049 0 1 1149 3 1049 0
3 1049 0 1 1149 3 1049 0
3 1049 0 1 1149 3 1049 0
3 1049 0 1 1149 3 1049 0
3 1049 0 1 1149 3 1049 0
3 1049 0 1 1149 3 1049 0
3 1049 0 1 1149 3 1049 0
3 1049 0 1 1149 3 1049 0
1 709 1467 2 1149 0 361 1467 837 1 348 0
3 1049 0 1 837 3 1049 0
3 1049 0 1 837 3 1049 0
3 1049 0 1 837 3 1049 0
3 1049 0 1 837 3 1049 0
3 1049 0 1 837 3 1049 0
3 1049 0 1 837 3 1049 0
3 1049 0 1 837 3 1049 0
3 1049 0 1 837 3 1049 0
3 1049 0 1 837 3 1049 0
3 1049 0 1 837 3 1049 0
3 1049 0 1 837 3 1049 0
3 1049 0 1 837 3 1049 0
2 709 1466 2 837 0 54 1466 583 2 655 0
3 1049 0 1 583 3 1049 0
3 1049 0 1 583 3 1049 0
-1
39 23
4 946 0 1 1032 4 946 0
4 691 1098 2 1032 0 48 1098 653 4 643 0
4 744 870 2 653 0 9 870 738 4 735 0
4 946 0 1 738 4 946 0
0 881 287 1 738 0 881 287
3 745 867 2 738 0 0 867 476 3 745 0
4 946 0 1 476 4 946 0
4 946 0 1 476 4 946 0
4 946 0 1 476 4 946 0
4 946 0 1 476 4 946 0
4 946 0 1 476 4 946 0
4 946 0 1 476 4 946 0
4 946 0 1 476 4 946 0
0 900 205 1 476 0 900 205
0 781 717 2 476 0 0 717 773 0 781 0
4 946 0 1 773 4 946 0
4 946 0 1 773 4 946 0
4 946 0 1 773 4 946 0
4 946 0 1 773 4 946 0
4 946 0 1 773 4 946 0
4 946 0 1 773 4 946 0
4 946 0 1 773 4 946 0
4 946 0 1 773 4 946 0
-1
40 26
2 532 0 1 583 2 532 0
2 532 0 1 583 2 532 0
2 532 0 1 583 2 532 0
2 532 0 1 583 2 532 0
2 532 0 1 583 2 532 0
2 532 0 1 583 2 532 0
2 532 0 1 583 2 532 0
2 532 0 1 583 2 532 0
2 532 0 1 583 2 532 0
2 532 0 1 583 2 532 0
0 480 227 1 583 0 480 227
0 242 1252 2 583 0 0 1252 565 0 242 0
2 532 0 1 565 2 532 0
2 532 0 1 565 2 532 0
2 532 0 1 565 2 532 0
2 532 0 1 565 2 532 0
2 532 0 1 565 2 532 0
2 532 0 1 565 2 532 0
2 532 0 1 565 2 532 0
2 532 0 1 565 2 532 0
2 532 0 1 565 2 532 0
2 532 0 1 565 2 532 0
2 532 0 1 565 2 532 0
2 532 0 1 565 2 532 0
2 532 0 1 565 2 532 0
2 532 0 1 565 2 532 0
-1
