1 0
-1
2 73
3491 1 0 1 195 3491 1 0
3491 1 0 1 195 3491 1 0
72 1100 898 2 195 0 1098 898 199 72 2 0
3491 1 0 1 199 3491 1 0
2163 488 0 1 199 2163 488 0
3161 3 691 2 199 0 2 691 114 3161 1 0
3491 1 0 1 114 3491 1 0
112 1240 0 1 114 112 1240 0
3065 4 890 2 114 0 4 890 198 3065 0 0
3412 30 0 1 198 3412 30 0
3154 0 723 2 198 0 0 723 112 3154 0 0
3491 1 0 1 162 3491 1 0
3491 1 0 1 162 3491 1 0
2804 117 789 2 162 0 117 789 112 2804 0 0
251 1189 0 1 112 251 1189 0
3105 1 822 2 112 0 0 822 148 3105 1 0
1593 697 0 1 148 1593 697 0
3201 4 600 2 148 0 4 600 186 3201 0 0
3491 1 0 1 186 3491 1 0
933 939 0 1 186 933 939 0
3033 5 952 2 186 0 3 952 196 3033 2 0
3491 1 0 1 196 3491 1 0
1151 859 0 1 196 1151 859 0
3037 4 949 2 196 0 4 949 166 3037 0 0
3491 1 0 1 179 3491 1 0
93 1247 0 1 179 93 1247 0
858 874 537 2 179 0 1 537 166 858 873 0
3234 4 530 2 166 0 2 530 180 3234 2 0
311 1167 0 1 180 311 1167 0
3242 2 524 2 180 0 2 524 159 3242 0 0
3491 1 0 1 159 3491 1 0
1922 439 797 2 159 0 439 797 122 1922 0 0
3491 1 0 1 122 3491 1 0
2899 218 0 1 122 2899 218 0
3043 2 948 2 122 0 1 948 197 3043 1 0
2291 441 0 1 197 2291 441 0
3184 3 642 2 197 0 2 642 107 3184 1 0
1631 683 0 1 107 1631 683 0
3204 1 611 2 107 0 0 611 110 3204 1 0
832 976 0 1 110 832 976 0
3232 0 557 2 110 0 0 557 142 3232 0 0
3491 1 0 1 142 3491 1 0
1995 413 793 2 142 0 413 793 169 1995 0 0
3491 1 0 1 169 3491 1 0
199 1208 0 1 169 199 1208 0
3134 0 766 2 169 0 0 766 104 3134 0 0
3491 1 0 1 104 3491 1 0
0 1204 447 1 104 0 1204 447
3295 0 423 2 104 0 0 423 105 3295 0 0
589 1065 0 1 105 589 1065 0
3230 2 550 2 105 0 1 550 133 3230 1 0
1473 741 0 1 133 1473 741 0
3207 1 605 2 133 0 0 605 189 3207 1 0
3491 1 0 1 189 3491 1 0
273 1033 859 2 189 0 1031 859 188 273 2 0
3491 1 0 1 192 3491 1 0
3491 1 0 1 192 3491 1 0
1028 756 860 2 192 0 756 860 188 1028 0 0
3491 1 0 1 188 3491 1 0
169 1219 0 1 188 169 1219 0
3171 0 687 2 188 0 0 687 132 3171 0 0
3491 1 0 1 132 3491 1 0
1609 691 0 1 132 1609 691 0
3023 1 996 2 132 0 1 996 120 3023 0 0
3491 1 0 1 120 3491 1 0
0 1144 796 1 120 0 1144 796
3468 0 55 2 120 0 0 55 167 3468 0 0
3352 52 0 1 167 3352 52 0
3124 4 764 2 167 0 4 764 155 3124 0 0
3491 1 0 1 155 3491 1 0
347 1008 847 2 155 0 1007 847 149 347 1 0
3491 1 0 1 149 3491 1 0
933 939 0 1 149 933 939 0
-1
3 0
-1
4 36
2335 1101 0 1 140 2335 1101 0
4981 4 736 2 140 0 4 736 121 4981 0 0
4886 69 561 2 121 0 68 561 151 4886 1 0
802 1663 0 1 151 802 1663 0
4951 1 817 2 151 0 1 817 117 4951 0 0
5335 1 0 1 115 5335 1 0
2676 976 0 1 115 2676 976 0
0 1496 1715 2 115 0 3 999 117 0 1493 716
5335 1 0 1 123 5335 1 0
2324 1105 0 1 123 2324 1105 0
4872 3 974 2 123 0 1 974 200 4872 2 0
3046 733 623 2 200 0 733 623 156 3046 0 0
584 1743 0 1 156 584 1743 0
5052 2 597 2 156 0 0 597 108 5052 2 0
1334 1468 0 1 108 1334 1468 0
4925 1 873 2 108 0 1 873 101 4925 0 0
3360 619 616 2 101 0 619 616 165 3360 0 0
2384 1083 0 1 165 2384 1083 0
4965 6 759 2 165 0 4 759 103 4965 2 0
2946 877 0 1 103 2946 877 0
4868 4 977 2 103 0 3 977 141 4868 1 0
2504 1039 0 1 141 2504 1039 0
4885 5 935 2 141 0 3 935 127 4885 2 0
5152 68 0 1 181 5152 68 0
0 918 1225 2 181 0 0 580 127 0 918 645
5335 1 0 1 152 5335 1 0
0 1828 750 1 152 0 1828 750
5316 0 46 2 152 0 0 46 178 5316 0 0
399 1677 777 2 178 0 1677 777 176 399 0 0
5335 1 0 1 176 5335 1 0
4819 79 646 2 176 0 79 646 118 4819 0 0
2318 996 646 2 118 0 995 646 193 2318 1 0
5335 1 0 1 193 5335 1 0
3251 607 918 2 193 0 607 918 160 3251 0 0
4353 361 0 1 160 4353 361 0
4922 0 885 2 160 0 0 885 171 4922 0 0
-1
5 57
4704 295 804 2 81 0 4 804 45 4704 291 0
5620 2 555 2 45 0 0 555 58 5620 2 0
928 1818 0 1 58 928 1818 0
5444 2 930 2 58 0 2 930 23 5444 0 0
1449 1627 0 1 23 1449 1627 0
5433 3 947 2 23 0 3 947 88 5433 0 0
5244 129 618 2 88 0 129 618 82 5244 0 0
176 1956 800 2 82 0 1956 800 39 176 0 0
3988 696 0 1 39 3988 696 0
5627 2 540 2 39 0 0 540 37 5627 2 0
5078 185 646 2 37 0 185 646 19 5078 0 0
1490 1612 0 1 19 1490 1612 0
5451 3 909 2 19 0 1 909 49 5451 2 0
2722 1036 721 2 49 0 1036 721 18 2722 0 0
3066 1034 0 1 18 3066 1034 0
5530 0 758 2 18 0 0 758 8 5530 0 0
0 2021 797 1 8 0 2021 797
5861 2 42 2 8 0 0 42 95 5861 2 0
0 2030 745 1 95 0 2030 745
5824 0 132 2 95 0 0 132 44 5824 0 0
4354 442 696 2 44 0 440 696 55 4354 2 0
17 2152 0 1 55 17 2152 0
5543 1 725 2 55 0 0 725 42 5543 1 0
5494 37 620 2 42 0 36 620 9 5494 1 0
988 1796 0 1 9 988 1796 0
5446 3 920 2 9 0 1 920 36 5446 2 0
39 2144 0 1 36 39 2144 0
5485 1 848 2 36 0 1 848 77 5485 0 0
5758 47 0 1 26 5758 47 0
366 1913 645 2 26 0 0 645 77 366 1913 0
5470 4 863 2 77 0 3 863 31 5470 1 0
1893 1334 756 2 31 0 1333 756 11 1893 1 0
789 1869 0 1 11 789 1869 0
5103 200 506 2 11 0 2 506 61 5103 198 0
5604 2 589 2 61 0 0 589 47 5604 2 0
3662 695 700 2 47 0 694 700 93 3662 1 0
1607 1569 0 1 93 1607 1569 0
4073 534 760 2 93 0 1 760 57 4073 533 0
5640 2 512 2 57 0 2 512 27 5640 0 0
969 1803 0 1 27 969 1803 0
5087 132 935 2 27 0 3 935 97 5087 129 0
5603 4 580 2 97 0 4 580 70 5603 0 0
5402 69 630 2 70 0 67 630 7 5402 2 0
1663 1418 758 2 7 0 1418 758 79 1663 0 0
2117 1382 0 1 79 2117 1382 0
5603 5 574 2 79 0 4 574 53 5603 1 0
0 2037 704 1 53 0 2037 704
5818 0 145 2 53 0 0 145 13 5818 0 0
4818 275 677 2 13 0 275 677 22 4818 0 0
3009 1055 0 1 22 3009 1055 0
5420 1 987 2 22 0 1 987 72 5420 0 0
1776 1507 0 1 72 1776 1507 0
5432 0 967 2 72 0 0 967 87 5432 0 0
113 1975 823 2 87 0 1975 823 78 113 0 0
5690 72 0 1 78 5690 72 0
5574 2 653 2 78 0 2 653 21 5574 0 0
1201 1581 795 2 21 0 1581 795 80 1201 0 0
-1
6 29
3848 6 908 2 171 0 4 908 134 3848 2 0
3639 239 0 1 134 3639 239 0
3879 3 859 2 134 0 3 859 119 3879 0 0
1220 1126 0 1 119 1220 1126 0
3952 5 692 2 119 0 3 692 124 3952 2 0
1258 1112 0 1 124 1258 1112 0
3947 5 703 2 124 0 3 703 190 3947 2 0
1779 921 0 1 190 1779 921 0
3938 2 739 2 190 0 2 739 194 3938 0 0
4288 1 0 1 194 4288 1 0
3564 107 926 2 194 0 107 926 163 3564 0 0
4288 1 0 1 163 4288 1 0
1268 940 977 2 163 0 940 977 153 1268 0 0
4288 1 0 1 153 4288 1 0
2878 518 0 1 153 2878 518 0
3818 2 995 2 153 0 2 995 170 3818 0 0
2728 573 0 1 170 2728 573 0
3919 0 791 2 170 0 0 791 191 3919 0 0
759 1295 0 1 191 759 1295 0
3968 4 664 2 191 0 3 664 138 3968 1 0
2458 672 0 1 138 2458 672 0
3912 3 789 2 138 0 2 789 161 3912 1 0
2976 482 0 1 161 2976 482 0
3906 0 819 2 161 0 0 819 173 3906 0 0
4288 1 0 1 102 4288 1 0
4288 1 0 1 102 4288 1 0
0 998 1498 2 102 0 368 994 173 0 630 504
4288 1 0 1 143 4288 1 0
4288 1 0 1 143 4288 1 0
-1
7 36
3255 87 797 2 80 0 86 797 64 3255 1 0
1431 893 0 1 64 1431 893 0
3570 2 620 2 64 0 0 620 12 3570 2 0
1412 900 0 1 12 1412 900 0
3554 2 654 2 12 0 2 654 91 3554 0 0
2533 489 0 1 91 2533 489 0
3515 3 731 2 91 0 3 731 67 3515 0 0
3253 225 0 1 67 3253 225 0
3496 2 777 2 67 0 0 777 30 3496 2 0
182 1351 0 1 30 182 1351 0
3604 0 559 2 30 0 0 559 51 3604 0 0
3861 2 0 1 51 3861 2 0
0 1416 10 1 51 0 1416 10
3405 1 977 2 51 0 0 977 25 3405 1 0
3861 2 0 1 25 3861 2 0
1550 697 885 2 25 0 696 885 83 1550 1 0
3861 2 0 1 83 3861 2 0
1844 626 671 2 83 0 625 671 74 1844 1 0
3133 269 0 1 74 3133 269 0
3590 1 583 2 74 0 0 583 98 3590 1 0
149 1363 0 1 98 149 1363 0
3600 0 567 2 98 0 0 567 76 3600 0 0
2350 556 0 1 76 2350 556 0
3524 1 723 2 76 0 1 723 3 3524 0 0
3861 2 0 1 3 3861 2 0
0 1298 695 1 3 0 1298 695
3737 1 270 2 3 0 0 270 35 3737 1 0
3861 2 0 1 35 3861 2 0
1730 626 914 2 35 0 625 914 63 1730 1 0
3861 2 0 1 63 3861 2 0
223 1336 0 1 63 223 1336 0
3485 3 795 2 63 0 2 795 60 3485 1 0
1720 787 0 1 60 1720 787 0
3551 1 666 2 60 0 1 666 34 3551 0 0
3861 2 0 1 34 3861 2 0
642 1021 937 2 34 0 1019 937 48 642 2 0
-1
8 25
5267 147 0 1 111 5267 147 0
5215 1 959 2 111 0 0 959 113 5215 1 0
2908 895 679 2 113 0 895 679 135 2908 0 0
2409 1195 0 1 135 2409 1195 0
5317 4 724 2 135 0 4 724 183 5317 0 0
5668 0 0 1 131 5668 0 0
133 1885 839 2 131 0 1883 839 183 133 2 0
715 1816 0 1 183 715 1816 0
5246 2 887 2 183 0 0 887 177 5246 2 0
1435 1552 0 1 177 1435 1552 0
5238 0 915 2 177 0 0 915 172 5238 0 0
1435 1552 0 1 172 1435 1552 0
5236 1 914 2 172 0 1 914 150 5236 0 0
2117 1302 0 1 150 2117 1302 0
5208 3 962 2 150 0 3 962 174 5208 0 0
1168 1650 0 1 174 1168 1650 0
5129 44 892 2 174 0 2 892 157 5129 42 0
4667 268 575 2 157 0 4 575 116 4667 264 0
5408 1 548 2 116 0 1 548 106 5408 0 0
3832 559 663 2 106 0 559 663 125 3832 0 0
2155 1192 558 2 125 0 1190 558 139 2155 2 0
3328 858 0 1 139 3328 858 0
5326 4 705 2 139 0 2 705 136 5326 2 0
1835 1279 734 2 136 0 1278 734 158 1835 1 0
5016 239 0 1 158 5016 239 0
-1
9 28
1792 924 0 1 48 1792 924 0
3924 4 803 2 48 0 4 803 65 3924 0 0
102 1441 596 2 65 0 1440 596 16 102 1 0
4312 0 0 1 16 4312 0 0
293 1363 642 2 16 0 1363 642 10 293 0 0
4312 0 0 1 10 4312 0 0
1781 928 0 1 10 1781 928 0
3922 3 813 2 10 0 3 813 40 3922 0 0
3900 151 0 1 40 3900 151 0
3893 1 886 2 40 0 1 886 4 3893 0 0
340 1356 583 2 4 0 1354 583 43 340 2 0
4312 0 0 1 43 4312 0 0
3753 205 0 1 43 3753 205 0
3857 2 957 2 43 0 1 957 52 3857 1 0
3079 452 0 1 52 3079 452 0
3921 2 821 2 52 0 0 821 94 3921 2 0
4312 0 0 1 94 4312 0 0
2676 434 963 2 94 0 432 963 68 2676 2 0
4312 0 0 1 68 4312 0 0
1832 761 861 2 68 0 759 861 24 1832 2 0
4312 0 0 1 24 4312 0 0
1353 1085 0 1 24 1353 1085 0
3853 4 954 2 24 0 2 954 100 3853 2 0
417 1329 576 2 100 0 1329 576 50 417 0 0
4312 0 0 1 50 4312 0 0
2692 594 0 1 50 2692 594 0
3877 6 891 2 50 0 4 891 66 3877 2 0
1931 873 0 1 66 1931 873 0
-1
10 21
514 1832 0 1 146 514 1832 0
5109 1 849 2 146 0 0 849 154 5109 1 0
405 1872 0 1 154 405 1872 0
5114 4 821 2 154 0 2 821 130 5114 2 0
5002 87 577 2 130 0 77 577 145 5002 10 0
5246 1 557 2 145 0 1 557 187 5246 0 0
2207 1090 704 2 187 0 1090 704 168 2207 0 0
5505 2 0 1 168 5505 2 0
3557 558 919 2 168 0 557 919 185 3557 1 0
1881 1239 533 2 185 0 1239 533 109 1881 0 0
2704 1029 0 1 109 2704 1029 0
5212 2 624 2 109 0 2 624 144 5212 0 0
3265 710 658 2 144 0 710 658 147 3265 0 0
2805 992 0 1 147 2805 992 0
5128 5 785 2 147 0 3 785 128 5128 2 0
1485 1476 0 1 128 1485 1476 0
5088 0 899 2 128 0 0 899 137 5088 0 0
1422 1499 0 1 137 1422 1499 0
4457 233 890 2 137 0 1 890 126 4457 232 0
5263 1 521 2 126 0 0 521 175 5263 1 0
2205 1212 0 1 175 2205 1212 0
-1
11 25
3832 1 0 1 92 3832 1 0
1622 650 937 2 92 0 648 937 59 1622 2 0
2520 482 0 1 59 2520 482 0
3593 0 514 2 59 0 0 514 41 3593 0 0
401 1259 0 1 41 401 1259 0
3552 3 584 2 41 0 3 584 29 3552 0 0
2981 313 0 1 29 2981 313 0
3469 3 761 2 29 0 3 761 62 3469 0 0
3311 192 0 1 62 3311 192 0
3457 5 775 2 62 0 3 775 73 3457 2 0
255 1223 520 2 73 0 1221 520 96 255 2 0
3832 1 0 1 96 3832 1 0
1206 869 551 2 96 0 869 551 20 1206 0 0
3832 1 0 1 20 3832 1 0
1715 668 634 2 20 0 667 634 32 1715 1 0
3832 1 0 1 32 3832 1 0
2553 357 656 2 32 0 355 656 15 2553 2 0
3832 1 0 1 15 3832 1 0
862 1090 0 1 15 862 1090 0
3391 3 927 2 15 0 3 927 46 3391 0 0
1702 782 0 1 46 1702 782 0
3517 4 653 2 46 0 2 653 89 3517 2 0
2242 584 0 1 89 2242 584 0
3498 2 705 2 89 0 0 705 75 3498 2 0
2002 672 0 1 75 2002 672 0
-1
12 6
4394 211 584 2 129 0 210 584 184 4394 1 0
3772 447 538 2 184 0 447 538 182 3772 0 0
670 1677 0 1 182 670 1677 0
4919 2 680 2 182 0 1 680 164 4919 1 0
2462 1020 0 1 164 2462 1020 0
0 4 934 1 164 0 4 934
-1
13 23
658 1596 567 2 2 0 1594 567 99 658 2 0
5277 0 0 1 54 5277 0 0
902 1475 750 2 54 0 1473 750 99 902 2 0
5277 0 0 1 99 5277 0 0
1846 1106 883 2 99 0 1106 883 90 1846 0 0
5277 0 0 1 90 5277 0 0
3310 574 855 2 90 0 572 855 33 3310 2 0
3267 737 0 1 33 3267 737 0
4887 3 813 2 33 0 1 813 56 4887 2 0
1729 1301 0 1 56 1729 1301 0
4861 1 880 2 56 0 1 880 84 4861 0 0
3395 690 0 1 84 3395 690 0
4810 0 994 2 84 0 0 994 38 4810 0 0
840 1627 0 1 38 840 1627 0
4886 4 809 2 38 0 4 809 69 4886 0 0
698 1679 0 1 69 698 1679 0
4898 0 807 2 69 0 0 807 1 4898 0 0
338 1811 0 1 1 338 1811 0
4904 2 783 2 1 0 0 783 5 4904 2 0
2280 1099 0 1 5 2280 1099 0
4831 5 921 2 5 0 4 921 86 4831 1 0
169 1747 731 2 86 0 1747 731 14 169 0 0
5277 0 0 1 14 5277 0 0
-1
14 0
-1
15 13
2957 5 833 2 14 0 4 833 71 2957 1 0
1652 627 0 1 71 1652 627 0
3086 1 582 2 71 0 1 582 85 3086 0 0
3362 0 0 1 85 3362 0 0
610 869 813 2 85 0 869 813 28 610 0 0
3362 0 0 1 28 3362 0 0
3362 0 0 1 28 3362 0 0
1573 506 871 2 28 0 505 871 6 1573 1 0
3362 0 0 1 6 3362 0 0
1014 752 632 2 6 0 752 632 17 1014 0 0
3362 0 0 1 17 3362 0 0
921 895 0 1 17 921 895 0
0 0 688 1 17 0 0 688
-1
