1 83
8466 0 0 1 495 8466 0 0
7436 129 955 2 495 0 129 955 299 7436 0 0
7577 352 1 1 359 7577 352 1
0 1393 1861 2 359 0 0 880 299 0 1393 981
8466 0 0 1 56 8466 0 0
3455 1705 960 2 56 0 156 958 67 3455 1549 2
6712 533 554 2 67 0 0 554 593 6712 533 0
4479 1344 807 2 593 0 0 805 21 4479 1344 2
8466 0 0 1 420 8466 0 0
0 174 1605 2 420 0 174 960 21 0 0 645
3507 1965 0 1 557 3507 1965 0
8017 0 609 2 557 0 0 608 255 8017 0 1
6538 488 944 2 255 0 488 944 39 6538 0 0
7096 320 762 2 39 0 320 762 2 7096 0 0
6347 590 854 2 2 0 590 854 44 6347 0 0
2151 2502 1 1 298 2151 2502 1
0 1069 1340 2 298 0 0 516 44 0 1069 824
3269 2059 1 1 527 3269 2059 1
3615 1749 592 2 527 0 0 591 86 3615 1749 1
7279 470 2 1 196 7279 470 2
0 0 1454 2 196 0 0 859 86 0 0 595
5877 1026 0 1 548 5877 1026 0
7695 81 768 2 548 0 0 767 483 7695 81 1
7829 0 863 2 483 0 0 863 555 7829 0 0
6086 667 944 2 555 0 667 944 410 6086 0 0
4712 1249 816 2 410 0 1249 815 518 4712 0 1
5866 850 617 2 518 0 850 617 58 5866 0 0
2633 2054 880 2 58 0 2054 880 327 2633 0 0
3776 1858 1 1 89 3776 1858 1
567 2947 625 2 89 0 0 625 327 567 2947 0
6563 754 0 1 472 6563 754 0
0 0 1496 2 472 0 0 813 327 0 0 683
3373 2018 0 1 300 3373 2018 0
8024 0 599 2 300 0 0 599 31 8024 0 0
4238 1675 1 1 49 4238 1675 1
5360 1039 656 2 49 0 0 656 469 5360 1039 0
7964 199 0 1 344 7964 199 0
0 0 1618 2 344 0 0 907 469 0 0 711
5945 737 896 2 31 0 31 895 451 5945 706 1
7756 281 2 1 9 7756 281 2
0 0 1629 2 9 0 0 891 451 0 0 738
8128 134 0 1 252 8128 134 0
4772 1195 919 2 252 0 0 918 561 4772 1195 1
7978 0 662 2 561 0 0 662 493 7978 0 0
7532 370 1 1 118 7532 370 1
0 1013 1876 2 118 0 0 877 493 0 1013 999
3373 2018 0 1 416 3373 2018 0
4528 1385 600 2 416 0 0 599 52 4528 1385 1
6568 560 657 2 52 0 0 656 275 6568 560 1
8083 152 0 1 576 8083 152 0
0 0 1706 2 576 0 0 915 275 0 0 791
8441 10 0 1 543 8441 10 0
4514 1291 940 2 543 0 0 939 581 4514 1291 1
7933 23 644 2 581 0 0 644 244 7933 23 0
5665 851 885 2 244 0 0 884 351 5665 851 1
7934 211 0 1 491 7934 211 0
0 0 1628 2 491 0 0 905 351 0 0 723
3820 1841 0 1 357 3820 1841 0
6122 745 629 2 357 0 0 629 83 6122 745 0
7648 101 763 2 83 0 0 763 336 7648 101 0
7561 107 861 2 336 0 0 861 185 7561 107 0
5589 891 852 2 185 0 0 852 363 5589 891 0
4840 1226 721 2 363 0 0 720 504 4840 1226 1
7969 0 674 2 504 0 0 673 378 7969 0 1
3655 1624 966 2 378 0 725 965 177 3655 899 1
4103 1729 0 1 411 4103 1729 0
7988 0 648 2 411 0 0 648 423 7988 0 0
0 112 1405 2 423 0 112 900 177 0 0 505
3149 2107 0 1 430 3149 2107 0
5683 932 584 2 430 0 0 584 247 5683 932 0
7741 287 1 1 206 7741 287 1
3551 1687 891 2 206 0 0 891 476 3551 1687 0
0 0 1317 2 247 0 0 735 476 0 0 582
8466 0 0 1 559 8466 0 0
6803 372 982 2 559 0 372 982 383 6803 0 0
5892 1020 0 1 243 5892 1020 0
0 730 1605 2 243 0 0 768 383 0 730 837
3299 2047 1 1 198 3299 2047 1
8028 0 594 2 198 0 0 593 554 8028 0 1
5922 1008 0 1 220 5922 1008 0
0 108 1673 2 220 0 0 770 554 0 108 903
6161 913 1 1 425 6161 913 1
7808 31 786 2 425 0 0 785 48 7808 31 1
-1
2 80
7780 0 1 1 904 7780 0 1
4996 824 955 2 904 0 824 955 838 4996 0 0
3058 1655 739 2 838 0 1655 739 1178 3058 0 0
1427 2342 600 2 1178 0 2342 600 810 1427 0 0
5910 741 1 1 835 5910 741 1
7236 0 738 2 835 0 0 738 1087 7236 0 0
2831 1961 1 1 810 2831 1961 1
0 639 1565 2 810 0 0 690 1087 0 639 875
5865 759 0 1 1064 5865 759 0
5432 715 737 2 1064 0 0 736 807 5432 715 1
6432 534 1 1 688 6432 534 1
0 0 1455 2 688 0 0 773 807 0 0 682
2795 1975 1 1 791 2795 1975 1
3110 1696 529 2 791 0 0 529 722 3110 1696 0
7780 0 1 1 989 7780 0 1
0 581 1462 2 989 0 581 928 722 0 0 534
6745 410 1 1 974 6745 410 1
3433 1490 795 2 974 0 0 794 764 3433 1490 1
7377 0 547 2 764 0 0 546 735 7377 0 1
4034 1243 826 2 735 0 66 826 698 4034 1177 0
5045 1084 0 1 689 5045 1084 0
4704 1020 681 2 689 0 0 681 1074 4704 1020 0
0 0 1215 2 1074 0 0 636 698 0 0 579
7780 0 1 1 1118 7780 0 1
4785 905 964 2 1118 0 905 964 966 4785 0 0
6020 525 590 2 966 0 525 590 1101 6020 0 0
2125 1981 889 2 1101 0 1981 889 1186 2125 0 0
1042 2519 516 2 1186 0 2519 516 959 1042 0 0
5108 1059 0 1 959 5108 1059 0
3436 1487 802 2 959 0 0 801 781 3436 1487 1
2746 1835 547 2 781 0 0 546 1072 2746 1835 1
5783 643 508 2 1072 0 0 508 684 5783 643 0
7253 0 715 2 684 0 0 714 1047 7253 0 1
4712 968 848 2 1047 0 388 848 1157 4712 580 0
3018 1887 0 1 903 3018 1887 0
0 0 1133 2 903 0 0 545 1157 0 0 588
4121 1450 0 1 817 4121 1450 0
7324 0 619 2 817 0 0 619 654 7324 0 0
4683 989 815 2 654 0 11 815 1164 4683 978 0
5603 679 629 2 1164 0 0 629 969 5603 679 0
3982 1301 698 2 969 0 0 698 606 3982 1301 0
7347 0 587 2 606 0 0 587 1055 7347 0 0
5521 636 887 2 1055 0 636 887 1010 5521 0 0
3633 1418 771 2 1010 0 1418 771 950 3633 0 0
7780 0 1 1 918 7780 0 1
5981 446 913 2 918 0 446 913 934 5981 0 0
6268 599 1 1 881 6268 599 1
0 1786 1625 2 881 0 0 762 934 0 1786 863
2844 1956 0 1 950 2844 1956 0
3010 1616 938 2 950 0 0 937 1187 3010 1616 1
4206 1266 514 2 1187 0 0 513 630 4206 1266 1
7332 0 608 2 630 0 0 607 982 7332 0 1
3209 1524 983 2 982 0 1524 983 1098 3209 0 0
3883 1544 1 1 831 3883 1544 1
797 2591 602 2 831 0 0 602 1098 797 2591 0
7239 0 734 2 1098 0 0 733 1099 7239 0 1
7780 0 1 1 818 7780 0 1
0 686 1743 2 818 0 338 901 1099 0 348 842
7780 0 1 1 837 7780 0 1
5535 617 933 2 837 0 617 932 778 5535 0 1
7780 0 1 1 666 7780 0 1
4410 1049 980 2 666 0 1049 980 1057 4410 0 0
716 2587 725 2 778 0 990 724 1057 716 1597 1
7780 0 1 1 610 7780 0 1
0 212 1633 2 610 0 212 887 1057 0 0 746
6327 576 0 1 693 6327 576 0
5477 688 768 2 693 0 0 767 1079 5477 688 1
6435 333 684 2 1079 0 0 684 1153 6435 333 0
5850 765 0 1 1089 5850 765 0
3240 1584 736 2 1089 0 0 735 1144 3240 1584 1
3331 1763 0 1 1094 3331 1763 0
7363 0 566 2 1094 0 0 566 885 7363 0 0
0 386 1396 2 885 0 386 861 1144 0 0 535
5335 749 752 2 1153 0 0 752 794 5335 749 0
7780 0 1 1 620 7780 0 1
6802 131 878 2 620 0 131 878 877 6802 0 0
0 47 1437 2 794 0 0 676 877 0 47 761
7780 0 1 1 805 7780 0 1
4363 1067 982 2 805 0 1067 982 1043 4363 0 0
1725 2399 1 1 1043 1725 2399 1
-1
3 46
2361 2607 745 2 513 0 0 744 473 2361 2607 1
6888 870 551 2 473 0 0 551 102 6888 870 0
3685 2048 862 2 102 0 0 862 199 3685 2048 0
1300 3245 0 1 269 1300 3245 0
0 0 1142 2 269 0 0 505 199 0 0 637
2612 2725 1 1 528 2612 2725 1
6655 950 593 2 528 0 0 592 221 6655 950 1
3879 2223 1 1 82 3879 2223 1
0 0 1521 2 82 0 0 677 221 0 0 844
2731 2678 0 1 197 2731 2678 0
2515 2588 601 2 197 0 0 601 92 2515 2588 0
2439 2628 567 2 92 0 0 567 409 2439 2628 0
1975 2813 563 2 409 0 0 563 403 1975 2813 0
2820 2643 0 1 204 2820 2643 0
1669 2921 608 2 204 0 0 607 580 1669 2921 1
0 0 1041 2 580 0 0 509 403 0 0 532
8172 522 1 1 81 8172 522 1
8778 0 965 2 81 0 0 965 339 8778 0 0
2458 2498 986 2 339 0 87 985 338 2458 2411 1
3067 2387 540 2 338 0 0 540 219 3067 2387 0
4828 1670 606 2 219 0 0 606 512 4828 1670 0
2783 2446 723 2 512 0 0 722 345 2783 2446 1
1939 2822 581 2 345 0 0 580 129 1939 2822 1
6251 1129 528 2 129 0 0 528 62 6251 1129 0
8410 428 0 1 437 8410 428 0
0 0 1802 2 437 0 0 982 62 0 0 820
1375 3215 1 1 297 1375 3215 1
6495 1038 509 2 297 0 0 509 178 6495 1038 0
6428 1213 1 1 222 6428 1213 1
0 0 1685 2 222 0 0 848 178 0 0 837
7486 794 0 1 502 7486 794 0
4116 1860 921 2 502 0 0 920 523 4116 1860 1
1621 2924 663 2 523 0 0 663 273 1621 2924 0
2075 2938 0 1 547 2075 2938 0
0 0 1062 2 547 0 0 557 273 0 0 505
1509 3162 1 1 317 1509 3162 1
2490 2622 518 2 317 0 0 518 382 2490 2622 0
3751 2108 568 2 382 0 0 568 343 3751 2108 0
3434 2209 652 2 343 0 0 651 277 3434 2209 1
5404 1436 626 2 277 0 0 626 256 5404 1436 0
7109 721 761 2 256 0 0 760 369 7109 721 1
5880 1176 870 2 369 0 0 869 191 5880 1176 1
1635 2883 784 2 191 0 0 783 264 1635 2883 1
8470 404 1 1 501 8470 404 1
0 0 1486 2 501 0 0 985 264 0 0 501
3760 2270 1 1 170 3760 2270 1
-1
4 52
5054 0 572 2 940 0 0 571 743 5054 0 1
5476 0 0 1 1142 5476 0 0
2012 1157 737 2 1142 0 1157 737 1086 2012 0 0
4940 212 1 1 1086 4940 212 1
644 1682 795 2 1086 0 0 795 743 644 1682 0
5476 0 0 1 1048 5476 0 0
2504 968 716 2 1048 0 968 716 898 2504 0 0
5476 0 0 1 898 5476 0 0
4438 147 903 2 898 0 147 903 1014 4438 0 0
1592 1539 0 1 1014 1592 1539 0
4855 0 841 2 1014 0 0 841 888 4855 0 0
3063 956 0 1 888 3063 956 0
0 0 1805 2 888 0 0 986 743 0 0 819
5476 0 0 1 798 5476 0 0
1901 1416 2 1 798 1901 1416 2
4756 0 975 2 798 0 0 975 734 4756 0 0
5476 0 0 1 1196 5476 0 0
18 1922 822 2 1196 0 1922 822 734 18 0 0
4180 347 569 2 734 0 347 569 793 4180 0 0
4083 552 0 1 1050 4083 552 0
5096 0 515 2 1050 0 0 515 997 5096 0 0
4065 410 510 2 793 0 410 510 709 4065 0 0
1814 1451 0 1 997 1814 1451 0
0 1803 1254 2 997 0 0 929 709 0 1803 325
5234 0 328 2 709 0 0 327 857 5234 0 1
1094 1736 1 1 857 1094 1736 1
4816 0 894 2 857 0 0 894 933 4816 0 0
651 1700 724 2 933 0 1700 724 1028 651 0 0
5476 0 0 1 759 5476 0 0
827 1842 0 1 759 827 1842 0
4808 0 905 2 759 0 0 905 1028 4808 0 0
1336 1417 764 2 1028 0 1417 764 869 1336 0 0
4456 404 0 1 617 4456 404 0
4979 39 540 2 617 0 0 540 869 4979 39 0
4955 0 706 2 869 0 0 706 672 4955 0 0
2108 1334 1 1 672 2108 1334 1
4788 0 932 2 672 0 0 932 806 4788 0 0
1594 1538 0 1 806 1594 1538 0
4826 0 880 2 806 0 0 880 891 4826 0 0
2271 1078 656 2 891 0 1078 656 604 2271 0 0
1723 1487 0 1 604 1723 1487 0
5026 0 609 2 604 0 0 609 1000 5026 0 0
5380 38 0 1 703 5380 38 0
4315 284 602 2 703 0 0 602 821 4315 284 0
4963 203 1 1 1169 4963 203 1
5053 0 573 2 1169 0 0 573 1093 5053 0 0
2929 1009 0 1 1000 2929 1009 0
0 0 1507 2 1000 0 0 996 821 0 0 511
2035 1363 1 1 1093 2035 1363 1
4783 0 939 2 1093 0 0 938 609 4783 0 1
4860 86 540 2 609 0 86 540 690 4860 0 0
2503 1178 0 1 690 2503 1178 0
-1
5 42
6711 0 1 1 42 6711 0 1
0 2253 1389 2 42 0 2253 995 123 0 0 394
6711 0 1 1 530 6711 0 1
0 1470 1071 2 530 0 1470 908 123 0 0 163
4629 825 1 1 309 4629 825 1
5011 497 605 2 309 0 0 605 111 5011 497 0
6260 0 612 2 111 0 0 612 268 6260 0 0
5625 220 720 2 268 0 220 720 452 5625 0 0
692 2133 862 2 452 0 2133 862 562 692 0 0
6711 0 1 1 107 6711 0 1
994 1983 966 2 107 0 1983 965 562 994 0 1
1479 2073 1 1 562 1479 2073 1
5447 331 581 2 562 0 0 580 367 5447 331 1
3615 1227 0 1 301 3615 1227 0
6314 0 539 2 301 0 0 538 195 6314 0 1
0 76 1350 2 367 0 0 641 195 0 76 709
5821 353 0 1 210 5821 353 0
6205 0 686 2 210 0 0 686 432 6205 0 0
4735 563 753 2 432 0 563 752 17 4735 0 1
6711 0 1 1 310 6711 0 1
0 1775 1467 2 310 0 732 826 17 0 1043 641
6597 45 1 1 73 6597 45 1
6167 0 738 2 73 0 0 737 497 6167 0 1
1568 1780 882 2 497 0 1780 882 280 1568 0 0
5684 407 0 1 280 5684 407 0
6083 0 852 2 280 0 0 851 462 6083 0 1
4584 843 0 1 341 4584 843 0
0 1882 1487 2 341 0 0 603 462 0 1882 884
6711 0 1 1 413 6711 0 1
1510 1785 944 2 413 0 1785 943 397 1510 0 1
980 2271 0 1 397 980 2271 0
6322 0 528 2 397 0 0 528 226 6322 0 0
3178 1157 831 2 226 0 1157 831 289 3178 0 0
6711 0 1 1 88 6711 0 1
854 2037 971 2 88 0 2037 971 507 854 0 0
4213 990 0 1 507 4213 990 0
6215 0 673 2 507 0 0 673 119 6215 0 0
4938 493 717 2 119 0 238 717 138 4938 255 0
6286 0 577 2 138 0 0 577 40 6286 0 0
3377 1321 1 1 499 3377 1321 1
3255 1217 522 2 499 0 0 521 289 3255 1217 1
0 1040 1663 2 40 0 1040 814 289 0 0 849
-1
6 43
2754 1885 739 2 1131 0 1885 739 786 2754 0 0
3865 1661 0 1 786 3865 1661 0
5027 931 921 2 786 0 0 920 1115 5027 931 1
5744 916 1 1 1173 5744 916 1
0 0 1400 2 1173 0 0 739 1115 0 0 661
3061 1979 2 1 855 3061 1979 2
7645 0 558 2 855 0 0 558 1067 7645 0 0
6549 338 887 2 1067 0 338 887 736 6549 0 0
6727 527 0 1 967 6727 527 0
0 2037 1760 2 967 0 0 806 736 0 2037 954
2613 2157 0 1 876 2613 2157 0
6552 441 531 2 876 0 0 530 724 6552 441 1
3094 1739 778 2 724 0 0 776 861 3094 1739 2
4080 1419 536 2 861 0 0 535 1071 4080 1419 1
7606 0 611 2 1071 0 0 610 856 7606 0 1
4924 1241 1 1 662 4924 1241 1
3422 1636 685 2 662 0 0 684 683 3422 1636 1
7643 0 561 2 683 0 0 561 708 7643 0 0
5559 718 929 2 708 0 718 929 971 5559 0 0
0 3162 104 1 971 0 3162 104
3047 1732 865 2 971 0 0 865 1174 3047 1732 0
0 584 1440 2 856 0 584 909 1174 0 0 531
7428 249 0 1 994 7428 249 0
4905 999 854 2 994 0 0 853 783 4905 999 1
6046 605 656 2 783 0 0 655 647 6046 605 1
7512 0 738 2 647 0 0 738 686 7512 0 0
8057 0 0 1 712 8057 0 0
0 1324 1877 2 712 0 412 941 686 0 912 936
8057 0 0 1 801 8057 0 0
5478 736 977 2 801 0 736 977 859 5478 0 0
6832 485 1 1 884 6832 485 1
7457 0 813 2 884 0 0 812 883 7457 0 1
3706 1435 988 2 883 0 1435 987 1137 3706 0 1
3597 1767 0 1 737 3597 1767 0
0 2415 1473 2 737 0 0 596 859 0 2415 877
5207 1129 1 1 808 5207 1129 1
3196 1720 704 2 808 0 0 703 1137 3196 1720 1
7845 84 0 1 1112 7845 84 0
0 0 1837 2 1112 0 0 881 1137 0 0 956
8057 0 0 1 922 8057 0 0
4045 1308 963 2 922 0 601 962 962 4045 707 1
8057 0 0 1 1126 8057 0 0
0 268 1452 2 1126 0 268 925 962 0 0 527
-1
7 36
3855 1392 536 2 27 0 0 535 572 3855 1392 1
4325 1192 583 2 572 0 0 582 375 4325 1192 1
7312 0 612 2 375 0 0 612 108 7312 0 0
3727 1319 959 2 108 0 1319 959 166 3727 0 0
2278 1988 635 2 166 0 1988 635 470 2278 0 0
1670 2267 505 2 470 0 2267 505 5 1670 0 0
6547 482 1 1 70 6547 482 1
4152 1203 780 2 70 0 0 780 532 4152 1203 0
7764 0 0 1 266 7764 0 0
3202 1548 888 2 266 0 219 887 5 3202 1329 1
0 0 1283 2 532 0 0 595 5 0 0 688
3938 1516 0 1 539 3938 1516 0
7317 0 606 2 539 0 0 606 8 7317 0 0
5369 949 0 1 500 5369 949 0
7246 0 702 2 500 0 0 702 105 7246 0 0
0 2465 1892 2 8 0 1080 933 105 0 1385 959
4758 1191 0 1 208 4758 1191 0
5302 782 662 2 208 0 0 661 215 5302 782 1
7764 0 0 1 87 7764 0 0
6157 380 878 2 87 0 138 878 398 6157 242 0
3478 1490 712 2 398 0 0 711 46 3478 1490 1
0 0 1226 2 215 0 0 675 46 0 0 551
4311 1368 0 1 390 4311 1368 0
6778 206 631 2 390 0 0 631 165 6778 206 0
6085 665 1 1 449 6085 665 1
0 0 1525 2 449 0 0 749 165 0 0 776
3521 1681 1 1 171 3521 1681 1
3353 1579 577 2 171 0 0 577 389 3353 1579 0
3894 1533 1 1 74 3894 1533 1
3902 1354 602 2 74 0 0 602 584 3902 1354 0
5175 855 584 2 584 0 0 584 190 5175 855 0
0 0 1218 2 389 0 0 548 190 0 0 670
7764 0 0 1 381 7764 0 0
3930 1227 999 2 381 0 1227 999 545 3930 0 0
5393 786 525 2 545 0 786 524 600 5393 0 1
6771 393 1 1 253 6771 393 1
-1
8 39
6173 0 707 2 1195 0 0 707 641 6173 0 0
6324 147 0 1 670 6324 147 0
6164 0 719 2 670 0 0 719 659 6164 0 0
744 2120 813 2 659 0 1153 813 641 744 967 0
6048 0 876 2 641 0 0 876 948 6048 0 0
6695 0 0 1 839 6695 0 0
1523 1774 941 2 839 0 1774 941 782 1523 0 0
2729 1571 1 1 782 2729 1571 1
5087 448 647 2 782 0 0 646 723 5087 448 1
0 2214 1500 2 723 0 0 614 948 0 2214 886
6671 0 32 2 948 0 0 32 1191 6671 0 0
6695 0 0 1 930 6695 0 0
1148 1918 957 2 930 0 1918 957 1191 1148 0 0
2976 1181 1000 2 1191 0 1181 1000 1130 2976 0 0
3691 1190 1 1 1130 3691 1190 1
6051 0 872 2 1130 0 0 872 841 6051 0 0
4002 843 766 2 841 0 843 766 1109 4002 0 0
2301 1560 619 2 1109 0 1560 618 906 2301 0 1
4928 700 0 1 906 4928 700 0
6045 0 880 2 906 0 0 880 1054 6045 0 0
3729 948 777 2 1054 0 948 777 1049 3729 0 0
3700 1032 529 2 1049 0 1032 529 725 3700 0 0
2626 1612 1 1 725 2626 1612 1
5678 145 882 2 725 0 0 881 687 5678 145 1
5624 424 1 1 623 5624 424 1
3668 1003 671 2 623 0 0 671 613 3668 1003 0
6312 0 519 2 613 0 0 519 797 6312 0 0
0 1995 1569 2 687 0 0 646 797 0 1995 923
6295 158 2 1 762 6295 158 2
6167 0 715 2 762 0 0 715 824 6167 0 0
6695 0 0 1 1091 6695 0 0
2110 1570 843 2 1091 0 883 842 824 2110 687 1
5960 0 996 2 824 0 0 995 947 5960 0 1
0 2590 214 1 947 0 2590 214
6152 0 736 2 947 0 0 735 1004 6152 0 1
6695 0 0 1 645 6695 0 0
2742 1306 890 2 645 0 1306 889 1062 2742 0 1
4140 787 770 2 1004 0 787 770 751 4140 0 0
3564 1071 580 2 751 0 1071 579 1062 3564 0 1
-1
9 33
1200 2119 618 2 388 0 0 618 600 1200 2119 0
4452 1011 1 1 563 4452 1011 1
0 0 1573 2 563 0 0 606 600 0 0 967
4944 816 1 1 79 4944 816 1
6533 0 639 2 79 0 0 639 263 6533 0 0
4362 1047 0 1 193 4362 1047 0
6561 0 601 2 193 0 0 601 132 6561 0 0
5024 565 751 2 132 0 198 751 544 5024 367 0
4944 816 1 1 218 4944 816 1
6533 0 639 2 218 0 0 639 353 6533 0 0
0 712 1404 2 544 0 0 599 263 0 712 805
1588 1873 934 2 353 0 1873 934 18 1588 0 0
6800 81 0 1 18 6800 81 0
4222 827 942 2 18 0 0 941 286 4222 827 1
6591 0 560 2 286 0 0 560 428 6591 0 0
374 2337 992 2 428 0 2337 992 421 374 0 0
3460 1404 1 1 421 3460 1404 1
6575 0 582 2 421 0 0 581 573 6575 0 1
4422 1023 1 1 276 4422 1023 1
3313 1286 604 2 276 0 0 604 246 3313 1286 0
0 1687 1428 2 246 0 0 511 573 0 1687 917
7004 0 1 1 446 7004 0 1
4044 916 879 2 446 0 916 879 361 4044 0 0
7004 0 1 1 458 7004 0 1
3437 1166 846 2 458 0 610 845 361 3437 556 1
7004 0 1 1 173 7004 0 1
4794 628 847 2 173 0 628 847 225 4794 0 0
954 2397 1 1 225 954 2397 1
6337 0 904 2 225 0 0 904 272 6337 0 0
0 710 1675 2 361 0 0 892 272 0 710 783
7004 0 1 1 335 7004 0 1
3528 1114 901 2 335 0 1114 901 457 3528 0 0
6613 155 0 1 124 6613 155 0
-1
10 36
3937 1508 551 2 674 0 1508 551 832 3937 0 0
8150 0 0 1 902 8150 0 0
6556 355 945 2 902 0 355 945 753 6556 0 0
3967 1481 603 2 832 0 1481 602 1021 3967 0 1
0 2194 1412 2 753 0 1031 843 1021 0 1163 569
7442 280 1 1 728 7442 280 1
7517 0 857 2 728 0 0 857 741 7517 0 0
6115 806 1 1 745 6115 806 1
7583 0 768 2 745 0 0 768 742 7583 0 0
0 353 1717 2 741 0 349 874 742 0 4 843
3447 1863 1 1 780 3447 1863 1
5923 710 589 2 780 0 0 589 692 5923 710 0
5668 983 1 1 755 5668 983 1
3268 1718 739 2 755 0 0 738 800 3268 1718 1
0 0 1290 2 692 0 0 737 800 0 0 553
8150 0 0 1 864 8150 0 0
5876 616 974 2 864 0 616 974 870 5876 0 0
2928 1819 855 2 870 0 1819 855 889 2928 0 0
3874 1694 0 1 889 3874 1694 0
6632 325 945 2 889 0 0 944 872 6632 325 1
3149 1981 1 1 671 3149 1981 1
6435 513 569 2 671 0 0 569 1146 6435 513 0
0 0 1544 2 1146 0 0 772 872 0 0 772
6816 528 1 1 1148 6816 528 1
7548 0 815 2 1148 0 0 815 665 7548 0 0
6130 800 1 1 1176 6130 800 1
7582 0 769 2 1176 0 0 769 1102 7582 0 0
2493 2241 1 1 1160 2493 2241 1
0 797 1456 2 1160 0 0 525 1102 0 797 931
4286 1245 978 2 665 0 1245 977 949 4286 0 1
2612 2194 1 1 795 2612 2194 1
0 3049 616 2 795 0 0 533 949 0 3049 83
7859 115 1 1 953 7859 115 1
3652 1523 886 2 953 0 0 885 628 3652 1523 1
0 0 1305 2 628 0 0 574 949 0 0 731
4654 1385 0 1 1175 4654 1385 0
-1
11 30
7249 338 0 1 305 7249 338 0
7480 0 843 2 305 0 0 843 295 7480 0 0
3553 1802 2 1 362 3553 1802 2
0 971 1532 2 362 0 0 593 295 0 971 939
6504 633 1 1 418 6504 633 1
7517 0 793 2 418 0 0 792 560 7517 0 1
7116 142 850 2 560 0 142 850 526 7116 0 0
3946 1371 943 2 526 0 1371 943 267 3946 0 0
8102 0 0 1 144 8102 0 0
7349 34 904 2 144 0 34 904 537 7349 0 0
5923 863 1 1 406 5923 863 1
0 697 1647 2 406 0 0 753 537 0 697 894
4013 1445 599 2 267 0 1445 599 487 4013 0 0
3103 1792 645 2 487 0 1792 645 372 3103 0 0
2524 2210 1 1 116 2524 2210 1
0 2450 1142 2 116 0 0 525 372 0 2450 617
3165 1956 1 1 91 3165 1956 1
3738 1563 568 2 91 0 0 568 599 3738 1563 0
3182 1777 590 2 599 0 0 589 260 3182 1777 1
4117 1418 550 2 260 0 0 550 66 4117 1418 0
4998 1050 615 2 66 0 0 615 28 4998 1050 0
7606 0 672 2 28 0 0 672 405 7606 0 0
4244 1241 984 2 405 0 1241 983 290 4244 0 1
2554 2198 1 1 550 2554 2198 1
3733 1577 527 2 550 0 0 527 131 3733 1577 0
6325 704 0 1 98 6325 704 0
2947 1814 781 2 98 0 0 781 519 2947 1814 0
0 2695 1299 2 290 0 2695 770 519 0 0 529
3302 1729 591 2 131 0 0 590 594 3302 1729 1
7690 0 558 2 594 0 0 558 282 7690 0 0
-1
12 33
4617 1809 1 1 663 4617 1809 1
8657 0 713 2 663 0 0 713 738 8657 0 0
1606 3002 1 1 705 1606 3002 1
0 0 1347 2 705 0 0 511 1036 0 0 836
8433 297 1 1 843 8433 297 1
6711 696 969 2 843 0 0 969 760 6711 696 0
0 19 1787 2 738 0 19 964 760 0 0 823
7315 740 0 1 1179 7315 740 0
7421 436 896 2 1179 0 0 895 976 7421 436 1
8433 297 1 1 796 8433 297 1
8291 70 969 2 796 0 0 969 679 8291 70 0
1907 2611 930 2 679 0 0 929 983 1907 2611 1
0 0 1373 2 983 0 0 501 976 0 0 872
3484 2258 0 1 1035 3484 2258 0
6596 838 640 2 1035 0 0 638 1121 6596 838 2
2288 2491 824 2 1121 0 0 824 1120 2288 2491 0
8437 140 532 2 1120 0 0 531 1081 8437 140 1
1710 2961 0 1 951 1710 2961 0
0 0 1471 2 951 0 0 519 1081 0 0 952
6540 1047 1 1 746 6540 1047 1
7276 509 843 2 746 0 0 842 1011 7276 509 1
7689 339 865 2 1011 0 0 864 858 7689 339 1
6420 834 892 2 858 0 0 891 943 6420 834 1
3546 1998 805 2 943 0 0 805 1143 3546 1998 0
6883 731 617 2 1143 0 0 616 984 6883 731 1
2903 2488 1 1 1063 2903 2488 1
0 0 1443 2 1063 0 0 598 984 0 0 845
4915 1691 0 1 852 4915 1691 0
3527 2026 735 2 852 0 0 734 1194 3527 2026 1
8314 164 617 2 1194 0 0 616 965 8314 164 1
7309 467 942 2 965 0 0 941 1013 7309 467 1
7539 651 1 1 633 7539 651 1
2076 2550 909 2 633 0 0 909 1070 2076 2550 0
-1
13 32
8057 0 0 1 137 8057 0 0
0 1839 1725 2 137 0 394 939 464 0 1445 786
5282 1099 2 1 163 5282 1099 2
7535 0 707 2 163 0 0 707 505 7535 0 0
4114 1276 979 2 505 0 1276 979 125 4114 0 0
1155 2519 737 2 125 0 2519 737 283 1155 0 0
8057 0 0 1 440 8057 0 0
6346 403 940 2 440 0 403 940 130 6346 0 0
6499 617 1 1 283 6499 617 1
7098 111 919 2 283 0 0 918 75 7098 111 1
0 2375 1769 2 130 0 2375 969 75 0 0 800
7309 296 1 1 597 7309 296 1
6212 484 844 2 597 0 0 844 14 6212 484 0
4506 1407 0 1 506 4506 1407 0
0 0 1401 2 506 0 0 657 14 0 0 744
6370 668 1 1 241 6370 668 1
6897 231 781 2 241 0 0 781 274 6897 231 0
8057 0 0 1 120 8057 0 0
5877 583 960 2 120 0 583 960 538 5877 0 0
3071 1744 792 2 274 0 0 792 399 3071 1744 0
0 2331 1447 2 399 0 0 535 538 0 2331 912
6265 710 0 1 23 6265 710 0
7485 0 775 2 23 0 0 775 521 7485 0 0
3880 1655 0 1 461 3880 1655 0
0 1146 1574 2 461 0 0 615 521 0 1146 959
8057 0 0 1 571 8057 0 0
4470 1144 948 2 571 0 466 947 65 4470 678 1
3099 1797 572 2 65 0 0 571 358 3099 1797 1
6335 523 544 2 358 0 0 543 117 6335 523 1
4085 1351 762 2 117 0 0 761 214 4085 1351 1
7612 0 603 2 214 0 0 603 181 7612 0 0
8057 0 0 1 4 8057 0 0
-1
14 28
4794 417 514 2 1070 0 0 514 1122 4794 417 0
6226 0 0 1 935 6226 0 0
0 1550 1609 2 935 0 1550 864 629 0 0 745
4841 379 580 2 1122 0 0 579 779 4841 379 1
5798 0 580 2 779 0 0 579 929 5798 0 1
1253 1726 836 2 929 0 1726 835 707 1253 0 1
5511 283 1 1 707 5511 283 1
5649 0 782 2 707 0 0 781 640 5649 0 1
6226 0 0 1 920 6226 0 0
175 2126 928 2 920 0 2126 928 710 175 0 0
5142 429 2 1 879 5142 429 2
1182 1818 617 2 879 0 0 617 640 1182 1818 0
6226 0 0 1 914 6226 0 0
785 1892 902 2 914 0 1892 902 710 785 0 0
5517 0 960 2 640 0 0 960 710 5517 0 0
0 2199 916 1 710 0 2199 916
3689 991 48 2 710 0 0 48 981 3689 991 0
4305 609 520 2 981 0 0 520 1041 4305 609 0
5823 0 546 2 1041 0 0 546 761 5823 0 0
5279 180 667 2 761 0 180 667 1012 5279 0 0
2616 1219 723 2 1012 0 1219 722 942 2616 0 1
6226 0 0 1 921 6226 0 0
3810 731 774 2 921 0 731 773 731 3810 0 1
6226 0 0 1 1151 6226 0 0
330 2336 0 1 1151 330 2336 0
5496 0 989 2 1151 0 0 988 829 5496 0 1
4103 841 0 1 942 4103 841 0
5265 135 840 2 942 0 0 839 685 5265 135 1
-1
15 29
8271 0 0 1 480 8271 0 0
5834 675 994 2 480 0 675 994 392 5834 0 0
0 511 1227 2 133 0 0 522 392 0 511 705
7168 437 0 1 508 7168 437 0
7647 0 846 2 508 0 0 845 151 7647 0 1
6183 561 911 2 151 0 561 911 153 6183 0 0
33 2984 958 2 153 0 2430 957 181 33 554 1
5105 988 911 2 181 0 0 910 346 5105 988 1
3188 2014 0 1 164 3188 2014 0
0 0 1254 2 164 0 0 578 346 0 0 676
3695 1813 1 1 307 3695 1813 1
2605 2066 612 2 307 0 0 611 325 2605 2066 1
7889 0 518 2 325 0 0 518 236 7889 0 0
6675 364 918 2 236 0 364 917 101 6675 0 1
3331 1686 928 2 101 0 1686 928 145 3331 0 0
846 2942 0 1 145 846 2942 0
7687 0 791 2 145 0 0 791 489 7687 0 0
5767 719 934 2 489 0 719 934 529 5767 0 0
1296 2495 919 2 529 0 2495 918 38 1296 0 1
1936 2510 0 1 38 1936 2510 0
3124 1853 637 2 38 0 0 637 51 3124 1853 0
7863 0 553 2 51 0 0 553 270 7863 0 0
5785 707 951 2 270 0 687 950 577 5785 20 1
5393 952 644 2 577 0 0 644 229 5393 952 0
4737 1194 705 2 229 0 0 705 30 4737 1194 0
3009 2085 0 1 150 3009 2085 0
0 0 1225 2 150 0 0 566 30 0 0 659
6512 697 0 1 391 6512 697 0
5246 964 802 2 391 0 0 801 259 5246 964 1
-1
16 31
0 1226 1427 2 667 0 1226 828 685 0 0 599
0 1188 1164 2 731 0 969 530 829 0 219 634
4604 1129 1 1 714 4604 1129 1
6985 0 636 2 714 0 0 636 955 6985 0 0
2780 1574 951 2 955 0 1574 951 1133 2780 0 0
2310 2038 1 1 1133 2310 2038 1
4927 770 791 2 1133 0 0 791 649 4927 770 0
6987 0 633 2 649 0 0 633 863 6987 0 0
4778 807 867 2 863 0 807 866 1113 4778 0 1
0 2872 279 1 1113 0 2872 279
6549 192 570 2 1113 0 0 570 830 6549 192 0
6901 0 750 2 830 0 0 749 964 6901 0 1
7421 13 1 1 656 7421 13 1
0 299 1624 2 656 0 0 825 964 0 299 799
4812 1047 0 1 792 4812 1047 0
6974 0 651 2 792 0 0 651 1060 6974 0 0
3694 1490 0 1 1016 3694 1490 0
0 1063 1469 2 1016 0 0 576 1060 0 1063 893
5602 734 0 1 958 5602 734 0
6935 0 704 2 958 0 0 704 845 6935 0 0
4975 733 853 2 845 0 733 852 908 4975 0 1
2755 1862 0 1 646 2755 1862 0
6820 101 514 2 646 0 0 513 1034 6820 101 1
7454 0 1 1 1100 7454 0 1
4269 988 937 2 1100 0 988 937 901 4269 0 0
1774 2026 768 2 1034 0 0 768 908 1774 2026 0
0 600 1515 2 908 0 0 974 901 0 600 541
7454 0 1 1 1037 7454 0 1
4561 882 904 2 1037 0 691 904 1193 4561 191 0
4666 950 529 2 1193 0 0 528 961 4666 950 1
4932 999 2 1 788 4932 999 2
-1
17 29
6088 0 0 1 444 6088 0 0
292 2296 1 1 444 292 2296 1
5377 0 963 2 444 0 0 963 223 5377 0 0
1007 1757 876 2 10 0 131 876 223 1007 1626 0
6088 0 0 1 160 6088 0 0
0 1445 1727 2 160 0 1445 837 223 0 0 890
6088 0 0 1 187 6088 0 0
0 2327 291 1 187 0 2327 291
5612 0 645 2 187 0 0 644 72 5612 0 1
5571 22 625 2 72 0 22 625 250 5571 0 0
1043 1999 0 1 250 1043 1999 0
5381 0 958 2 250 0 0 957 7 5381 0 1
2103 1360 748 2 7 0 1360 748 542 2103 0 0
1421 1849 0 1 542 1421 1849 0
5647 0 597 2 542 0 0 597 509 5647 0 0
1231 1924 1 1 509 1231 1924 1
5366 0 978 2 509 0 0 977 69 5366 0 1
6088 0 0 1 364 6088 0 0
4520 410 722 2 364 0 410 722 141 4520 0 0
4177 582 599 2 69 0 34 599 55 4177 548 0
41 2396 0 1 141 41 2396 0
4846 266 773 2 141 0 0 773 159 4846 266 0
5668 0 569 2 159 0 0 568 234 5668 0 1
869 1914 526 2 55 0 0 525 234 869 1914 1
5396 0 937 2 234 0 0 937 569 5396 0 0
141 2356 1 1 569 141 2356 1
5441 0 876 2 569 0 0 876 517 5441 0 0
707 2132 0 1 517 707 2132 0
4038 543 920 2 517 0 0 920 447 4038 543 0
-1
18 26
5807 1429 1 1 1069 5807 1429 1
6688 845 804 2 1069 0 0 803 701 6688 845 1
7613 469 836 2 701 0 0 836 868 7613 469 0
5094 1449 898 2 868 0 0 898 632 5094 1449 0
3571 2315 0 1 619 3571 2315 0
0 0 1381 2 619 0 0 654 632 0 0 727
4257 2043 1 1 1044 4257 2043 1
8799 39 700 2 1044 0 0 699 661 8799 39 1
4585 1913 1 1 827 4585 1913 1
3861 1989 722 2 827 0 0 721 769 3861 1989 1
7968 573 0 1 652 7968 573 0
0 0 1930 2 652 0 0 949 661 0 0 981
3780 2232 1 1 1190 3780 2232 1
6577 929 667 2 1190 0 0 667 1141 6577 929 0
4838 1813 0 1 968 4838 1813 0
0 0 1573 2 968 0 0 739 1141 0 0 834
2080 2906 0 1 713 2080 2906 0
0 0 1203 2 713 0 0 554 769 0 0 649
4883 1795 1 1 1107 4883 1795 1
4988 1537 741 2 1107 0 0 741 637 4988 1537 0
2819 2401 725 2 637 0 0 725 697 2819 2401 0
4240 1880 581 2 697 0 0 580 615 4240 1880 1
8238 267 680 2 615 0 0 679 789 8238 267 1
8157 222 944 2 789 0 0 944 1127 8157 222 0
5468 1291 932 2 1127 0 0 931 899 5468 1291 1
7199 658 751 2 899 0 0 750 860 7199 658 1
-1
19 24
5923 0 620 2 592 0 0 620 360 5923 0 0
0 2204 1108 2 360 0 2204 903 447 0 0 205
4576 626 304 2 447 0 0 304 113 4576 626 0
5954 0 578 2 113 0 0 578 380 5954 0 0
6009 147 1 1 149 6009 147 1
5876 0 684 2 149 0 0 683 566 5876 0 1
3106 1072 771 2 566 0 1072 771 564 3106 0 0
3311 1216 1 1 479 3311 1216 1
1972 1600 502 2 479 0 0 502 564 1972 1600 0
5399 172 742 2 564 0 0 742 312 5399 172 0
0 1129 1406 2 380 0 1129 787 312 0 0 619
6380 0 1 1 303 6380 0 1
5433 163 726 2 303 0 163 726 77 5433 0 0
768 1983 824 2 77 0 1983 824 314 768 0 0
5542 332 1 1 314 5542 332 1
4711 446 737 2 314 0 0 737 279 4711 446 0
5958 0 573 2 279 0 0 573 370 5958 0 0
6337 17 1 1 350 6337 17 1
0 1827 1570 2 350 0 0 705 370 0 1827 865
6380 0 1 1 429 6380 0 1
813 1936 923 2 429 0 1936 923 394 813 0 0
6380 0 1 1 492 6380 0 1
1329 1738 901 2 492 0 1738 901 394 1329 0 0
4772 637 1 1 414 4772 637 1
-1
20 29
5078 0 0 1 1020 5078 0 0
1002 1615 0 1 1020 1002 1615 0
4447 0 855 2 1020 0 0 855 804 4447 0 0
840 1679 1 1 804 840 1679 1
4508 0 773 2 804 0 0 773 1136 4508 0 0
5078 0 0 1 1039 5078 0 0
0 754 1534 2 1039 0 754 648 878 0 0 886
143 1955 2 1 1136 143 1955 2
4538 0 732 2 1136 0 0 732 758 4538 0 0
1151 1556 0 1 758 1151 1556 0
4484 0 805 2 758 0 0 805 711 4484 0 0
5078 0 0 1 756 5078 0 0
1251 1310 706 2 756 0 1276 706 711 1251 34 0
4605 0 641 2 711 0 0 641 682 4605 0 0
5078 0 0 1 784 5078 0 0
0 1852 547 1 784 0 1852 547
4913 0 224 2 784 0 0 223 1033 4913 0 1
187 1938 0 1 1033 187 1938 0
4502 0 781 2 1033 0 0 781 642 4502 0 0
1747 1320 0 1 642 1747 1320 0
4457 0 842 2 642 0 0 841 1189 4457 0 1
2874 873 1 1 682 2874 873 1
0 223 1446 2 682 0 0 927 1189 0 223 519
5078 0 0 1 618 5078 0 0
2720 745 648 2 618 0 745 647 998 2720 0 1
5078 0 0 1 998 5078 0 0
1706 1049 982 2 998 0 1049 982 1139 1706 0 0
2473 1032 1 1 1139 2473 1032 1
4651 0 579 2 1139 0 0 578 985 4651 0 1
-1
21 26
4327 911 1000 2 394 0 911 999 524 4327 0 1
1352 2171 722 2 524 0 2171 721 551 1352 0 1
6493 345 0 1 551 6493 345 0
6693 0 909 2 551 0 0 909 175 6693 0 0
4391 930 848 2 175 0 930 847 1 4391 0 1
3754 1278 521 2 1 0 307 521 80 3754 971 0
3829 1247 525 2 80 0 0 525 438 3829 1247 0
6948 0 564 2 438 0 0 564 463 6948 0 0
1846 1899 983 2 463 0 1899 983 59 1846 0 0
7364 0 0 1 20 7364 0 0
3974 1069 938 2 20 0 1069 937 59 3974 0 1
0 2802 396 1 59 0 2802 396
3683 1294 562 2 59 0 0 561 352 3683 1294 1
4737 1041 0 1 207 4737 1041 0
6890 0 642 2 207 0 0 642 308 6890 0 0
6631 290 1 1 330 6631 290 1
6797 0 768 2 330 0 0 768 435 6797 0 0
2027 1831 970 2 308 0 1831 969 448 2027 0 1
1514 2318 0 1 448 1514 2318 0
0 2122 1641 2 448 0 0 650 435 0 2122 991
6956 0 553 2 352 0 0 552 152 6956 0 1
7364 0 0 1 213 7364 0 0
6062 268 848 2 213 0 268 848 567 6062 0 0
1556 2038 900 2 567 0 2038 900 488 1556 0 0
252 2818 0 1 488 252 2818 0
0 964 1393 2 488 0 0 514 152 0 964 879
-1
22 28
3207 2100 0 1 1125 3207 2100 0
7125 255 1000 2 1125 0 0 999 938 7125 255 1
3451 2003 1 1 854 3451 2003 1
0 0 1424 2 854 0 0 605 938 0 0 819
3615 1938 1 1 850 3615 1938 1
8052 0 616 2 850 0 0 616 973 8052 0 0
4599 1548 1 1 704 4599 1548 1
0 840 1670 2 704 0 0 682 973 0 840 988
7431 426 1 1 890 7431 426 1
7436 169 873 2 890 0 0 872 1161 7436 169 1
6051 726 845 2 1161 0 0 844 648 6051 726 1
3636 1710 752 2 648 0 0 752 774 3636 1710 0
3809 1861 1 1 867 3809 1861 1
0 0 1223 2 867 0 0 629 774 0 0 594
7207 515 0 1 765 7207 515 0
6296 625 858 2 765 0 0 858 1059 6296 625 0
7505 397 0 1 871 7505 397 0
0 0 1647 2 871 0 0 878 1059 0 0 769
1886 2623 1 1 1116 1886 2623 1
3082 2003 501 2 1116 0 0 500 771 3082 2003 1
6914 466 565 2 771 0 0 564 979 6914 466 1
6218 667 820 2 979 0 0 819 1135 6218 667 1
8280 90 0 1 768 8280 90 0
3290 1795 930 2 768 0 0 930 991 3290 1795 0
3689 1909 0 1 748 3689 1909 0
0 0 1187 2 748 0 0 622 991 0 0 565
3048 2163 0 1 988 3048 2163 0
7190 352 580 2 988 0 0 579 1182 7190 352 1
-1
23 24
6674 0 554 2 467 0 0 554 486 6674 0 0
3923 1252 0 1 174 3923 1252 0
0 13 1318 2 174 0 0 575 486 0 13 743
6457 248 0 1 520 6457 248 0
6533 0 745 2 520 0 0 745 212 6533 0 0
5466 415 772 2 212 0 415 772 287 5466 0 0
6219 342 1 1 251 6219 342 1
5304 492 728 2 251 0 0 728 95 5304 492 0
6904 71 0 1 257 6904 71 0
0 0 1419 2 257 0 0 775 95 0 0 644
5861 484 1 1 54 5861 484 1
0 2157 1551 2 54 0 0 704 287 0 2157 847
4728 933 0 1 445 4728 933 0
3244 1337 630 2 445 0 0 629 329 3244 1337 1
5131 773 1 1 302 5131 773 1
6599 0 656 2 302 0 0 655 304 6599 0 1
0 871 1337 2 304 0 871 829 329 0 0 508
5786 514 0 1 227 5786 514 0
5917 257 701 2 227 0 0 700 29 5917 257 1
5716 341 686 2 29 0 0 685 224 5716 341 1
6587 0 672 2 224 0 0 672 490 6587 0 0
3913 1009 845 2 490 0 1009 844 291 3913 0 1
1512 2207 1 1 291 1512 2207 1
5078 547 846 2 291 0 0 846 292 5078 547 0
-1
24 25
0 544 1780 2 1182 0 0 837 814 0 544 943
6195 0 0 1 790 6195 0 0
4710 375 730 2 790 0 375 730 919 4710 0 0
5629 69 531 2 919 0 69 531 1040 5629 0 0
4253 585 631 2 1040 0 41 630 944 4253 544 1
5057 451 0 1 747 5057 451 0
0 0 1144 2 747 0 0 612 944 0 0 532
6195 0 0 1 718 6195 0 0
2200 1338 837 2 718 0 1338 837 1018 2200 0 0
1801 1741 0 1 1018 1801 1741 0
5724 0 638 2 1018 0 0 638 1056 5724 0 0
1331 1927 1 1 1056 1331 1927 1
5459 0 997 2 1056 0 0 997 1024 5459 0 0
1218 1972 0 1 1024 1218 1972 0
5485 0 962 2 1024 0 0 961 669 5485 0 1
3477 1077 0 1 1119 3477 1077 0
5821 0 507 2 1119 0 0 506 809 5821 0 1
1385 1691 734 2 809 0 794 734 669 1385 897 0
5559 0 862 2 669 0 0 862 1001 5559 0 0
6195 0 0 1 740 6195 0 0
0 1071 1425 2 740 0 42 693 1001 0 1029 732
3582 1035 1 1 624 3582 1035 1
5817 0 512 2 624 0 0 512 880 5817 0 0
1073 2029 1 1 880 1073 2029 1
4822 254 992 2 880 0 0 990 842 4822 254 2
-1
25 24
1685 1937 951 2 240 0 1937 951 478 1685 0 0
7237 15 1 1 478 7237 15 1
6544 0 992 2 478 0 0 992 26 6544 0 0
2356 1682 914 2 26 0 1682 914 211 2356 0 0
3096 1656 1 1 203 3096 1656 1
5203 667 528 2 203 0 0 527 211 5203 667 1
6602 0 913 2 211 0 0 913 148 6602 0 0
7276 0 0 1 468 7276 0 0
0 1863 1749 2 468 0 986 918 148 0 877 831
2708 1810 0 1 85 2708 1810 0
4681 881 503 2 85 0 0 502 205 4681 881 1
6820 0 618 2 205 0 0 617 340 6820 0 1
4154 1237 0 1 36 4154 1237 0
3505 1319 599 2 36 0 0 599 556 3505 1319 0
4861 800 536 2 556 0 0 536 516 4861 800 0
7276 0 0 1 536 7276 0 0
0 1670 1623 2 536 0 1670 994 516 0 0 629
7276 0 0 1 439 7276 0 0
2445 1625 989 2 439 0 1625 989 332 2445 0 0
5188 827 1 1 332 5188 827 1
0 443 1745 2 332 0 0 939 340 0 443 806
6897 150 0 1 112 6897 150 0
3356 1324 784 2 112 0 0 783 179 3356 1324 1
6893 0 519 2 179 0 0 519 186 6893 0 0
-1
26 25
2121 1078 762 2 833 0 1078 762 875 2121 0 0
5404 0 1 1 1077 5404 0 1
740 1848 1 1 1077 740 1848 1
4750 0 887 2 1077 0 0 886 1154 4750 0 1
5323 32 1 1 622 5323 32 1
2334 1043 594 2 622 0 0 594 1154 2334 1043 0
2004 1347 1 1 875 2004 1347 1
4956 0 608 2 875 0 0 607 733 4956 0 1
0 1884 880 2 733 0 1884 759 1154 0 0 121
4828 0 781 2 1154 0 0 781 862 4828 0 0
4369 410 1 1 1124 4369 410 1
0 1400 1222 2 1124 0 0 530 862 0 1400 692
4399 398 1 1 1198 4399 398 1
4224 312 532 2 1198 0 0 532 1180 4224 312 0
5032 0 505 2 1180 0 0 504 1090 5032 0 1
432 1970 1 1 1090 432 1970 1
4796 0 824 2 1090 0 0 824 954 4796 0 0
5248 62 0 1 739 5248 62 0
0 757 1207 2 739 0 0 590 954 0 757 617
5404 0 1 1 932 5404 0 1
2365 1204 1 1 932 2365 1204 1
4568 40 996 2 932 0 0 995 1106 4568 40 1
5404 0 1 1 1110 5404 0 1
636 1889 1 1 1110 636 1889 1
4755 0 880 2 1110 0 0 879 1192 4755 0 1
-1
27 24
681 2316 987 2 135 0 2316 987 321 681 0 0
7254 0 1 1 321 7254 0 1
5987 237 907 2 321 0 237 907 41 5987 0 0
1374 2068 896 2 41 0 2068 895 328 1374 0 1
2072 2053 1 1 328 2072 2053 1
6805 0 609 2 328 0 0 609 368 6805 0 0
4636 799 815 2 368 0 521 814 590 4636 278 1
5237 640 545 2 590 0 0 545 525 5237 640 0
6772 0 654 2 525 0 0 653 100 6772 0 1
2676 1544 924 2 100 0 1544 923 443 2676 0 1
4760 988 1 1 443 4760 988 1
4606 776 935 2 443 0 0 934 285 4606 776 1
3876 1164 597 2 285 0 0 597 419 3876 1164 0
5898 537 2 1 258 5898 537 2
0 0 1273 2 258 0 0 713 419 0 0 560
4675 1022 0 1 436 4675 1022 0
6787 0 633 2 436 0 0 633 396 6787 0 0
3534 1214 889 2 396 0 1214 889 238 3534 0 0
3831 1356 2 1 238 3831 1356 2
6541 0 967 2 238 0 0 967 456 6541 0 0
7254 0 1 1 284 7254 0 1
5628 396 849 2 284 0 396 849 63 5628 0 0
7254 0 1 1 183 7254 0 1
5605 405 850 2 183 0 405 850 311 5605 0 0
-1
28 24
0 924 1141 2 1192 0 924 630 1106 0 0 511
3888 747 0 1 1096 3888 747 0
5393 0 515 2 1096 0 0 515 912 5393 0 0
4867 178 619 2 912 0 178 619 1002 4867 0 0
5401 0 505 2 729 0 0 504 1025 5401 0 1
0 2089 679 2 1002 0 389 584 1025 0 1700 95
5262 0 693 2 1025 0 0 693 986 5262 0 0
808 1740 778 2 986 0 1740 778 897 808 0 0
3250 1000 0 1 897 3250 1000 0
4667 274 562 2 897 0 0 562 1084 4667 274 0
5368 0 549 2 1084 0 0 549 766 5368 0 0
110 2244 0 1 766 110 2244 0
5140 0 858 2 766 0 0 858 673 5140 0 0
2376 1142 698 2 673 0 1142 698 972 2376 0 0
1906 1532 1 1 972 1906 1532 1
5297 0 646 2 972 0 0 645 834 5297 0 1
1048 1872 1 1 834 1048 1872 1
5101 0 911 2 834 0 0 911 644 5101 0 0
0 2207 276 1 644 0 2207 276
4103 505 536 2 644 0 0 536 657 4103 505 0
5773 0 1 1 803 5773 0 1
0 257 1181 2 803 0 257 669 657 0 0 512
5773 0 1 1 1197 5773 0 1
3318 761 725 2 1197 0 761 725 1030 3318 0 0
-1
29 22
6785 0 0 1 233 6785 0 0
4022 847 848 2 233 0 847 848 68 4022 0 0
127 2638 1 1 311 127 2638 1
911 2056 929 2 311 0 0 929 63 911 2056 0
1154 1955 945 2 456 0 1955 944 496 1154 0 1
6080 0 956 2 63 0 0 955 106 6080 0 1
5475 519 1 1 97 5475 519 1
0 0 1447 2 97 0 0 665 575 0 0 782
3252 1165 804 2 106 0 1165 804 324 3252 0 0
811 2367 1 1 68 811 2367 1
4729 581 799 2 68 0 0 799 248 4729 581 0
6785 0 0 1 496 6785 0 0
5773 139 896 2 496 0 125 895 485 5773 14 1
1075 2090 590 2 248 0 0 590 324 1075 2090 0
0 0 1355 2 324 0 0 713 485 0 0 642
3612 1257 1 1 182 3612 1257 1
6387 0 540 2 182 0 0 540 201 6387 0 0
6785 0 0 1 230 6785 0 0
0 985 1573 2 230 0 271 784 201 0 714 789
5713 425 0 1 373 5713 425 0
3361 1157 683 2 373 0 0 682 99 3361 1157 1
4182 885 501 2 99 0 0 501 574 4182 885 0
-1
30 22
4282 1037 1 1 844 4282 1037 1
6464 0 590 2 844 0 0 590 957 6464 0 0
0 1425 1094 2 995 0 0 567 1030 0 1425 527
5937 381 1 1 975 5937 381 1
0 799 1508 2 975 0 0 701 957 0 799 807
6900 0 0 1 1140 6900 0 0
5904 165 785 2 1140 0 165 785 1188 5904 0 0
2241 1602 834 2 1188 0 1602 834 887 2241 0 0
2940 1569 0 1 887 2940 1569 0
6346 0 750 2 887 0 0 750 1108 6346 0 0
3924 1179 0 1 1104 3924 1179 0
6481 0 567 2 1104 0 0 567 1172 6481 0 0
5467 350 744 2 1108 0 350 744 865 5467 0 0
181 2442 753 2 1172 0 296 753 865 181 2146 0
6260 0 867 2 865 0 0 866 678 6260 0 1
1663 1813 896 2 678 0 1813 896 1123 1663 0 0
6900 0 0 1 977 6900 0 0
2669 1431 839 2 977 0 651 839 1123 2669 780 0
4736 691 569 2 1123 0 0 568 1168 4736 691 1
6455 0 602 2 1168 0 0 602 1031 6455 0 0
3256 1195 850 2 1031 0 1195 850 907 3256 0 0
0 2702 109 1 907 0 2702 109
-1
31 23
615 1802 908 2 552 0 1802 908 228 615 0 0
5833 0 0 1 426 5833 0 0
3129 854 743 2 426 0 854 743 228 3129 0 0
1151 1855 0 1 228 1151 1855 0
5279 0 751 2 228 0 0 750 377 5279 0 1
0 2074 811 1 377 0 2074 811
4910 364 6 2 377 0 0 5 355 4910 364 1
5401 0 585 2 355 0 0 585 249 5401 0 0
5833 0 0 1 454 5833 0 0
0 2069 828 1 454 0 2069 828
4440 537 51 2 454 0 0 50 570 4440 537 1
0 1124 1277 2 570 0 0 552 249 0 1124 725
5833 0 0 1 385 5833 0 0
2355 1151 776 2 385 0 1151 776 128 2355 0 0
4624 479 0 1 57 4624 479 0
4869 216 567 2 57 0 0 567 424 4869 216 0
5255 229 0 1 128 5255 229 0
0 0 1436 2 128 0 0 871 424 0 0 565
4416 561 2 1 596 4416 561 2
5426 0 551 2 596 0 0 551 535 5426 0 0
5833 0 0 1 415 5833 0 0
866 1968 0 1 415 866 1968 0
5122 0 963 2 415 0 0 963 534 5122 0 0
-1
32 23
3768 637 791 2 1019 0 637 791 816 3768 0 0
5959 0 0 1 894 5959 0 0
0 2123 814 1 894 0 2123 814
5897 0 84 2 894 0 0 84 853 5897 0 0
141 2305 1 1 853 141 2305 1
1999 1298 927 2 853 0 0 926 816 1999 1298 1
5380 0 785 2 816 0 0 784 978 5380 0 1
1101 1925 0 1 978 1101 1925 0
5270 0 934 2 978 0 0 933 1007 5270 0 1
4954 220 610 2 1007 0 220 609 1051 4954 0 1
1765 1454 711 2 1051 0 1454 711 825 1765 0 0
5287 266 1 1 664 5287 266 1
1484 1593 616 2 664 0 0 616 825 1484 1593 0
5562 0 538 2 825 0 0 538 603 5562 0 0
1724 1678 0 1 603 1724 1678 0
5224 0 996 2 603 0 0 996 1134 5224 0 0
5959 0 0 1 1152 5959 0 0
4582 341 700 2 1152 0 341 700 621 4582 0 0
3049 1153 0 1 621 3049 1153 0
5239 0 976 2 621 0 0 976 819 5239 0 0
53 2340 1 1 819 53 2340 1
1770 1412 847 2 819 0 0 847 1134 1770 1412 0
5270 0 934 2 1134 0 0 934 1065 5270 0 0
-1
33 23
6790 122 773 2 535 0 0 772 540 6790 122 1
3105 1584 767 2 540 0 0 767 427 3105 1584 0
6057 486 522 2 427 0 0 521 50 6057 486 1
3712 1355 727 2 50 0 0 726 167 3712 1355 1
7254 0 562 2 167 0 0 562 84 7254 0 0
7669 0 0 1 460 7669 0 0
3970 1178 983 2 460 0 1178 983 371 3970 0 0
7669 0 0 1 200 7669 0 0
0 1150 1421 2 200 0 530 911 371 0 620 510
5760 756 1 1 288 5760 756 1
0 36 1533 2 288 0 0 723 84 0 36 810
5089 1022 0 1 147 5089 1022 0
2765 1744 680 2 147 0 0 679 180 2765 1744 1
2812 1778 500 2 180 0 0 500 582 2812 1778 0
6609 420 0 1 281 6609 420 0
0 0 1291 2 281 0 0 781 582 0 0 510
7669 0 0 1 217 7669 0 0
6644 152 869 2 217 0 152 869 334 6644 0 0
6282 549 2 1 514 6282 549 2
0 1699 1684 2 514 0 0 757 334 0 1699 927
3032 1837 1 1 47 3032 1837 1
6483 312 540 2 47 0 0 540 386 6483 312 0
3502 1430 755 2 386 0 0 755 231 3502 1430 0
-1
34 22
0 2110 1355 2 939 0 0 535 1065 0 2110 820
1813 3038 0 1 776 1813 3038 0
3833 2080 539 2 776 0 0 539 851 3833 2080 0
5560 1361 658 2 851 0 0 657 1128 5560 1361 1
5197 1697 1 1 643 5197 1697 1
2049 2721 765 2 643 0 0 765 655 2049 2721 0
0 0 1298 2 655 0 0 530 1128 0 0 768
2230 2873 0 1 866 2230 2873 0
3027 2391 568 2 866 0 0 567 636 3027 2391 1
6956 1000 1 1 1076 6956 1000 1
0 0 1484 2 1076 0 0 883 636 0 0 601
1411 3197 1 1 927 1411 3197 1
3208 2336 511 2 927 0 0 511 1066 3208 2336 0
3259 2465 1 1 1082 3259 2465 1
0 0 1251 2 1082 0 0 635 1066 0 0 616
8074 557 1 1 1027 8074 557 1
8016 300 958 2 1027 0 0 958 1166 8016 300 0
3393 2412 0 1 847 3393 2412 0
1827 2844 645 2 847 0 0 645 1105 1827 2844 0
3645 2160 520 2 1105 0 0 519 699 3645 2160 1
0 0 1568 2 699 0 0 644 1166 0 0 924
1530 3150 1 1 611 1530 3150 1
-1
35 23
5045 0 0 1 453 5045 0 0
2748 910 0 1 453 2748 910 0
0 0 1478 2 453 0 0 967 587 0 0 511
5045 0 0 1 319 5045 0 0
20 1991 0 1 319 20 1991 0
4466 0 784 2 319 0 0 784 53 4466 0 0
0 1807 656 1 53 0 1807 656
4818 78 41 2 53 0 0 41 254 4818 78 0
4643 0 544 2 254 0 0 544 511 4643 0 0
1342 1467 1 1 511 1342 1467 1
4434 0 828 2 511 0 0 827 402 4434 0 1
4322 138 508 2 402 0 138 507 482 4322 0 1
3409 648 1 1 482 3409 648 1
4359 0 929 2 482 0 0 929 322 4359 0 0
3710 375 526 2 322 0 375 526 387 3710 0 0
5045 0 0 1 34 5045 0 0
0 1849 513 1 34 0 1849 513
4858 0 253 2 34 0 0 253 591 4858 0 0
2976 641 611 2 591 0 641 611 387 2976 0 0
120 1951 1 1 387 120 1951 1
4327 0 973 2 387 0 0 972 533 4327 0 1
5045 0 0 1 365 5045 0 0
1421 1436 0 1 365 1421 1436 0
-1
36 25
5271 0 0 1 1177 5271 0 0
0 1182 1687 2 1177 0 1182 717 1068 0 0 970
5271 0 0 1 895 5271 0 0
899 1732 1 1 895 899 1732 1
4624 0 877 2 895 0 0 877 799 4624 0 0
5271 0 0 1 777 5271 0 0
2613 1053 1 1 777 2613 1053 1
0 1379 1659 2 777 0 0 992 799 0 1379 667
5271 0 0 1 924 5271 0 0
2603 858 681 2 924 0 858 681 990 2603 0 0
5271 0 0 1 1080 5271 0 0
0 2064 84 1 1080 0 2064 84
1841 1145 732 2 1080 0 0 731 990 1841 1145 1
4813 0 621 2 990 0 0 620 1053 4813 0 1
5271 0 0 1 1159 5271 0 0
1883 1342 2 1 1159 1883 1342 2
3082 592 942 2 1159 0 0 942 1053 3082 592 0
4540 14 943 2 1053 0 0 942 634 4540 14 1
5271 0 0 1 638 5271 0 0
2702 1018 0 1 638 2702 1018 0
0 0 1504 2 638 0 0 999 634 0 0 505
5271 0 0 1 923 5271 0 0
2255 1195 0 1 923 2255 1195 0
4556 0 969 2 923 0 0 969 1005 4556 0 0
4695 228 1 1 987 4695 228 1
-1
37 21
1927 2425 758 2 459 0 2425 758 294 1927 0 0
2056 2378 744 2 533 0 2378 744 294 2056 0 0
0 3280 445 1 294 0 3280 445
2949 2136 362 2 294 0 0 362 136 2949 2136 0
6158 970 1 1 515 6158 970 1
0 0 1356 2 515 0 0 791 136 0 0 565
8438 67 0 1 278 8438 67 0
7909 0 945 2 278 0 0 945 242 7909 0 0
4866 1193 989 2 242 0 983 988 379 4866 210 1
7246 539 1 1 209 7246 539 1
0 0 1427 2 209 0 0 864 379 0 0 563
6128 982 1 1 33 6128 982 1
7196 328 790 2 33 0 0 789 142 7196 328 1
7990 0 836 2 142 0 0 835 172 7990 0 1
6322 905 1 1 189 6322 905 1
3312 1863 803 2 189 0 0 802 188 3312 1863 1
6047 731 969 2 172 0 731 968 176 6047 0 1
0 1747 1439 2 176 0 1747 865 188 0 0 574
5889 1077 0 1 192 5889 1077 0
8035 0 775 2 192 0 0 774 595 8035 0 1
7122 317 928 2 595 0 317 927 323 7122 0 1
-1
38 24
5316 0 0 1 1023 5316 0 0
2494 1118 1 1 1023 2494 1118 1
4585 0 991 2 1023 0 0 991 1114 4585 0 0
5316 0 0 1 700 5316 0 0
2360 1171 1 1 700 2360 1171 1
0 464 1543 2 700 0 0 982 1114 0 464 561
5316 0 0 1 1075 5316 0 0
2363 966 698 2 1075 0 966 698 631 2363 0 0
155 2045 0 1 631 155 2045 0
4942 0 507 2 631 0 0 507 815 4942 0 0
0 2006 344 1 815 0 2006 344
5000 0 429 2 815 0 0 428 601 5000 0 1
2033 1301 0 1 601 2033 1301 0
4633 0 926 2 601 0 0 925 1111 4633 0 1
5316 0 0 1 1145 5316 0 0
0 1418 1262 2 1145 0 993 701 1111 0 425 561
5316 0 0 1 750 5316 0 0
1097 1452 752 2 750 0 1452 752 1083 1097 0 0
5316 0 0 1 1083 5316 0 0
4498 112 726 2 1083 0 112 725 732 4498 0 1
4099 482 1 1 822 4099 482 1
4199 294 508 2 822 0 0 508 732 4199 294 0
4580 0 998 2 732 0 0 998 627 4580 0 0
3320 622 578 2 627 0 622 578 719 3320 0 0
-1
39 19
7495 83 813 2 245 0 0 813 326 7495 83 0
7683 0 842 2 326 0 0 842 541 7683 0 0
4175 1381 873 2 541 0 156 871 349 4175 1225 2
3151 2042 0 1 45 3151 2042 0
0 0 1175 2 45 0 0 577 349 0 0 598
4120 1658 0 1 318 4120 1658 0
3597 1677 644 2 318 0 0 642 442 3597 1677 2
5327 1009 584 2 442 0 0 584 481 5327 1009 0
2687 2020 704 2 481 0 0 704 522 2687 2020 0
7918 0 524 2 522 0 0 523 140 7918 0 1
4694 1158 932 2 140 0 470 931 583 4694 688 1
7391 187 598 2 583 0 0 597 342 7391 187 1
7684 0 841 2 342 0 0 841 598 7684 0 0
5301 920 923 2 598 0 614 922 32 5301 306 1
3643 1847 0 1 143 3643 1847 0
4162 1463 610 2 143 0 0 610 90 4162 1463 0
5705 847 626 2 90 0 0 625 494 5705 847 1
0 0 1349 2 494 0 0 727 32 0 0 622
8279 10 0 1 96 8279 10 0
-1
40 22
5959 0 955 2 719 0 0 955 956 5959 0 0
4660 794 0 1 706 4660 794 0
6217 0 606 2 706 0 0 606 1003 6217 0 0
2115 1550 863 2 1003 0 1550 863 956 2115 0 0
4175 701 975 2 956 0 701 975 625 4175 0 0
1412 2081 0 1 625 1412 2081 0
5952 33 852 2 625 0 0 852 1156 5952 33 0
3110 1408 1 1 681 3110 1408 1
0 0 1166 2 681 0 0 501 1156 0 0 665
6664 0 0 1 826 6664 0 0
5237 338 778 2 826 0 338 778 1026 5237 0 0
831 2311 1 1 1026 831 2311 1
5977 0 931 2 1026 0 0 930 1006 5977 0 1
6419 97 0 1 936 6419 97 0
6129 0 725 2 936 0 0 724 1132 6129 0 1
6664 0 0 1 980 6664 0 0
5002 428 788 2 980 0 428 788 1170 5002 0 0
862 2034 906 2 1132 0 2034 906 1170 862 0 0
5141 400 696 2 1170 0 400 696 913 5141 0 0
5033 646 1 1 911 5033 646 1
982 2067 630 2 911 0 0 630 913 982 2067 0
0 80 1582 2 913 0 0 910 1006 0 80 672
-1
