1 10
4900 1 0 1 5 4900 1 0
4096 203 567 2 5 0 202 567 1 4096 1 0
0 1987 37 1 1 0 1987 37
4551 2 639 2 1 0 0 639 3 4551 2 0
230 1747 700 2 3 0 1747 700 2 230 0 0
4900 1 0 1 2 4900 1 0
2128 1129 1 1 2 2128 1129 1
4395 1 931 2 2 0 0 931 4 4395 1 0
772 1681 0 1 4 772 1681 0
0 0 761 1 4 0 0 761
-1
2 11
3790 0 0 1 10 3790 0 0
205 1459 0 1 10 205 1459 0
3461 0 606 2 10 0 0 606 8 3461 0 0
2458 542 0 1 8 2458 542 0
3395 2 718 2 8 0 1 718 6 3395 1 0
3790 0 0 1 6 3790 0 0
3024 132 813 2 6 0 131 813 7 3024 1 0
2254 625 0 1 7 2254 625 0
3431 1 656 2 7 0 0 656 9 3431 1 0
3790 0 0 1 9 3790 0 0
0 1274 944 1 9 0 1274 944
-1
3 0
-1
4 0
-1
5 0
-1
