1 70
2185 0 296 2 88 2185 0 295 213 0 0 1
498 470 160 2 88 0 470 0 213 498 0 160
463 488 7 2 213 463 488 0 769 0 0 7
1897 83 223 2 960 1897 83 220 949 0 0 3
1660 149 204 2 769 1660 149 194 104 0 0 10
524 466 105 2 104 524 466 100 949 0 0 5
2195 0 246 2 949 2195 0 243 825 0 0 3
1954 64 283 2 949 0 64 0 825 1954 0 283
2195 0 246 1 731 2195 0 246
45 603 1 2 731 0 28 1 825 45 575 0
1248 264 168 1 896 1248 264 168
550 458 121 2 348 550 458 112 726 0 0 9
2187 0 286 1 726 2187 0 286
489 468 242 2 726 0 468 0 1013 489 0 242
1480 209 8 2 1013 1480 209 0 1098 0 0 8
849 375 139 2 602 849 375 136 1098 0 0 3
462 483 105 1 1193 462 483 105
1248 264 168 2 1098 1248 264 157 936 0 0 11
861 372 133 2 936 861 372 126 906 0 0 7
2190 0 271 2 239 2190 0 269 792 0 0 2
1080 312 127 2 239 0 231 0 792 1080 81 127
937 350 155 2 1060 937 350 143 1194 0 0 12
2186 0 291 2 1109 2186 0 288 53 0 0 3
705 406 294 2 1109 0 406 0 53 705 0 294
2186 0 291 2 1188 2186 0 289 1194 0 0 2
704 415 132 2 1188 0 415 0 1194 704 0 132
1087 309 148 2 906 1086 309 148 53 1 0 0
1864 104 0 2 53 1863 104 0 1194 1 0 0
0 609 118 2 1194 0 609 0 108 0 0 118
1199 277 176 2 29 1199 277 164 434 0 0 12
1535 184 191 1 35 1535 184 191
412 497 99 2 434 412 497 89 1101 0 0 10
1847 97 217 2 262 1847 97 216 108 0 0 1
437 490 102 1 1155 437 490 102
1389 231 62 2 1155 0 0 1 108 1389 231 61
2147 13 249 2 635 2147 13 240 1101 0 0 9
1136 295 162 2 511 1136 295 159 463 0 0 3
1710 135 209 2 463 1710 135 202 1101 0 0 7
2194 0 251 2 1101 2194 0 248 435 0 0 3
1203 272 248 2 1101 0 272 0 435 1203 0 248
874 368 141 2 278 874 368 138 1106 0 0 3
2195 0 246 1 1090 2195 0 246
659 434 2 2 1090 0 28 1 435 659 406 1
1223 271 165 2 1106 1223 271 163 974 0 0 2
1872 90 220 2 7 1872 90 218 974 0 0 2
1722 132 204 2 974 1722 132 202 823 0 0 2
1386 225 189 2 1057 1386 225 179 418 0 0 10
1473 201 191 2 722 1473 201 186 823 0 0 5
2189 0 276 1 418 2189 0 276
817 385 116 2 418 0 385 0 823 817 0 116
1138 290 244 2 823 0 290 0 1003 1138 0 244
610 448 2 2 1003 610 448 0 647 0 0 2
2195 0 246 1 647 2195 0 246
1150 291 156 2 647 0 46 1 99 1150 245 155
2192 0 261 2 909 2192 0 258 728 0 0 3
1725 130 225 2 909 0 130 0 728 1725 0 225
637 434 123 2 1185 637 434 119 816 0 0 4
1011 330 145 1 816 1011 330 145
738 406 127 2 361 737 406 127 728 1 0 0
1011 326 220 2 728 0 326 0 479 1011 0 220
488 481 10 2 479 488 481 0 384 0 0 10
948 348 136 2 384 948 348 134 1024 0 0 2
2185 0 296 2 1100 2185 0 294 281 0 0 2
504 461 297 2 1100 0 461 0 281 504 0 297
1672 146 199 1 1024 1672 146 199
2191 0 264 2 1024 0 0 1 335 2191 0 263
1602 176 0 2 335 0 176 0 281 1602 0 0
52 585 297 2 281 0 585 0 697 52 0 297
2243 0 3 2 697 2243 0 0 759 0 0 3
840 378 126 2 697 0 378 0 759 840 0 126
-1
2 39
782 389 130 2 693 781 389 130 759 1 0 0
2170 0 283 2 831 2170 0 281 347 0 0 2
861 359 282 2 831 0 359 0 347 861 0 282
882 363 103 2 759 0 318 0 1048 882 45 103
1905 76 220 2 959 1904 76 220 347 1 0 0
1493 201 1 2 347 1493 201 0 655 0 0 1
1667 142 208 2 655 1667 142 200 1142 0 0 8
1117 296 150 2 1142 1117 296 149 492 0 0 1
731 403 130 2 492 731 403 125 19 0 0 5
756 396 132 2 19 756 396 123 1018 0 0 9
1716 129 200 2 1018 1716 129 196 306 0 0 4
1941 66 224 2 306 1941 66 219 603 0 0 5
1193 274 172 2 524 1193 274 163 315 0 0 9
918 351 143 2 603 918 351 136 399 0 0 7
1442 205 185 2 315 1442 205 174 657 0 0 11
768 393 127 2 399 768 393 122 657 0 0 5
880 362 132 2 657 880 362 122 1129 0 0 10
1392 219 179 1 28 1392 219 179
1118 295 164 2 1169 1118 295 157 745 0 0 7
1442 205 185 2 753 1442 205 183 1129 0 0 2
1928 70 216 2 1129 1928 70 210 275 0 0 6
2171 0 278 2 487 2171 0 276 761 0 0 2
1040 313 224 2 487 0 313 0 761 1040 0 224
529 465 8 2 761 529 465 0 275 0 0 8
1816 101 211 2 745 1816 101 206 282 0 0 5
1492 191 190 2 282 1492 191 182 275 0 0 8
1540 179 168 1 275 1540 179 168
1592 163 196 2 275 0 0 1 155 1592 163 195
2141 10 245 2 681 2141 10 239 583 0 0 6
431 487 98 2 583 431 487 96 197 0 0 2
1642 149 206 2 197 1642 149 197 11 0 0 9
2153 7 240 2 11 2153 7 231 803 0 0 9
1953 63 219 2 803 1953 63 215 49 0 0 4
1842 93 227 2 97 1842 93 215 49 0 0 12
1266 255 153 1 49 1266 255 153
781 389 135 2 560 781 389 130 1134 0 0 5
2174 0 262 2 1134 2174 0 260 663 0 0 2
984 334 121 2 1134 0 211 0 663 984 123 121
1043 316 156 2 805 1043 316 151 223 0 0 5
-1
3 36
1054 267 168 2 406 0 267 0 570 1054 0 168
1554 129 187 1 132 1554 129 187
1766 70 203 1 764 1766 70 203
2014 0 236 2 764 0 0 1 397 2014 0 235
1879 38 221 2 1066 1879 38 213 1075 0 0 8
293 476 164 2 570 0 476 0 419 293 0 164
2013 0 244 2 1075 2013 0 242 1027 0 0 2
1140 237 290 2 1075 0 237 0 1027 1140 0 290
851 332 0 1 419 851 332 0
1284 213 4 2 1027 1284 213 1 1035 0 0 3
2007 0 275 1 1035 2007 0 275
171 504 264 2 1035 0 504 1 223 171 0 263
1636 101 286 2 397 0 101 0 310 1636 0 286
2004 0 287 1 273 2004 0 287
19 560 0 1 273 19 560 0
515 424 0 2 310 514 424 0 223 1 0 0
2061 0 2 2 223 2061 0 0 74 0 0 2
1364 179 223 2 223 0 179 0 74 1364 0 223
2010 0 259 1 938 2010 0 259
575 407 0 2 938 0 321 0 74 575 86 0
1193 229 169 2 370 1193 229 158 411 0 0 11
756 351 130 2 453 756 351 123 411 0 0 7
1590 120 171 1 411 1590 120 171
2013 0 244 2 411 0 0 1 9 2013 0 243
1335 183 299 2 9 0 183 1 778 1335 0 298
1090 266 8 2 778 1090 266 1 683 0 0 7
2018 0 219 1 683 2018 0 219
1950 16 268 2 683 0 16 0 515 1950 0 268
1256 212 164 2 1067 1255 212 163 515 1 0 1
782 344 125 2 219 781 344 125 515 1 0 0
1242 216 161 1 439 1242 216 161
0 469 1 2 439 0 0 1 515 0 469 0
569 403 117 2 1 569 403 108 364 0 0 9
1030 275 145 1 1174 1030 275 145
906 309 145 2 26 906 309 135 364 0 0 10
1141 245 137 2 364 1141 245 135 641 0 0 2
-1
4 33
1140 147 142 1 1154 1140 147 142
1656 0 243 2 1154 0 0 1 1097 1656 0 242
1365 84 166 2 1020 1365 84 161 175 0 0 5
88 443 5 2 1097 88 443 1 822 0 0 4
1664 0 202 2 822 1664 0 201 175 0 0 1
989 181 277 2 822 0 181 0 175 989 0 277
1652 14 5 2 175 1652 14 0 812 0 0 5
1661 0 218 1 812 1661 0 218
385 346 291 2 812 0 346 0 794 385 0 291
1663 0 207 2 980 1663 0 206 794 0 0 1
1007 191 0 2 980 0 191 0 794 1007 0 0
1665 0 195 1 269 1665 0 195
1184 142 0 2 269 0 90 0 794 1184 52 0
1203 129 155 2 285 1203 129 148 654 0 0 7
1415 70 171 2 182 1415 70 165 420 0 0 6
604 296 106 2 1102 604 296 100 921 0 0 6
1656 0 243 2 448 1656 0 240 1157 0 0 3
51 453 8 2 448 51 453 0 1157 0 0 8
1327 95 155 2 420 1327 95 152 1157 0 0 3
1659 0 228 2 797 1659 0 225 1157 0 0 3
317 366 263 2 797 0 366 0 1157 317 0 263
653 283 98 1 921 653 283 98
791 244 119 2 1088 791 244 115 566 0 0 4
1655 0 248 1 654 1655 0 248
238 402 2 2 654 238 402 0 566 0 0 2
1552 32 176 1 284 1552 32 176
1652 0 263 1 566 1652 0 263
417 353 0 2 566 416 353 0 1157 1 0 0
1645 0 298 1 705 1645 0 298
799 248 1 2 705 798 248 1 1157 1 0 0
1704 0 0 1 1157 1704 0 0
41 456 3 2 1157 41 456 0 854 0 0 3
1658 0 233 2 727 1658 0 232 846 0 0 1
-1
5 27
1424 287 190 2 890 1423 287 190 846 1 0 0
1585 242 203 1 266 1585 242 203
1273 329 181 2 872 1273 329 178 783 0 0 3
974 412 162 2 437 974 412 154 783 0 0 8
2248 58 245 2 783 2246 58 245 846 2 0 0
838 458 2 2 846 838 458 0 854 0 0 2
300 600 105 2 854 300 600 95 457 0 0 10
2454 0 274 1 457 2454 0 274
690 492 120 2 457 0 102 0 206 690 390 120
2446 2 278 2 545 2446 2 272 577 0 0 6
1161 360 175 2 973 1161 360 169 904 0 0 6
2409 12 280 2 1117 2409 12 269 904 0 0 11
1822 176 225 2 577 1822 176 216 904 0 0 9
2444 4 251 2 904 2444 4 246 533 0 0 5
2196 72 251 1 1016 2196 72 251
1485 270 196 2 1016 0 0 1 427 1485 270 195
2450 0 294 1 304 2450 0 294
1394 296 166 2 304 0 205 1 639 1394 91 165
412 569 110 2 342 412 569 109 163 0 0 1
337 590 102 2 533 337 590 98 163 0 0 4
1036 395 162 2 519 1036 395 159 748 0 0 3
362 583 105 2 748 362 583 102 163 0 0 3
1684 215 204 2 163 1684 215 203 395 0 0 1
2122 92 257 2 934 2122 92 246 667 0 0 11
2452 0 284 2 429 2452 0 281 667 0 0 3
555 530 98 2 429 0 77 0 667 555 453 98
2309 40 270 2 468 2309 40 261 1126 0 0 9
-1
6 27
1757 70 206 2 395 1757 70 202 1126 0 0 4
1706 85 188 2 1126 1706 85 179 351 0 0 9
1996 0 288 1 703 1996 0 288
58 547 4 2 703 58 547 1 297 0 0 3
709 362 122 2 297 709 362 116 914 0 0 6
1457 154 175 2 351 1457 154 170 914 0 0 5
808 335 120 2 914 808 335 116 461 0 0 4
996 282 146 2 461 996 282 138 712 0 0 8
1158 237 156 2 798 1158 237 155 802 0 0 1
858 321 125 2 712 858 321 123 622 0 0 2
1083 258 149 1 432 1083 258 149
784 341 130 2 802 784 341 124 289 0 0 6
1158 237 156 2 111 1158 237 155 289 0 0 1
1258 209 167 2 622 1258 209 161 289 0 0 6
908 307 130 2 289 908 307 122 18 0 0 8
1482 147 177 2 18 1482 147 173 552 0 0 4
1358 181 177 2 309 1358 181 171 638 0 0 6
1732 77 204 2 638 1732 77 195 92 0 0 9
2004 0 248 2 945 2004 0 246 92 0 0 2
1255 210 164 2 945 0 210 0 92 1255 0 164
1998 0 277 2 711 1998 0 276 92 0 0 1
281 486 0 2 711 0 486 0 92 281 0 0
1998 0 278 2 324 1998 0 277 1025 0 0 1
220 495 142 2 324 0 495 0 1025 220 0 142
534 411 104 1 1105 534 411 104
1121 247 153 2 1105 0 0 1 1054 1121 247 152
2000 0 268 1 143 2000 0 268
-1
7 25
545 409 112 2 572 545 409 106 933 0 0 6
869 319 132 1 211 869 319 132
1282 204 161 2 552 1281 204 161 1025 1 0 0
2058 0 1 1 447 2058 0 1
1597 116 190 2 447 0 3 0 344 1597 113 190
2003 0 278 1 588 2003 0 278
239 499 0 2 588 0 499 0 1025 239 0 0
861 321 126 2 92 0 48 0 885 861 273 126
362 465 5 2 1025 362 465 0 151 0 0 5
1942 20 219 2 933 1942 20 212 151 0 0 7
681 372 106 2 151 681 372 105 912 0 0 1
2014 0 224 1 912 2014 0 224
1072 262 147 2 912 0 20 1 709 1072 242 146
2005 0 269 1 852 2005 0 269
478 425 155 2 852 0 425 1 985 478 0 154
1506 141 193 2 972 1506 141 183 564 0 0 10
474 434 10 2 985 474 434 0 564 0 0 10
2003 0 279 2 564 2003 0 278 288 0 0 1
158 521 4 2 564 158 521 0 288 0 0 4
982 287 151 2 968 982 287 141 779 0 0 10
2012 0 234 2 779 2012 0 232 288 0 0 2
1372 180 147 2 779 0 166 0 288 1372 14 147
483 426 112 2 291 483 426 101 600 0 0 11
1430 163 172 2 600 1430 163 166 808 0 0 6
1780 65 208 2 593 1780 65 205 808 0 0 3
-1
8 25
1554 0 227 2 984 1554 0 224 270 0 0 3
58 422 12 2 984 58 422 0 270 0 0 12
1565 0 171 2 270 1565 0 169 408 0 0 2
1215 91 263 2 270 0 91 0 408 1215 0 263
1021 158 9 2 408 1021 158 1 42 0 0 8
1555 2 185 2 537 1555 2 173 42 0 0 12
1405 44 169 2 595 1405 44 161 212 0 0 8
1550 0 247 2 212 1550 0 246 38 0 0 1
410 326 2 2 212 410 326 0 38 0 0 2
705 240 95 2 42 705 240 85 1001 0 0 10
1548 0 257 2 38 1548 0 256 656 0 0 1
475 308 5 2 38 475 308 0 656 0 0 5
1555 0 222 1 1001 1555 0 222
143 399 6 2 1001 143 399 1 656 0 0 5
1565 0 171 2 656 1565 0 169 671 0 0 2
1352 55 232 2 656 0 55 0 671 1352 0 232
435 319 4 2 671 435 319 0 98 0 0 4
1118 124 145 2 1163 1118 124 138 962 0 0 7
1559 0 201 2 158 1559 0 199 534 0 0 2
708 232 228 2 158 0 232 0 534 708 0 228
1105 128 137 2 98 1105 128 133 994 0 0 4
668 250 98 1 994 668 250 98
1285 86 2 2 534 1285 86 1 962 0 0 1
1317 69 153 2 962 1317 69 146 932 0 0 7
1541 0 292 2 553 1541 0 290 932 0 0 2
-1
9 24
2149 0 299 1 590 2149 0 299
172 551 136 2 590 0 551 1 606 172 0 135
603 440 5 2 606 603 440 0 546 0 0 5
1686 132 207 2 1023 1686 132 202 932 0 0 5
500 463 102 1 546 500 463 102
601 434 126 2 305 601 434 115 932 0 0 11
998 325 128 2 932 998 325 119 845 0 0 9
2010 42 228 1 471 2010 42 228
2148 3 249 2 185 2148 3 239 845 0 0 10
2154 0 274 2 845 2154 0 272 472 0 0 2
470 465 217 2 845 0 465 0 472 470 0 217
1247 263 12 2 472 1247 263 1 1199 0 0 11
2023 38 236 2 477 2023 38 229 1199 0 0 7
2150 0 294 2 961 2150 0 291 677 0 0 3
471 469 135 2 961 0 469 0 677 471 0 135
1661 140 182 2 1199 1660 140 182 677 1 0 0
1848 87 215 1 702 1848 87 215
227 543 8 2 677 227 543 0 1173 0 0 8
1561 167 194 2 1173 1561 167 184 1065 0 0 10
1636 146 202 2 205 1636 146 198 1065 0 0 4
1886 76 228 2 538 1886 76 218 733 0 0 10
1524 177 197 2 644 1524 177 189 733 0 0 8
2047 32 225 2 1065 2047 32 217 990 0 0 8
2156 0 264 1 733 2156 0 264
-1
10 21
1684 0 1 2 990 1684 0 0 950 0 0 1
1364 75 234 2 990 0 75 0 950 1364 0 234
1635 3 194 2 1037 1635 3 182 871 0 0 12
399 352 10 2 950 399 352 0 871 0 0 10
799 236 126 2 646 799 236 115 871 0 0 11
1644 0 203 2 871 1644 0 200 514 0 0 3
12 453 105 2 871 0 453 0 514 12 0 105
699 270 5 2 514 699 270 1 760 0 0 4
1640 0 224 2 760 1640 0 221 536 0 0 3
255 385 127 2 760 0 385 0 536 255 0 127
625 290 10 2 536 625 290 0 718 0 0 10
686 268 107 2 718 686 268 96 899 0 0 11
1629 0 279 1 584 1629 0 279
579 303 3 2 584 579 303 0 107 0 0 3
1645 0 198 2 107 1645 0 196 899 0 0 2
824 231 88 2 107 0 146 0 899 824 85 88
1210 122 149 2 1029 1210 122 148 847 0 0 1
1642 0 214 1 231 1642 0 214
598 284 255 2 231 0 284 0 847 598 0 255
1684 0 1 2 847 1684 0 0 910 0 0 1
1556 22 243 2 847 0 22 0 910 1556 0 243
-1
11 21
392 536 3 2 558 392 536 0 450 0 0 3
1586 198 195 2 450 1584 198 195 910 2 0 0
1923 104 225 2 190 1921 104 225 910 2 0 0
0 636 142 2 910 0 636 0 1056 0 0 142
1823 139 86 2 1056 1823 139 76 358 0 0 10
1022 355 154 2 358 1022 355 143 632 0 0 11
522 495 102 2 632 522 495 101 412 0 0 1
1347 264 179 2 632 0 0 1 412 1347 264 178
2292 0 277 2 280 2292 0 275 988 0 0 2
1636 183 220 2 280 0 183 0 988 1636 0 220
885 393 146 2 474 885 393 142 147 0 0 4
799 417 136 2 504 798 417 135 988 1 0 1
2291 0 282 2 1181 2291 0 279 522 0 0 3
1263 289 145 2 1181 0 220 0 522 1263 69 145
673 452 131 2 147 673 452 121 83 0 0 10
945 370 266 2 988 0 370 0 83 945 0 266
1234 305 4 2 83 1234 305 0 562 0 0 4
1983 87 235 2 82 1983 87 230 562 0 0 5
2290 0 287 2 562 2290 0 285 757 0 0 2
989 366 109 2 562 0 356 0 757 989 10 109
2170 35 248 2 292 2170 35 245 665 0 0 3
-1
12 22
2127 0 253 2 1070 2127 0 250 1073 0 0 3
1131 279 138 2 1070 0 141 0 1073 1131 138 138
1548 162 194 2 72 1548 162 190 665 0 0 4
1947 51 223 2 665 1947 51 215 516 0 0 8
475 461 107 2 956 475 461 104 496 0 0 3
1423 197 181 2 105 1423 197 180 496 0 0 1
2060 19 241 2 307 2060 19 231 516 0 0 10
1111 284 154 1 332 1111 284 154
1636 137 198 2 332 0 0 1 568 1636 137 197
2128 0 248 1 150 2128 0 248
1739 104 296 2 150 0 104 0 496 1739 0 296
1735 110 205 1 440 1735 110 205
2128 0 248 2 839 2128 0 244 413 0 0 4
1479 182 173 2 839 0 68 0 413 1479 114 173
2126 0 258 1 52 2126 0 258
1387 205 215 2 52 0 205 1 516 1387 0 214
1225 252 165 2 409 1224 252 164 516 1 0 1
1125 280 156 2 1141 1124 280 156 496 1 0 0
157 554 0 2 516 155 554 0 496 2 0 0
498 460 10 2 496 498 460 0 820 0 0 10
2127 0 253 2 263 2127 0 252 410 0 0 1
1625 141 189 2 263 0 141 0 410 1625 0 189
-1
13 20
1854 0 253 1 497 1854 0 253
0 423 1 2 497 0 423 0 738 0 0 1
1488 105 168 2 820 1488 105 167 589 0 0 1
977 247 134 1 589 977 247 134
1855 0 248 2 589 0 0 1 999 1855 0 247
1845 0 298 2 741 1845 0 297 252 0 0 1
422 406 9 2 741 422 406 0 252 0 0 9
1764 28 190 2 252 1763 28 189 999 1 0 1
474 376 299 2 999 0 376 0 824 474 0 299
953 253 145 2 1165 953 253 134 954 0 0 11
1788 21 200 1 535 1788 21 200
1903 0 2 2 535 0 0 1 824 1903 0 1
853 281 134 2 633 853 281 126 943 0 0 8
1064 223 137 2 954 1064 223 132 943 0 0 5
1854 0 253 2 580 1854 0 251 716 0 0 2
400 405 137 2 580 0 405 0 716 400 0 137
675 323 260 2 824 0 323 0 943 675 0 260
1736 46 2 2 943 1736 46 0 178 0 0 2
941 257 131 2 178 940 257 131 716 1 0 0
452 398 5 2 716 452 398 0 586 0 0 5
-1
14 20
250 524 257 2 993 0 524 1 339 250 0 256
2007 56 1 1 339 2007 56 1
1173 276 162 2 586 1173 276 156 255 0 0 6
1709 127 199 2 255 1709 127 198 1078 0 0 1
699 408 126 2 1078 699 408 122 575 0 0 4
2159 0 265 2 95 2159 0 264 575 0 0 1
1366 217 274 2 95 0 217 0 575 1366 0 274
487 467 106 1 249 487 467 106
742 403 0 1 575 742 403 0
525 456 121 2 525 525 456 109 694 0 0 12
1709 127 199 2 694 1709 127 192 1148 0 0 7
2021 40 225 2 1148 2021 40 222 1058 0 0 3
512 460 113 2 1058 512 460 105 20 0 0 8
2158 0 270 2 20 2158 0 269 253 0 0 1
933 335 288 2 20 0 335 0 253 933 0 288
911 349 140 1 311 911 349 140
1463 205 5 2 253 1463 205 0 55 0 0 5
1522 179 186 2 55 1522 179 184 15 0 0 2
2009 43 230 2 15 2009 43 226 1158 0 0 4
999 324 157 2 106 999 324 147 1158 0 0 10
-1
15 18
1493 243 165 2 30 0 107 0 1158 1493 136 165
2245 32 262 2 140 2245 32 253 551 0 0 9
447 534 99 1 551 447 534 99
2356 0 290 2 551 0 0 1 64 2356 0 289
1450 254 188 2 64 0 254 1 232 1450 0 187
398 547 107 2 237 398 547 105 314 0 0 2
1271 304 172 1 314 1271 304 172
0 233 1 2 314 0 0 1 232 0 233 0
2355 0 295 2 833 2355 0 292 3 0 0 3
1373 273 228 2 833 0 273 0 3 1373 0 228
74 641 12 2 3 74 641 1 529 0 0 11
722 457 128 2 529 722 457 120 125 0 0 8
1047 366 162 2 576 1047 366 157 567 0 0 5
398 547 107 2 567 398 547 100 125 0 0 7
2194 47 243 2 125 2194 47 234 875 0 0 9
2032 92 233 2 875 2032 92 227 8 0 0 6
635 481 125 2 445 635 481 124 8 0 0 1
1084 356 159 1 376 1084 356 159
-1
16 19
432 551 109 2 1135 430 551 109 8 2 0 0
1126 359 131 2 8 0 315 1 400 1126 44 130
2139 75 252 2 336 2139 75 246 1050 0 0 6
2407 0 280 1 1050 2407 0 280
1583 231 183 2 1050 0 167 0 172 1583 64 183
2407 0 280 1 1108 2407 0 280
1796 171 206 2 1108 0 122 1 715 1796 49 205
1153 350 169 2 916 1153 350 167 1191 0 0 2
455 544 122 2 367 455 544 111 1191 0 0 11
2407 0 280 2 1191 2407 0 278 876 0 0 2
796 451 112 2 1191 0 212 0 876 796 239 112
2401 2 273 2 486 2401 2 267 874 0 0 6
1540 242 203 2 401 1540 242 198 114 0 0 5
1291 311 190 2 1046 1291 311 178 561 0 0 12
1041 381 159 2 876 0 0 1 209 1041 381 158
2405 0 290 2 623 2405 0 289 874 0 0 1
1708 196 199 2 623 0 196 0 874 1708 0 199
966 402 156 2 114 966 402 147 561 0 0 9
1892 146 190 2 874 0 146 0 561 1892 0 190
-1
17 20
1539 0 292 1 1026 1539 0 292
910 188 7 2 1026 910 188 1 286 0 0 6
1550 0 236 1 498 1550 0 236
188 386 7 2 498 188 386 0 765 0 0 7
1280 79 145 1 286 1280 79 145
1559 0 191 1 765 1559 0 191
710 232 207 2 765 0 232 1 295 710 0 206
986 167 10 2 295 986 167 1 428 0 0 9
1552 0 226 2 428 1552 0 225 1051 0 0 1
160 394 2 2 428 160 394 0 1051 0 0 2
806 211 109 1 1051 806 211 109
1548 0 246 2 1051 0 0 1 935 1548 0 245
1545 0 261 1 1074 1545 0 261
506 299 0 2 1074 505 299 0 935 1 0 0
1541 0 282 1 532 1541 0 282
771 226 9 2 532 771 226 0 579 0 0 9
1544 0 266 1 579 1544 0 266
681 251 0 2 579 680 251 0 935 1 0 0
300 355 13 2 935 300 355 0 891 0 0 13
1541 0 282 2 548 1541 0 280 73 0 0 2
-1
18 18
2107 107 251 2 1110 2107 107 246 891 0 0 5
1857 177 225 1 1168 1857 177 225
1159 371 171 2 1168 0 0 1 937 1159 371 170
1845 180 230 2 242 1845 180 225 891 0 0 5
1008 414 149 1 73 1008 414 149
1569 258 188 2 891 1569 258 180 246 0 0 8
1221 354 178 2 829 1221 354 175 438 0 0 3
435 573 115 2 438 435 573 109 414 0 0 6
797 472 146 2 414 797 472 135 246 0 0 11
1507 275 188 2 246 1507 275 179 490 0 0 9
2182 86 259 2 86 2182 86 252 1045 0 0 7
1783 197 230 2 853 1783 197 220 503 0 0 10
934 434 154 2 490 934 434 143 300 0 0 11
1608 246 212 2 800 1608 246 206 33 0 0 6
2491 0 282 2 1059 2491 0 280 1082 0 0 2
2387 29 273 2 1059 0 29 0 1082 2387 0 273
737 489 136 2 661 735 489 136 1082 2 0 0
1745 208 217 1 826 1745 208 217
-1
19 18
1765 86 250 2 1082 0 86 0 1064 1765 0 250
2077 0 258 1 300 2077 0 258
830 344 219 2 300 0 344 0 216 830 0 219
2081 0 235 1 503 2081 0 235
939 326 0 2 503 0 124 0 216 939 202 0
321 485 196 2 1064 0 485 0 33 321 0 196
1296 228 4 2 33 1296 228 1 556 0 0 3
818 352 135 2 556 818 352 127 50 0 0 8
743 373 127 2 32 743 373 124 736 0 0 3
1404 189 177 2 736 1404 189 174 244 0 0 3
581 418 117 2 1068 581 418 111 50 0 0 6
1166 256 145 2 50 1166 256 144 244 0 0 1
2082 0 233 2 244 2082 0 230 459 0 0 3
1574 142 184 2 244 0 24 0 459 1574 118 184
569 421 111 2 459 0 0 1 1096 569 421 110
1330 209 182 2 85 1330 209 171 544 0 0 11
1829 70 221 2 491 1829 70 211 544 0 0 10
1939 41 200 2 544 1939 41 199 807 0 0 1
-1
20 18
1010 153 252 2 149 0 153 0 807 1010 0 252
1147 129 2 2 807 1147 129 1 624 0 0 1
1582 0 180 1 624 1582 0 180
1380 56 169 2 624 0 56 1 640 1380 0 168
1567 0 253 1 848 1567 0 253
367 343 0 1 848 367 343 0
1098 132 193 2 640 0 132 0 1160 1098 0 193
1564 0 271 1 746 1564 0 271
607 277 4 2 746 607 277 1 898 0 0 3
1577 0 205 2 454 1577 0 203 898 0 0 2
674 250 161 2 454 0 250 0 898 674 0 161
272 369 0 2 1160 270 369 0 898 2 0 0
516 302 3 2 898 516 302 0 394 0 0 3
874 197 128 2 1145 874 197 119 374 0 0 9
1560 0 291 1 975 1560 0 291
861 207 10 2 975 861 207 1 58 0 0 9
1260 90 149 1 1192 1260 90 149
1273 86 152 2 1192 0 0 1 1113 1273 86 151
-1
21 16
22 642 9 2 844 22 642 0 374 0 0 9
2312 0 265 2 528 2312 0 264 374 0 0 1
2077 64 273 2 528 0 64 0 374 2077 0 273
1653 184 204 2 188 1652 184 204 374 1 0 0
203 577 291 2 374 0 577 0 39 203 0 291
2306 0 296 2 394 2306 0 294 1170 0 0 2
969 367 290 2 394 0 367 0 1170 969 0 290
1691 174 198 2 58 1689 174 198 39 2 0 0
2364 0 1 2 39 2364 0 0 1170 0 0 1
1474 244 0 2 39 0 50 0 1170 1474 194 0
1041 354 166 2 976 1041 354 155 371 0 0 11
1689 174 208 2 371 1689 174 196 1119 0 0 12
803 421 134 2 1119 803 421 124 202 0 0 10
778 428 132 2 202 778 428 124 977 0 0 8
991 368 161 2 723 991 368 151 977 0 0 10
529 497 119 2 1144 529 497 114 977 0 0 5
-1
22 17
635 511 109 2 227 0 156 0 673 635 355 109
558 531 130 2 1043 558 531 121 838 0 0 9
1032 399 167 2 241 1032 399 159 977 0 0 8
1144 368 172 2 1093 1144 368 168 617 0 0 4
1391 301 158 2 977 1391 301 157 838 0 0 1
2464 0 281 1 617 2464 0 281
1782 191 208 2 617 0 101 0 928 1782 90 208
407 574 101 2 838 407 574 99 1167 0 0 2
445 563 112 1 352 445 563 112
695 493 138 2 791 695 493 132 1167 0 0 6
819 459 138 2 1167 819 459 134 430 0 0 4
1107 378 175 2 837 1107 378 165 62 0 0 10
1368 306 182 1 430 1368 306 182
1555 254 195 2 62 1555 254 191 505 0 0 4
2462 0 292 2 815 2462 0 290 1114 0 0 2
1061 392 143 2 815 0 148 0 1114 1061 244 143
1419 291 201 2 1189 1419 291 190 505 0 0 11
-1
23 16
833 471 138 2 505 0 35 0 690 833 436 138
1833 192 233 2 1186 1833 192 225 704 0 0 8
997 425 165 2 192 997 425 158 749 0 0 7
2220 84 267 2 109 2220 84 256 710 0 0 11
498 564 125 2 141 498 564 118 749 0 0 7
2293 65 248 1 749 2293 65 248
1808 199 230 2 957 1808 199 223 1150 0 0 7
2524 0 278 1 1150 2524 0 278
1839 191 221 2 1150 0 50 1 441 1839 141 220
1346 328 188 2 1164 1346 328 186 710 0 0 2
2524 0 278 1 710 2524 0 278
2025 140 221 2 710 0 95 0 704 2025 45 221
1459 296 196 2 704 0 0 1 944 1459 296 195
2523 0 283 1 160 2523 0 283
2078 124 242 2 160 0 33 1 843 2078 91 241
2521 0 293 2 699 2521 0 291 682 0 0 2
-1
24 16
941 301 137 1 452 941 301 137
1428 165 178 2 452 0 0 1 1091 1428 165 177
630 387 124 2 195 630 387 113 592 0 0 11
1191 231 163 2 159 1191 231 158 1179 0 0 5
2006 0 301 2 927 2006 0 298 1179 0 0 3
151 525 2 2 927 151 525 0 1179 0 0 2
941 301 137 1 725 941 301 137
2017 0 245 2 725 0 0 1 1179 2017 0 244
2017 0 245 1 592 2017 0 245
981 287 193 2 592 0 287 0 133 981 0 193
264 494 1 2 133 262 494 0 1179 2 0 1
1009 276 252 2 1179 0 276 0 4 1009 0 252
955 304 11 2 4 955 304 0 526 0 0 11
979 290 148 2 256 979 290 141 526 0 0 7
1752 75 203 1 1152 1752 75 203
2006 0 301 2 68 2006 0 299 353 0 0 2
-1
25 20
2103 0 269 2 1089 2103 0 266 417 0 0 3
984 315 109 2 1089 0 291 0 417 984 24 109
2104 0 264 2 526 2104 0 261 353 0 0 3
643 407 146 2 526 0 407 0 353 643 0 146
1456 182 182 1 12 1456 182 182
1069 290 151 1 708 1069 290 151
296 510 4 2 353 296 510 0 818 0 0 4
2100 0 284 2 555 2100 0 281 14 0 0 3
555 429 187 2 555 0 429 0 14 555 0 187
789 375 0 1 14 789 375 0
2106 0 250 2 14 0 0 1 818 2106 0 249
1944 46 221 2 517 1943 46 221 818 1 0 0
1169 262 159 1 179 1169 262 159
1995 32 225 2 23 1993 32 225 818 2 0 0
1510 168 168 2 818 0 168 0 67 1510 0 168
2097 0 299 1 989 2097 0 299
16 587 0 1 989 16 587 0
0 2 1 2 989 0 0 1 67 0 2 0
520 443 106 1 261 520 443 106
2103 0 267 2 261 0 0 1 449 2103 0 266
-1
26 16
2475 11 276 2 513 2473 11 276 449 2 0 0
1825 192 224 2 786 1824 192 224 449 1 0 0
539 550 129 2 456 539 550 121 469 0 0 8
2309 58 249 1 469 2309 58 249
0 288 1 2 469 0 0 1 449 0 288 0
2510 0 302 2 325 2510 0 300 958 0 0 2
1830 190 236 2 325 0 190 0 958 1830 0 236
1399 312 168 2 958 0 312 0 79 1399 0 168
1724 220 220 2 379 1724 220 216 652 0 0 4
2104 113 271 2 79 0 113 0 923 2104 0 271
1025 415 160 1 377 1025 415 160
1277 344 192 2 923 0 344 1 596 1277 0 191
1898 172 225 1 652 1898 172 225
0 442 1 2 652 0 0 1 596 0 442 0
1213 362 186 2 17 1213 362 175 648 0 0 11
2198 88 257 2 721 2198 88 254 648 0 0 3
-1
27 15
1256 157 167 2 998 1256 157 157 963 0 0 10
644 328 109 2 672 644 328 108 684 0 0 1
1817 0 224 1 1004 1817 0 224
819 280 100 2 1004 0 199 0 809 819 81 100
1081 206 148 2 222 1081 206 143 186 0 0 5
1518 84 187 2 684 1518 84 177 186 0 0 10
930 249 119 2 963 930 249 118 186 0 0 1
1805 0 285 2 186 1805 0 283 372 0 0 2
518 368 9 2 186 518 368 0 372 0 0 9
632 331 114 2 365 632 331 107 763 0 0 7
1268 154 161 2 1038 1268 154 158 372 0 0 3
919 251 138 2 1014 919 251 130 582 0 0 8
1803 0 295 1 734 1803 0 295
471 381 7 2 734 471 381 0 582 0 0 7
632 331 114 2 298 632 331 107 630 0 0 7
-1
28 16
965 385 153 2 889 965 385 150 763 0 0 3
1899 126 205 2 372 1899 126 204 763 0 0 1
1177 326 168 2 630 1177 326 160 763 0 0 8
889 407 131 2 763 889 407 125 900 0 0 6
1926 117 234 2 1071 1926 117 227 900 0 0 7
1189 323 163 2 900 1189 323 155 204 0 0 8
341 559 100 1 508 341 559 100
2348 0 257 1 204 2348 0 257
405 541 101 2 204 0 46 1 480 405 495 100
753 444 137 2 402 753 444 133 96 0 0 4
1963 107 231 2 369 1963 107 230 96 0 0 1
2113 65 247 2 695 2113 65 242 96 0 0 5
2347 0 262 2 96 2347 0 259 442 0 0 3
1429 256 176 2 96 0 74 0 442 1429 182 176
2347 0 262 1 318 2347 0 262
2303 11 280 2 318 0 11 0 368 2303 0 280
-1
29 16
738 441 142 2 1103 738 441 131 926 0 0 11
875 403 149 2 813 875 403 142 971 0 0 7
438 525 110 2 465 438 525 107 926 0 0 3
2322 0 262 1 971 2322 0 262
1964 99 245 2 971 0 99 0 926 1964 0 245
2319 0 277 2 1055 2319 0 276 45 0 0 1
1616 192 290 2 1055 0 192 0 45 1616 0 290
1038 358 155 2 591 1037 358 155 926 1 0 0
2312 3 257 2 180 2310 3 257 368 2 0 0
989 366 255 2 926 0 366 0 433 989 0 255
2318 0 280 1 164 2318 0 280
764 441 0 2 164 0 202 0 45 764 239 0
363 546 101 1 585 363 546 101
1212 318 1 2 368 0 215 0 433 1212 103 1
1860 129 220 1 747 1860 129 220
2010 87 234 2 747 0 0 1 34 2010 87 233
-1
30 16
996 228 136 1 156 996 228 136
1121 193 149 2 421 1121 193 146 717 0 0 3
834 273 125 2 483 834 273 115 360 0 0 10
622 332 109 2 1195 622 332 106 717 0 0 3
822 276 130 2 317 822 276 122 717 0 0 8
958 239 125 2 360 958 239 123 717 0 0 2
1808 0 233 1 717 1808 0 233
233 433 212 2 717 0 433 0 54 233 0 212
1807 0 238 2 228 1807 0 235 121 0 0 3
678 308 267 2 228 0 308 0 121 678 0 267
1708 29 204 2 953 1708 29 193 597 0 0 11
1715 38 0 2 121 1714 38 0 54 1 0 0
1570 68 183 2 571 1570 68 182 423 0 0 1
1473 95 174 2 581 1471 95 174 54 2 0 0
1604 68 11 2 54 1604 68 0 423 0 0 11
1807 0 238 1 597 1807 0 238
-1
31 15
1736 0 2 2 423 1736 0 0 1010 0 0 2
263 404 2 2 423 263 404 0 1010 0 0 2
1053 180 137 2 1010 1053 180 133 139 0 0 4
966 204 134 2 139 966 204 126 559 0 0 8
1681 0 280 2 1104 1681 0 277 679 0 0 3
463 349 5 2 1104 463 349 0 679 0 0 5
1252 125 145 1 559 1252 125 145
1677 6 189 2 679 1677 6 179 21 0 0 10
1685 0 260 2 21 1685 0 259 405 0 0 1
358 378 1 2 21 358 378 0 405 0 0 1
978 201 129 1 405 978 201 129
1683 0 270 1 698 1683 0 270
374 373 12 2 698 374 373 0 357 0 0 12
1128 159 145 2 1062 1128 159 143 357 0 0 2
1277 118 147 2 357 1277 118 141 243 0 0 6
-1
32 18
1612 0 276 1 752 1612 0 276
684 269 9 2 752 684 269 0 279 0 0 9
1630 0 185 1 601 1630 0 185
1477 43 165 2 601 0 35 0 1153 1477 8 165
1180 125 156 2 235 1180 125 145 668 0 0 11
1616 0 256 1 243 1616 0 256
405 346 1 1 243 405 346 1
1627 0 200 2 668 1627 0 199 1175 0 0 1
654 263 271 2 668 0 263 0 1175 654 0 271
1619 0 239 1 103 1619 0 239
106 428 0 2 103 104 428 0 1175 2 0 0
1554 21 182 2 1132 1554 21 175 247 0 0 7
1129 140 134 1 247 1129 140 134
1617 0 250 2 65 1617 0 247 997 0 0 3
206 400 11 2 65 206 400 0 997 0 0 11
981 181 129 2 201 980 181 129 1175 1 0 0
1611 0 278 1 997 1611 0 278
773 245 0 2 997 772 245 0 1175 1 0 0
-1
33 15
1644 146 4 2 1175 1644 146 0 473 0 0 4
2126 0 258 1 31 2126 0 258
1425 196 189 2 31 0 196 0 473 1425 0 189
985 312 272 2 473 0 312 0 177 985 0 272
962 325 152 2 254 962 325 143 651 0 0 9
2123 0 273 1 867 2123 0 273
904 334 277 2 867 0 334 0 338 904 0 277
1972 44 225 2 10 1972 44 224 651 0 0 1
849 357 134 1 662 849 357 134
1196 269 0 2 177 1194 269 0 338 2 0 0
1924 58 210 2 651 1922 58 210 338 2 0 0
1362 223 10 2 338 1362 223 0 245 0 0 10
762 381 131 2 512 762 381 127 834 0 0 4
1972 44 225 2 834 1972 44 220 396 0 0 5
2130 0 237 1 245 2130 0 237
-1
34 15
2512 0 281 1 396 2512 0 281
425 582 105 2 396 0 62 0 1176 425 520 105
627 525 134 2 191 627 525 128 210 0 0 6
2512 0 281 1 16 2512 0 281
2123 108 246 2 16 0 17 0 146 2123 91 246
1924 164 231 2 210 1924 164 226 25 0 0 5
564 543 121 2 25 564 543 118 811 0 0 3
901 449 150 2 811 901 449 147 696 0 0 3
1201 365 181 2 1130 1201 365 174 341 0 0 7
1875 177 239 2 500 1875 177 228 341 0 0 11
901 449 150 1 77 901 449 150
1800 198 231 2 613 1800 198 222 611 0 0 9
1624 248 199 2 341 1624 248 190 611 0 0 9
2509 0 296 1 696 2509 0 296
1849 182 278 2 696 0 182 0 611 1849 0 278
-1
35 16
441 374 3 2 611 441 374 0 766 0 0 3
1752 0 268 2 91 1752 0 265 842 0 0 3
190 443 0 1 91 190 443 0
1758 0 238 2 527 1758 0 236 766 0 0 2
423 366 241 2 527 0 366 0 766 423 0 241
1786 5 4 2 766 1786 5 0 929 0 0 4
1701 18 194 2 929 1701 18 187 842 0 0 7
615 321 100 2 842 615 321 94 131 0 0 6
1759 0 233 1 131 1759 0 233
300 401 218 2 131 0 401 1 908 300 0 217
1608 54 1 1 908 1608 54 1
1759 0 233 2 860 1759 0 230 1085 0 0 3
634 311 188 2 860 0 311 0 1085 634 0 188
1314 126 160 1 359 1314 126 160
1759 0 233 2 102 1759 0 230 707 0 0 3
648 311 117 2 102 0 311 0 707 648 0 117
-1
36 14
1367 123 11 2 1112 1367 123 0 978 0 0 11
1484 82 174 1 629 1484 82 174
809 276 12 2 1085 809 276 0 978 0 0 12
1783 0 175 1 978 1783 0 175
1744 8 223 2 978 0 8 1 354 1744 0 222
1734 12 201 2 768 1734 12 194 340 0 0 7
586 332 107 2 922 586 332 102 59 0 0 5
1659 33 194 2 609 1659 33 188 1131 0 0 6
1322 127 165 2 849 1322 127 161 293 0 0 4
1766 0 261 1 340 1766 0 261
216 439 6 2 340 216 439 1 689 0 0 5
1769 0 246 2 312 1769 0 244 59 0 0 2
232 427 146 2 312 0 427 0 59 232 0 146
848 254 218 2 354 0 254 0 689 848 0 218
-1
37 13
1429 227 182 2 1083 1429 227 172 1031 0 0 10
893 376 145 2 1131 893 376 135 1031 0 0 10
724 430 5 2 59 724 430 1 619 0 0 4
2244 0 246 1 1031 2244 0 246
1299 264 153 2 1031 0 159 1 293 1299 105 152
2243 0 251 2 619 2243 0 250 362 0 0 1
2084 43 262 2 619 0 43 0 362 2084 0 262
1219 283 208 2 362 0 283 0 171 1219 0 208
1180 296 169 2 1111 1180 296 164 688 0 0 5
1891 98 224 2 144 1891 98 221 390 0 0 3
34 619 9 2 171 34 619 0 688 0 0 9
918 369 148 2 127 918 369 143 688 0 0 5
2237 0 281 2 356 2237 0 279 217 0 0 2
-1
38 13
2243 34 240 2 688 2243 34 234 390 0 0 6
562 508 2 2 217 562 508 0 390 0 0 2
672 471 128 2 390 672 471 116 594 0 0 12
1084 356 165 2 737 1084 356 160 594 0 0 5
1458 252 191 2 200 1458 252 190 594 0 0 1
1133 343 156 2 594 1133 343 146 1182 0 0 10
2206 44 243 2 1182 2206 44 240 687 0 0 3
423 540 115 2 407 423 540 107 687 0 0 8
423 540 115 2 626 423 540 107 886 0 0 8
1333 287 177 2 886 1333 287 172 687 0 0 5
1557 225 188 2 687 1557 225 182 942 0 0 6
510 516 117 2 56 510 516 114 970 0 0 3
2281 23 251 2 942 2281 23 250 969 0 0 1
-1
39 14
1214 253 158 2 835 1214 253 156 969 0 0 2
878 346 142 2 784 878 346 136 969 0 0 6
1276 236 158 1 969 1276 236 158
2119 0 246 2 969 0 0 1 895 2119 0 245
1152 270 158 1 189 1152 270 158
1096 286 144 2 895 0 95 1 996 1096 191 143
853 353 140 2 122 853 353 134 1033 0 0 6
1851 75 218 2 1033 1851 75 208 676 0 0 10
2109 0 296 2 857 2109 0 295 1000 0 0 1
153 546 120 2 857 0 546 0 1000 153 0 120
471 465 7 2 1000 471 465 0 676 0 0 7
2115 0 266 1 676 2115 0 266
557 432 177 2 676 0 432 0 1123 557 0 177
609 427 9 2 1123 609 427 0 115 0 0 9
-1
40 13
2306 43 272 2 1125 2306 43 261 801 0 0 11
1943 145 227 2 115 1943 145 220 801 0 0 7
720 486 125 2 801 720 486 116 952 0 0 9
1856 169 224 2 952 1856 169 216 319 0 0 8
1070 388 162 2 319 1070 388 154 398 0 0 8
1694 214 214 2 398 1694 214 204 531 0 0 10
1232 343 172 2 531 1232 343 165 642 0 0 7
983 412 159 2 1087 983 412 155 706 0 0 4
1370 304 193 2 119 1370 304 186 642 0 0 7
808 461 141 1 40 808 461 141
458 559 104 2 642 458 559 99 706 0 0 5
1906 155 230 2 706 1906 155 220 939 0 0 10
2459 0 291 1 780 2459 0 291
-1
