1 4
589 314 203 2 5 0 314 143 1 589 0 60
1593 6 347 3 7 787 6 66 6 802 0 205 9 4 0 76
1353 114 165 2 6 0 0 2 4 1353 114 163
1765 0 202 2 2 0 0 1 3 1765 0 201
-1
2 5
33 678 216 2 9 0 678 98 8 33 0 118
1171 222 185 2 1 804 222 130 6 367 0 55
0 609 125 2 6 0 148 6 10 0 461 119
127 673 34 2 9 0 35 9 7 127 638 25
590 552 10 2 1 0 176 9 9 590 376 1
-1
5 5
0 409 1 1 6 0 409 1
343 515 37 2 7 0 61 34 2 343 454 3
0 118 71 2 9 0 0 3 7 0 118 68
115 580 0 1 6 115 580 0
160 567 9 1 10 160 567 9
-1
4 3
1837 0 96 1 5 1837 0 96
1759 0 284 2 10 0 0 4 2 1759 0 280
572 344 40 2 3 0 134 10 8 572 210 30
-1
3 1
0 580 7 1 8 0 580 7
-1
