1 27
1412 1215 0 1 192 1412 1215 0
202 1463 292 2 192 0 1 292 181 202 1462 0
308 1518 0 1 119 308 1518 0
0 2 388 2 119 0 1 203 181 0 1 185
1488 1194 0 1 25 1488 1194 0
910 1267 298 2 25 0 0 298 41 910 1267 0
35 1523 243 2 41 0 1 242 56 35 1522 1
0 1188 304 2 56 0 0 172 124 0 1188 132
916 1351 0 1 45 916 1351 0
1377 1152 252 2 45 0 1 252 151 1377 1151 0
297 1440 281 2 151 0 1 281 126 297 1439 0
76 1526 193 2 126 0 1 193 174 76 1525 0
1261 1205 178 2 174 0 1 178 117 1261 1204 0
0 1450 435 2 117 0 1 274 64 0 1449 161
526 1413 157 2 118 0 1413 157 82 526 0 0
784 1328 206 2 82 0 1328 206 88 784 0 0
622 1374 201 2 88 0 1025 201 194 622 349 0
0 1324 255 2 194 0 1 108 148 0 1323 147
953 1341 0 1 90 953 1341 0
1541 1106 255 2 90 0 1 255 73 1541 1105 0
1034 1234 294 2 73 0 0 294 146 1034 1234 0
1030 1247 253 2 146 0 0 252 71 1030 1247 1
1352 1159 252 2 71 0 0 252 177 1352 1159 0
11 1519 280 2 177 0 0 279 54 11 1519 1
811 1331 170 2 54 0 0 169 123 811 1331 1
737 1332 237 2 123 0 0 237 101 737 1332 0
351 1440 230 2 101 0 1 230 83 351 1439 0
-1
2 17
0 1 391 2 5 0 0 192 83 0 1 199
931 760 0 1 130 931 760 0
1801 467 188 2 130 0 1 188 42 1801 466 0
1989 397 252 2 42 0 1 252 26 1989 396 0
267 866 265 2 26 0 0 265 108 267 866 0
201 924 126 2 108 0 1 126 198 201 923 0
2013 427 125 2 198 0 1 125 139 2013 426 0
556 785 271 2 139 0 0 271 106 556 785 0
1686 510 149 2 106 0 0 149 78 1686 510 0
1003 670 244 2 78 0 0 244 154 1003 670 0
1068 669 186 2 154 0 1 186 179 1068 668 0
1803 465 193 2 179 0 1 193 32 1803 464 0
437 823 252 2 32 0 1 252 91 437 822 0
481 843 141 2 91 0 1 140 168 481 842 1
97 947 146 2 168 0 0 146 145 97 947 0
59 966 116 2 145 0 0 116 99 59 966 0
1947 448 115 2 99 0 1 114 49 1947 447 1
-1
3 14
239 885 133 2 76 0 0 133 125 239 885 0
1886 471 0 1 67 1886 471 0
814 690 262 2 67 0 1 262 60 814 689 0
0 1 292 2 125 0 1 125 60 0 0 167
337 896 1 1 31 337 896 1
1842 444 136 2 31 0 0 136 161 1842 444 0
16 911 255 2 161 0 0 254 104 16 911 1
1878 444 102 2 104 0 0 102 16 1878 444 0
1295 559 258 2 16 0 0 258 6 1295 559 0
690 740 206 2 6 0 0 206 86 690 740 0
1505 530 159 2 86 0 1 159 121 1505 529 0
203 868 226 2 121 0 0 226 50 203 868 0
680 768 119 2 50 0 0 119 134 680 768 0
2052 379 162 2 134 0 1 161 30 2052 378 1
-1
4 13
434 953 133 2 137 0 1 132 12 434 952 1
613 898 153 2 12 0 0 153 66 613 898 0
980 793 168 2 66 0 1 168 70 980 792 0
0 937 301 2 70 0 1 197 93 0 936 104
2067 543 0 1 114 2067 543 0
1300 670 290 2 114 0 0 290 98 1300 670 0
245 980 219 2 98 0 1 219 36 245 979 0
0 954 242 2 36 0 0 136 27 0 954 106
1247 768 0 1 152 1247 768 0
2280 420 224 2 152 0 1 224 2 2280 419 0
201 969 300 2 2 0 1 300 94 201 968 0
320 985 130 2 94 0 1 130 9 320 984 0
1940 536 145 2 9 0 1 145 136 1940 535 0
-1
5 12
1380 968 0 1 46 1380 968 0
0 2 495 2 46 0 1 261 178 0 1 234
1121 1039 1 1 65 1121 1039 1
744 1074 239 2 65 0 0 239 191 744 1074 0
637 1172 0 1 171 637 1172 0
0 0 403 2 171 0 0 201 191 0 0 202
1716 876 0 1 173 1716 876 0
1930 734 289 2 173 0 0 288 85 1930 734 1
958 1084 0 1 163 958 1084 0
0 1 522 2 163 0 1 227 85 0 0 295
1286 963 107 2 52 0 963 107 199 1286 0 0
523 1151 182 2 199 0 352 182 95 523 799 0
-1
6 10
1303 974 173 2 44 0 0 173 138 1303 974 0
801 1089 253 2 138 0 0 253 110 801 1089 0
1752 840 211 2 110 0 0 210 74 1752 840 1
852 1065 287 2 74 0 0 287 34 852 1065 0
0 1053 330 2 34 0 0 213 200 0 1053 117
924 1128 0 1 17 924 1128 0
655 1136 229 2 17 0 0 228 131 655 1136 1
0 909 299 2 131 0 0 198 7 0 909 101
262 1269 141 2 96 0 1269 141 48 262 0 0
971 1115 0 1 48 971 1115 0
-1
7 9
1118 1212 204 2 162 0 0 204 102 1118 1212 0
26 1496 259 2 102 0 1 259 84 26 1495 0
0 1089 290 2 84 0 0 169 87 0 1089 121
1274 1228 0 1 140 1274 1228 0
0 1458 416 2 140 0 0 278 47 0 1458 138
961 1307 24 2 47 0 0 24 112 961 1307 0
0 936 356 2 112 0 0 252 185 0 936 104
1485 1170 0 1 144 1485 1170 0
337 1400 296 2 144 0 0 295 39 337 1400 1
-1
8 9
511 1019 207 2 43 0 1 207 77 511 1018 0
1526 751 170 2 77 0 1 170 69 1526 750 0
1362 772 254 2 69 0 1 253 166 1362 771 1
1205 820 237 2 166 0 0 236 92 1205 820 1
183 1104 225 2 92 0 0 224 143 183 1104 1
0 927 245 2 143 0 0 142 128 0 927 103
615 1050 0 1 158 615 1050 0
93 1140 185 2 158 0 0 185 10 93 1140 0
1178 856 137 2 10 0 0 137 72 1178 856 0
-1
9 9
0 0 524 2 15 0 0 298 72 0 0 226
1303 920 0 1 175 1303 920 0
804 986 247 2 175 0 0 247 189 804 986 0
304 1137 199 2 189 0 1 199 55 304 1136 0
1441 836 160 2 55 0 0 160 172 1441 836 0
0 1188 312 2 172 0 0 253 129 0 1188 59
600 1092 73 2 129 0 0 73 13 600 1092 0
869 985 188 2 13 0 0 188 170 869 985 0
1844 712 207 2 170 0 0 206 14 1844 712 1
-1
10 9
1803 671 0 1 100 1803 671 0
673 902 275 2 100 0 1 275 113 673 901 0
114 1084 176 2 113 0 1 175 132 114 1083 1
604 962 132 2 132 0 0 132 196 604 962 0
1500 704 174 2 196 0 0 174 111 1500 704 0
2125 512 245 2 111 0 1 245 62 2125 511 0
804 861 293 2 62 0 1 293 51 804 860 0
43 1101 185 2 51 0 1 185 190 43 1100 0
478 998 127 2 190 0 0 127 187 478 998 0
-1
11 9
1881 765 160 2 116 0 0 160 40 1881 765 0
1821 743 294 2 40 0 0 294 182 1821 743 0
1932 715 285 2 182 0 1 285 63 1932 714 0
297 1161 295 2 63 0 0 294 75 297 1161 1
801 1061 161 2 75 0 0 161 33 801 1061 0
152 1226 207 2 33 0 1 207 97 152 1225 0
1753 802 153 2 97 0 0 153 29 1753 802 0
1237 906 284 2 29 0 1 284 68 1237 905 0
1948 724 238 2 68 0 0 238 19 1948 724 0
-1
12 8
157 869 251 2 80 0 0 251 159 157 869 0
1131 641 114 2 159 0 0 114 142 1131 641 0
1663 471 197 2 142 0 1 197 59 1663 470 0
561 762 237 2 59 0 0 237 38 561 762 0
749 736 148 2 38 0 0 147 35 749 736 1
36 927 164 2 35 0 0 164 3 36 927 0
733 752 108 2 3 0 0 107 197 733 752 1
1362 563 164 2 197 0 0 164 105 1362 563 0
-1
13 9
1659 763 197 2 160 0 1 197 150 1659 762 0
2046 636 269 2 150 0 0 269 81 2046 636 0
952 928 298 2 81 0 0 298 107 952 928 0
1005 939 209 2 107 0 1 209 195 1005 938 0
1282 861 216 2 195 0 1 216 186 1282 860 0
1587 771 238 2 186 0 0 238 183 1587 771 0
0 972 370 2 183 0 0 262 165 0 972 108
1642 824 1 1 109 1642 824 1
770 985 273 2 109 0 0 273 4 770 985 0
-1
14 8
0 1242 349 2 184 0 0 211 157 0 1242 138
1242 1034 0 1 115 1242 1034 0
1269 954 253 2 115 0 1 253 176 1269 953 0
1738 827 247 2 176 0 1 247 61 1738 826 0
1046 1006 285 2 61 0 1 285 53 1046 1005 0
887 1066 228 2 53 0 1 228 147 887 1065 0
0 910 318 2 147 0 1 217 8 0 909 101
1186 1017 113 2 120 0 1017 113 11 1186 0 0
-1
15 7
1019 1114 162 2 58 0 1 162 37 1019 1113 0
368 1271 238 2 37 0 1 237 20 368 1270 1
59 1372 181 2 20 0 0 181 103 59 1372 0
421 1279 159 2 103 0 0 159 122 421 1279 0
1093 1086 189 2 122 0 1 189 18 1093 1085 0
0 1116 366 2 18 0 0 242 188 0 1116 124
606 1274 0 1 156 606 1274 0
-1
