1 12
0 2142 238 2 553 0 918 102 552 0 1224 136
0 2682 298 2 524 0 1161 129 523 0 1521 169
0 2142 238 2 582 0 1386 154 494 0 756 84
0 3735 415 2 554 0 747 83 581 0 2988 332
0 2691 299 2 495 0 1764 196 525 0 927 103
0 4041 449 2 526 0 2457 273 466 0 1584 176
0 2250 250 2 496 0 1332 148 583 0 918 102
0 3078 342 2 467 0 1476 164 465 0 1602 178
0 2241 249 2 555 0 495 55 612 0 1746 194
0 2196 244 2 610 0 1008 112 497 0 1188 132
0 2673 297 2 436 0 2043 227 584 0 630 70
0 3294 366 2 527 0 630 70 437 0 2664 296
-1
2 11
0 3078 342 2 667 0 2592 288 696 0 486 54
0 2502 278 2 666 0 1035 115 637 0 1467 163
0 5139 571 2 638 0 3420 380 695 0 1719 191
0 2808 312 2 725 0 1449 161 609 0 1359 151
0 3924 436 2 665 0 1665 185 608 0 2259 251
0 4455 495 2 754 0 3429 381 580 0 1026 114
0 2799 311 2 664 0 1476 164 694 0 1323 147
0 1413 157 2 723 0 963 107 636 0 450 50
0 5940 660 2 724 0 3096 344 579 0 2844 316
0 1458 162 2 752 0 522 58 753 0 936 104
0 4671 519 2 722 0 1233 137 635 0 3438 382
-1
3 13
0 2673 297 2 167 0 1719 191 168 0 954 106
0 2664 296 2 139 0 1935 215 197 0 729 81
0 1755 195 2 138 0 1098 122 196 0 657 73
0 3654 406 2 226 0 2853 317 198 0 801 89
0 2277 253 2 227 0 1440 160 140 0 837 93
0 2484 276 2 169 0 1422 158 199 0 1062 118
0 2862 318 2 166 0 855 95 225 0 2007 223
0 2430 270 2 111 0 1647 183 224 0 783 87
0 4239 471 2 170 0 2367 263 195 0 1872 208
0 3006 334 2 228 0 1161 129 137 0 1845 205
0 3807 423 2 110 0 2088 232 141 0 1719 191
0 2214 246 2 200 0 621 69 171 0 1593 177
0 2601 289 2 194 0 1143 127 256 0 1458 162
-1
4 8
0 3447 383 2 780 0 2052 228 779 0 1395 155
0 4698 522 2 781 0 3447 383 778 0 1251 139
0 1836 204 2 751 0 1089 121 750 0 747 83
0 6381 709 2 777 0 2331 259 749 0 4050 450
0 3258 362 2 783 0 1872 208 720 0 1386 154
0 4977 553 2 721 0 3159 351 748 0 1818 202
0 2340 260 2 776 0 675 75 747 0 1665 185
0 3537 393 2 719 0 1593 177 690 0 1944 216
-1
5 6
0 3024 336 2 640 0 954 106 438 0 2070 230
0 3915 435 2 468 0 3159 351 439 0 756 84
0 2862 318 2 556 0 1170 130 469 0 1692 188
0 1980 220 2 639 0 819 91 585 0 1161 129
0 2826 314 2 613 0 1674 186 557 0 1152 128
0 2466 274 2 408 0 1719 191 642 0 747 83
-1
6 13
0 3690 410 2 343 0 2637 293 314 0 1053 117
0 2097 233 2 315 0 639 71 313 0 1458 162
0 3042 338 2 285 0 2007 223 344 0 1035 115
0 2295 255 2 372 0 882 98 341 0 1413 157
0 1818 202 2 284 0 747 83 342 0 1071 119
0 3888 432 2 373 0 2241 249 401 0 1647 183
0 2808 312 2 286 0 990 110 287 0 1818 202
0 5670 630 2 371 0 3456 384 312 0 2214 246
0 1746 194 2 255 0 963 107 316 0 783 87
0 2475 275 2 254 0 1035 115 370 0 1440 160
0 1836 204 2 257 0 1242 138 345 0 594 66
0 5175 575 2 402 0 2880 320 346 0 2295 255
0 3348 372 2 283 0 1053 117 399 0 2295 255
-1
7 6
0 2133 237 2 641 0 1098 122 499 0 1035 115
0 5085 565 2 670 0 2835 315 614 0 2250 250
0 6444 716 2 615 0 4536 504 669 0 1908 212
0 3339 371 2 528 0 1683 187 440 0 1656 184
0 1809 201 2 379 0 1035 115 587 0 774 86
0 2889 321 2 409 0 1584 176 470 0 1305 145
-1
8 10
0 3042 338 2 113 0 1989 221 142 0 1053 117
0 6039 671 2 112 0 3978 442 83 0 2061 229
0 1269 141 2 84 0 666 74 114 0 603 67
0 2322 258 2 53 0 1782 198 85 0 540 60
0 5913 657 2 172 0 1377 153 82 0 4536 504
0 2619 291 2 143 0 1512 168 115 0 1107 123
0 1170 130 2 173 0 450 50 55 0 720 80
0 2043 227 2 144 0 999 111 81 0 1044 116
0 2628 292 2 26 0 639 71 86 0 1989 221
0 2160 240 2 56 0 1260 140 52 0 900 100
-1
9 13
0 2961 329 2 632 0 1728 192 602 0 1233 137
0 5931 659 2 631 0 2961 329 603 0 2970 330
0 3582 398 2 659 0 675 75 630 0 2907 323
0 2151 239 2 661 0 738 82 660 0 1413 157
0 3276 364 2 662 0 2106 234 633 0 1170 130
0 2187 243 2 573 0 1584 176 601 0 603 67
0 4527 503 2 689 0 972 108 604 0 3555 395
0 2394 266 2 572 0 1161 129 605 0 1233 137
0 2277 253 2 629 0 1638 182 574 0 639 71
0 6930 770 2 634 0 4122 458 576 0 2808 312
0 2187 243 2 543 0 711 79 691 0 1476 164
0 2349 261 2 571 0 1170 130 687 0 1179 131
0 1467 163 2 658 0 774 86 545 0 693 77
-1
10 12
0 3150 350 2 790 0 1449 161 761 0 1701 189
0 2628 292 2 762 0 1215 135 791 0 1413 157
0 4923 547 2 760 0 2007 223 732 0 2916 324
0 2988 332 2 731 0 1143 127 789 0 1845 205
0 3546 394 2 792 0 1773 197 734 0 1773 197
0 1089 121 2 759 0 450 50 763 0 639 71
0 3240 360 2 703 0 1575 175 733 0 1665 185
0 2340 260 2 735 0 1323 147 793 0 1017 113
0 3843 427 2 788 0 2646 294 787 0 1197 133
0 1620 180 2 704 0 954 106 730 0 666 74
0 3744 416 2 764 0 2520 280 702 0 1224 136
0 3249 361 2 758 0 2745 305 794 0 504 56
-1
11 7
0 2700 300 2 229 0 1980 220 258 0 720 80
0 1908 212 2 282 0 873 97 259 0 1035 115
0 2520 280 2 288 0 1008 112 230 0 1512 168
0 2322 258 2 223 0 666 74 260 0 1656 184
0 1701 189 2 231 0 837 93 281 0 864 96
0 1701 189 2 202 0 639 71 318 0 1062 118
0 4599 511 2 340 0 1566 174 252 0 3033 337
-1
12 6
0 2250 250 1 692 0 2250 250
0 1656 184 2 774 0 639 71 746 0 1017 113
0 675 75 1 663 0 675 75
0 1872 208 2 717 0 1197 133 745 0 675 75
0 1719 191 1 773 0 1719 191
0 729 81 1 688 0 729 81
-1
13 8
0 1989 221 2 400 0 1395 155 430 0 594 66
0 5022 558 2 431 0 2709 301 369 0 2313 257
0 3294 366 2 403 0 1512 168 375 0 1782 198
0 2016 224 2 429 0 1242 138 339 0 774 86
0 4185 465 2 376 0 3438 382 347 0 747 83
0 3402 378 2 397 0 1953 217 459 0 1449 161
0 6237 693 2 398 0 2448 272 368 0 3789 421
0 3087 343 2 428 0 1827 203 310 0 1260 140
-1
14 8
0 1683 187 1 222 0 1683 187
0 468 52 1 280 0 468 52
0 3339 371 1 165 0 3339 371
0 954 106 1 309 0 954 106
0 1143 127 1 261 0 1143 127
0 4716 524 1 193 0 4716 524
0 3366 374 1 251 0 3366 374
0 2547 283 1 136 0 2547 283
-1
15 11
0 2781 309 2 8 0 1080 120 9 0 1701 189
0 4113 457 2 38 0 1935 215 37 0 2178 242
0 3213 357 2 36 0 2385 265 7 0 828 92
0 5355 595 2 39 0 2790 310 10 0 2565 285
0 2709 301 2 35 0 2259 251 67 0 450 50
0 2349 261 2 66 0 1179 131 65 0 1170 130
0 3519 391 2 95 0 837 93 68 0 2682 298
0 3438 382 2 94 0 2736 304 40 0 702 78
0 2628 292 2 6 0 1629 181 11 0 999 111
0 3420 380 2 97 0 1881 209 96 0 1539 171
0 3348 372 2 69 0 1602 178 12 0 1746 194
-1
16 9
0 2214 246 2 575 0 954 106 628 0 1260 140
0 2808 312 2 515 0 1692 188 606 0 1116 124
0 3177 353 2 544 0 972 108 599 0 2205 245
0 1629 181 1 516 0 1629 181
0 927 103 1 686 0 927 103
0 1629 181 1 547 0 1629 181
0 1665 185 1 657 0 1665 185
0 1845 205 1 514 0 1845 205
0 504 56 1 716 0 504 56
-1
17 1
0 1233 137 1 772 0 1233 137
-1
18 6
0 3744 416 1 203 0 3744 416
0 1566 174 2 108 0 792 88 221 0 774 86
0 4518 502 2 348 0 3078 342 232 0 1440 160
0 2376 264 2 192 0 1152 128 279 0 1224 136
0 1782 198 1 338 0 1782 198
0 1944 216 1 319 0 1944 216
-1
19 7
0 4860 540 2 607 0 1962 218 578 0 2898 322
0 6534 726 2 551 0 4581 509 550 0 1953 217
0 4095 455 2 549 0 1314 146 577 0 2781 309
0 3663 407 2 522 0 792 88 521 0 2871 319
0 2952 328 2 548 0 1944 216 520 0 1008 112
0 3879 431 2 519 0 2376 264 493 0 1503 167
0 1278 142 1 492 0 1278 142
-1
20 1
0 999 111 1 715 0 999 111
-1
21 6
0 2403 267 2 80 0 1602 178 145 0 801 89
0 5049 561 2 27 0 3510 390 51 0 1539 171
0 2664 296 2 174 0 1854 206 25 0 810 90
0 1827 203 2 116 0 819 91 87 0 1008 112
0 1512 168 2 57 0 567 63 24 0 945 105
0 2304 256 2 28 0 531 59 22 0 1773 197
-1
22 7
0 2808 312 2 517 0 2151 239 541 0 657 73
0 1881 209 2 598 0 612 68 656 0 1269 141
0 5328 592 2 569 0 1548 172 513 0 3780 420
0 1233 137 2 486 0 783 87 570 0 450 50
0 1998 222 1 627 0 1998 222
0 2088 232 1 489 0 2088 232
0 2304 256 2 685 0 1296 144 655 0 1008 112
-1
23 6
0 2790 310 2 460 0 2052 228 432 0 738 82
0 2295 255 2 427 0 1503 167 433 0 792 88
0 3312 368 2 377 0 2484 276 457 0 828 92
0 3474 386 2 434 0 1548 172 405 0 1926 214
0 3222 358 2 367 0 576 64 426 0 2646 294
0 4941 549 2 488 0 3258 362 461 0 1683 187
-1
24 6
0 5013 557 2 512 0 1287 143 540 0 3726 414
0 3168 352 2 485 0 1872 208 484 0 1296 144
0 2592 288 2 456 0 1782 198 483 0 810 90
0 5040 560 2 626 0 1269 141 597 0 3771 419
0 3582 398 2 714 0 2691 299 568 0 891 99
0 2196 244 1 490 0 2196 244
-1
25 7
0 3015 335 2 250 0 1251 139 220 0 1764 196
0 1665 185 2 164 0 513 57 249 0 1152 128
0 1143 127 2 191 0 468 52 135 0 675 75
0 3033 337 2 162 0 1512 168 308 0 1521 169
0 4266 474 2 107 0 1620 180 106 0 2646 294
0 3312 368 2 278 0 864 96 219 0 2448 272
0 2691 299 2 134 0 1629 181 307 0 1062 118
-1
26 0
-1
27 6
0 4374 486 2 78 0 954 106 50 0 3420 380
0 1701 189 2 49 0 1251 139 77 0 450 50
0 2484 276 2 21 0 1737 193 76 0 747 83
0 630 70 1 23 0 630 70
0 2889 321 2 104 0 1332 148 133 0 1557 173
0 6498 722 2 47 0 3231 359 132 0 3267 363
-1
28 0
-1
29 6
0 2493 277 1 396 0 2493 277
0 1827 203 2 435 0 981 109 406 0 846 94
0 1233 137 1 395 0 1233 137
0 2430 270 2 462 0 450 50 491 0 1980 220
0 1602 178 1 463 0 1602 178
0 3528 392 2 425 0 1638 182 336 0 1890 210
-1
30 0
-1
