1 0
-1
2 3
0 5004 556 2 221 0 819 91 643 0 4185 465
0 2196 244 1 634 0 2196 244
0 549 61 1 143 0 549 61
-1
3 31
0 3708 412 2 648 0 1269 141 50 0 2439 271
0 3006 334 2 1098 0 1458 162 825 0 1548 172
0 3465 385 2 1096 0 2232 248 1110 0 1233 137
0 3636 404 2 944 0 900 100 440 0 2736 304
0 3159 351 2 1178 0 1296 144 583 0 1863 207
0 5202 578 2 258 0 3006 334 808 0 2196 244
0 3591 399 2 446 0 1260 140 1197 0 2331 259
0 5796 644 2 1057 0 4761 529 1039 0 1035 115
0 3438 382 2 846 0 2889 321 317 0 549 61
0 4131 459 2 265 0 2547 283 1174 0 1584 176
0 1836 204 2 225 0 954 106 888 0 882 98
0 1440 160 2 97 0 621 69 909 0 819 91
0 6228 692 2 1160 0 1989 221 73 0 4239 471
0 4032 448 2 829 0 900 100 824 0 3132 348
0 2610 290 2 636 0 513 57 587 0 2097 233
0 1467 163 2 1037 0 612 68 555 0 855 95
0 5229 581 2 868 0 1233 137 2 0 3996 444
0 5625 625 2 488 0 4581 509 357 0 1044 116
0 3537 393 2 116 0 1440 160 1067 0 2097 233
0 2295 255 2 799 0 1260 140 845 0 1035 115
0 2484 276 2 124 0 1656 184 228 0 828 92
0 2457 273 2 234 0 981 109 141 0 1476 164
0 6273 697 2 541 0 4104 456 599 0 2169 241
0 2664 296 2 263 0 1503 167 890 0 1161 129
0 2232 248 2 23 0 1251 139 396 0 981 109
0 2700 300 2 1091 0 1656 184 447 0 1044 116
0 1458 162 2 923 0 873 97 771 0 585 65
0 2556 284 2 958 0 1323 147 761 0 1233 137
0 2412 268 2 911 0 648 72 374 0 1764 196
0 2880 320 2 920 0 1008 112 32 0 1872 208
0 1404 156 2 308 0 693 77 119 0 711 79
-1
4 0
-1
5 17
0 3960 440 2 86 0 1593 177 60 0 2367 263
0 1845 205 2 16 0 1359 151 126 0 486 54
0 4158 462 2 1100 0 3249 361 1193 0 909 101
0 3348 372 2 926 0 2241 249 325 0 1107 123
0 1674 186 2 1106 0 675 75 971 0 999 111
0 5904 656 2 33 0 3330 370 904 0 2574 286
0 3717 413 2 815 0 2466 274 1079 0 1251 139
0 2277 253 2 567 0 963 107 313 0 1314 146
0 3528 392 2 1027 0 1737 193 547 0 1791 199
0 4284 476 2 1046 0 1242 138 964 0 3042 338
0 1017 113 1 54 0 1017 113
0 2727 303 2 165 0 1233 137 217 0 1494 166
0 1422 158 2 129 0 873 97 640 0 549 61
0 7740 860 2 1109 0 5409 601 813 0 2331 259
0 5247 583 2 376 0 1998 222 1113 0 3249 361
0 10008 1112 2 963 0 3582 398 977 0 6426 714
0 1179 131 2 403 0 450 50 719 0 729 81
-1
6 0
-1
7 13
0 2367 263 2 1103 0 504 56 1074 0 1863 207
0 2961 329 2 1085 0 1260 140 967 0 1701 189
0 4626 514 2 701 0 2520 280 461 0 2106 234
0 3105 345 2 456 0 2043 227 89 0 1062 118
0 4311 479 2 784 0 1620 180 364 0 2691 299
0 6039 671 2 592 0 3501 389 240 0 2538 282
0 8514 946 2 672 0 6264 696 960 0 2250 250
0 2709 301 2 571 0 1656 184 1090 0 1053 117
0 2115 235 2 482 0 1305 145 123 0 810 90
0 2502 278 2 422 0 792 88 891 0 1710 190
0 6039 671 2 476 0 1656 184 1047 0 4383 487
0 3285 365 2 1200 0 1395 155 1140 0 1890 210
0 3852 428 2 418 0 2259 251 180 0 1593 177
-1
8 0
-1
9 1
0 2322 258 1 713 0 2322 258
-1
10 3
0 3177 353 2 898 0 1818 202 1116 0 1359 151
0 1683 187 1 424 0 1683 187
0 6624 736 2 831 0 4077 453 181 0 2547 283
-1
11 3
0 5247 583 2 437 0 963 107 487 0 4284 476
0 6813 757 2 847 0 1953 217 615 0 4860 540
0 1872 208 1 566 0 1872 208
-1
12 13
0 7002 778 2 515 0 4176 464 312 0 2826 314
0 4716 524 2 100 0 2754 306 53 0 1962 218
0 3870 430 2 18 0 1719 191 619 0 2151 239
0 5400 600 2 786 0 1494 166 654 0 3906 434
0 4257 473 2 670 0 2412 268 269 0 1845 205
0 2358 262 2 378 0 1431 159 573 0 927 103
0 3519 391 2 712 0 666 74 1138 0 2853 317
0 5625 625 2 1141 0 2142 238 268 0 3483 387
0 1737 193 1 608 0 1737 193
0 3501 389 2 10 0 2520 280 621 0 981 109
0 909 101 1 1124 0 909 101
0 1575 175 2 908 0 450 50 481 0 1125 125
0 2088 232 2 922 0 1422 158 270 0 666 74
-1
13 9
0 4284 476 2 149 0 3474 386 696 0 810 90
0 2907 323 2 205 0 1125 125 1019 0 1782 198
0 2619 291 2 642 0 1422 158 257 0 1197 133
0 5976 664 2 894 0 4680 520 219 0 1296 144
0 2916 324 2 76 0 2070 230 1108 0 846 94
0 4230 470 2 408 0 2709 301 774 0 1521 169
0 3303 367 2 660 0 1935 215 1065 0 1368 152
0 3951 439 2 1135 0 981 109 215 0 2970 330
0 2952 328 2 385 0 1710 190 79 0 1242 138
-1
14 0
-1
15 0
-1
16 0
-1
17 0
-1
18 15
0 3420 380 2 781 0 1224 136 1171 0 2196 244
0 2160 240 2 989 0 846 94 805 0 1314 146
0 3447 383 2 1195 0 2025 225 655 0 1422 158
0 5004 556 2 1020 0 4095 455 98 0 909 101
0 4158 462 2 184 0 2268 252 581 0 1890 210
0 1629 181 2 1126 0 972 108 4 0 657 73
0 4437 493 2 246 0 3078 342 501 0 1359 151
0 4617 513 2 78 0 3564 396 405 0 1053 117
0 5517 613 2 214 0 2898 322 43 0 2619 291
0 4608 512 2 826 0 3744 416 1038 0 864 96
0 4284 476 2 993 0 2214 246 336 0 2070 230
0 3150 350 2 153 0 1674 186 303 0 1476 164
0 1935 215 2 1003 0 1161 129 895 0 774 86
0 6993 777 2 795 0 5616 624 534 0 1377 153
0 2250 250 2 1137 0 729 81 598 0 1521 169
-1
19 11
0 3897 433 2 499 0 1566 174 603 0 2331 259
0 2709 301 2 1024 0 1323 147 864 0 1386 154
0 1998 222 2 545 0 954 106 264 0 1044 116
0 2151 239 2 237 0 990 110 463 0 1161 129
0 4176 464 2 835 0 1548 172 361 0 2628 292
0 4059 451 2 120 0 2484 276 362 0 1575 175
0 4653 517 2 332 0 2880 320 106 0 1773 197
0 3357 373 2 793 0 1989 221 611 0 1368 152
0 4689 521 2 578 0 3537 393 420 0 1152 128
0 4824 536 2 955 0 1035 115 940 0 3789 421
0 2133 237 2 711 0 900 100 753 0 1233 137
-1
20 4
0 2448 272 2 530 0 1890 210 160 0 558 62
0 1764 196 1 839 0 1764 196
0 657 73 1 767 0 657 73
0 2655 295 1 330 0 2655 295
-1
21 1
0 1773 197 2 683 0 603 67 934 0 1170 130
-1
22 0
-1
23 13
0 2700 300 2 984 0 1746 194 185 0 954 106
0 2925 325 2 278 0 1143 127 410 0 1782 198
0 3591 399 2 291 0 936 104 1069 0 2655 295
0 3645 405 2 502 0 558 62 704 0 3087 343
0 3231 359 2 30 0 2394 266 352 0 837 93
0 6291 699 2 389 0 3699 411 978 0 2592 288
0 3924 436 2 663 0 1035 115 684 0 2889 321
0 4347 483 2 130 0 2394 266 299 0 1953 217
0 4239 471 2 512 0 621 69 514 0 3618 402
0 3006 334 2 589 0 2304 256 320 0 702 78
0 2223 247 2 981 0 1224 136 260 0 999 111
0 3402 378 2 1143 0 2133 237 637 0 1269 141
0 3582 398 2 341 0 1836 204 563 0 1746 194
-1
24 10
0 3015 335 2 136 0 1539 171 175 0 1476 164
0 1152 128 1 516 0 1152 128
0 2061 229 1 115 0 2061 229
0 909 101 1 968 0 909 101
0 711 79 1 31 0 711 79
0 1449 161 1 913 0 1449 161
0 4230 470 2 664 0 1350 150 102 0 2880 320
0 1368 152 1 83 0 1368 152
0 4446 494 2 429 0 2574 286 1023 0 1872 208
0 2340 260 2 509 0 1647 183 479 0 693 77
-1
25 10
0 3105 345 2 710 0 1881 209 272 0 1224 136
0 2466 274 2 856 0 1242 138 154 0 1224 136
0 2142 238 2 207 0 1359 151 620 0 783 87
0 4473 497 2 296 0 2484 276 1146 0 1989 221
0 6174 686 2 1018 0 2007 223 139 0 4167 463
0 927 103 1 61 0 927 103
0 2403 267 1 528 0 2403 267
0 3861 429 2 574 0 1071 119 13 0 2790 310
0 693 77 1 1156 0 693 77
0 3600 400 2 1010 0 522 58 954 0 3078 342
-1
26 0
-1
27 0
-1
28 13
0 2268 252 1 995 0 2268 252
0 4005 445 2 68 0 1935 215 421 0 2070 230
0 5202 578 2 491 0 2205 245 157 0 2997 333
0 3726 414 2 1006 0 2565 285 242 0 1161 129
0 4482 498 2 162 0 2772 308 29 0 1710 190
0 918 102 1 1011 0 918 102
0 1755 195 2 445 0 873 97 818 0 882 98
0 2358 262 2 616 0 1404 156 103 0 954 106
0 3348 372 2 142 0 1764 196 746 0 1584 176
0 3096 344 2 145 0 2412 268 1159 0 684 76
0 6075 675 2 294 0 630 70 1063 0 5445 605
0 1998 222 2 1133 0 927 103 346 0 1071 119
0 3069 341 2 725 0 2412 268 820 0 657 73
-1
29 1
0 3663 407 2 768 0 1917 213 1017 0 1746 194
-1
30 7
0 2187 243 2 836 0 828 92 1088 0 1359 151
0 2880 320 2 644 0 972 108 729 0 1908 212
0 5643 627 2 694 0 1413 157 860 0 4230 470
0 2277 253 2 1022 0 1584 176 673 0 693 77
0 4752 528 2 354 0 2070 230 738 0 2682 298
0 1593 177 2 24 0 738 82 870 0 855 95
0 3132 348 2 489 0 1440 160 209 0 1692 188
-1
31 12
2689 7688 1153 1 645 2689 7688 1153
0 6525 725 2 803 0 1080 120 337 0 5445 605
0 3735 415 2 442 0 1953 217 383 0 1782 198
0 2250 250 2 906 0 1800 200 881 0 450 50
0 1476 164 1 1170 0 1476 164
0 1026 114 1 855 0 1026 114
0 3168 352 1 865 0 3168 352
0 2520 280 1 254 0 2520 280
0 1098 122 1 394 0 1098 122
0 3096 344 2 853 0 792 88 49 0 2304 256
0 1647 183 1 1132 0 1647 183
0 2151 239 1 1112 0 2151 239
-1
32 2
0 3519 391 1 1080 0 3519 391
0 3096 344 1 1056 0 3096 344
-1
33 6
0 3555 395 2 274 0 2412 268 401 0 1143 127
0 4383 487 1 360 0 4383 487
0 2412 268 2 381 0 1962 218 138 0 450 50
0 4284 476 2 1015 0 1683 187 1001 0 2601 289
0 2520 280 1 905 0 2520 280
0 603 67 1 426 0 603 67
-1
34 6
0 1737 193 1 436 0 1737 193
0 612 68 1 735 0 612 68
0 873 97 1 238 0 873 97
0 1773 197 1 1164 0 1773 197
0 2817 313 1 319 0 2817 313
0 1809 201 1 473 0 1809 201
-1
35 10
0 3357 373 2 193 0 873 97 1045 0 2484 276
0 3807 423 2 104 0 1602 178 1199 0 2205 245
0 9270 1030 2 901 0 5454 606 674 0 3816 424
0 6147 683 2 321 0 2727 303 508 0 3420 380
0 4293 477 2 521 0 2502 278 287 0 1791 199
0 3231 359 2 450 0 1836 204 1004 0 1395 155
0 3033 337 2 8 0 1026 114 1082 0 2007 223
0 6804 756 2 404 0 3222 358 998 0 3582 398
0 1485 165 2 1099 0 801 89 1078 0 684 76
0 1530 170 2 62 0 972 108 613 0 558 62
-1
