1 12
0 3393 377 2 856 0 774 86 532 0 2619 291
0 4041 449 2 476 0 1782 198 501 0 2259 251
0 3987 443 2 469 0 3537 393 567 0 450 50
0 3330 370 2 724 0 1368 152 898 0 1962 218
0 5058 562 2 765 0 3123 347 560 0 1935 215
0 7020 780 2 562 0 6570 730 753 0 450 50
1699 11657 1475 2 700 0 11412 1268 893 1699 245 207
0 855 104 2 893 0 0 9 750 0 855 95
0 2340 260 2 690 0 981 109 748 0 1359 151
0 4194 466 2 485 0 2358 262 463 0 1836 204
0 5679 631 2 682 0 1719 191 629 0 3960 440
0 2394 266 2 801 0 1701 189 850 0 693 77
-1
2 11
0 3618 402 2 568 0 2169 241 464 0 1449 161
0 3024 336 2 701 0 1512 168 513 0 1512 168
0 4014 446 2 827 0 2043 227 606 0 1971 219
0 5139 571 2 604 0 3690 410 481 0 1449 161
0 1089 121 2 618 0 630 70 670 0 459 51
0 1422 158 2 768 0 774 86 535 0 648 72
0 3996 444 2 723 0 1575 175 729 0 2421 269
0 3285 365 2 541 0 1323 147 817 0 1962 218
0 10305 1145 2 598 0 1998 222 867 0 8307 923
0 1575 175 1 634 0 1575 175
0 1755 195 2 799 0 855 95 667 0 900 100
-1
3 13
0 1953 217 2 834 0 495 55 851 0 1458 162
0 6552 728 2 482 0 2421 269 563 0 4131 459
0 3699 411 2 663 0 1773 197 806 0 1926 214
0 4275 475 2 460 0 1125 125 649 0 3150 350
0 5436 604 2 545 0 2835 315 811 0 2601 289
0 3672 408 2 899 0 2061 229 775 0 1611 179
0 3276 364 2 689 0 1827 203 728 0 1449 161
0 2628 292 2 473 0 1485 165 884 0 1143 127
0 6741 749 2 823 0 2583 287 503 0 4158 462
0 3447 383 2 523 0 1314 146 743 0 2133 237
0 4077 453 2 570 0 1980 220 892 0 2097 233
0 4770 530 2 696 0 3222 358 800 0 1548 172
0 2817 313 2 842 0 630 70 632 0 2187 243
-1
4 1
0 4068 452 2 673 0 1530 170 627 0 2538 282
-1
5 20
0 4464 496 2 144 0 2592 288 793 0 1872 208
0 1449 161 2 472 0 792 88 147 0 657 73
0 8109 901 2 13 0 4086 454 251 0 4023 447
0 2241 249 2 517 0 1125 125 516 0 1116 124
0 7542 838 2 744 0 4770 530 203 0 2772 308
0 5220 580 2 365 0 1125 125 153 0 4095 455
0 2349 261 2 303 0 1656 184 445 0 693 77
0 2493 277 2 133 0 1359 151 854 0 1134 126
0 5715 635 2 42 0 2709 301 159 0 3006 334
0 3897 433 2 555 0 1017 113 885 0 2880 320
0 3924 436 2 374 0 2547 283 283 0 1377 153
0 3456 384 2 19 0 1278 142 197 0 2178 242
0 2142 238 2 688 0 1233 137 709 0 909 101
0 2070 230 2 426 0 450 50 182 0 1620 180
0 3573 397 2 188 0 3123 347 76 0 450 50
0 2601 289 2 261 0 1305 145 224 0 1296 144
0 5094 566 2 15 0 4077 453 383 0 1017 113
0 2943 327 2 484 0 1368 152 522 0 1575 175
0 3411 379 2 191 0 990 110 394 0 2421 269
0 4716 524 2 200 0 2880 320 301 0 1836 204
-1
6 9
0 738 82 1 458 0 738 82
0 1224 136 1 495 0 1224 136
0 1071 119 1 576 0 1071 119
0 1647 183 1 756 0 1647 183
0 1431 159 1 845 0 1431 159
0 5148 572 1 564 0 5148 572
0 1656 184 1 681 0 1656 184
0 1953 217 1 891 0 1953 217
0 855 95 1 468 0 855 95
-1
7 17
0 2385 265 2 608 0 1053 117 703 0 1332 148
0 4653 517 2 840 0 3087 343 467 0 1566 174
0 4203 467 2 126 0 2034 226 109 0 2169 241
0 4869 541 2 803 0 2331 259 749 0 2538 282
0 3213 357 2 713 0 2529 281 396 0 684 76
0 1449 161 2 287 0 738 82 201 0 711 79
0 3555 395 2 95 0 1935 215 479 0 1620 180
0 3132 348 2 886 0 1683 187 480 0 1449 161
0 2637 293 2 814 0 1881 209 478 0 756 84
0 7389 821 2 143 0 2799 311 316 0 4590 510
0 2286 254 2 843 0 1305 145 195 0 981 109
0 2250 250 2 675 0 1278 142 740 0 972 108
0 3204 356 2 883 0 1161 129 41 0 2043 227
0 2700 300 2 640 0 765 85 269 0 1935 215
0 4356 484 2 33 0 2340 260 176 0 2016 224
0 2295 255 2 584 0 1224 136 240 0 1071 119
0 4428 492 2 82 0 1881 209 488 0 2547 283
-1
8 13
0 2241 249 2 543 0 1359 151 783 0 882 98
0 3744 416 2 766 0 1620 180 857 0 2124 236
0 2898 322 2 580 0 963 107 612 0 1935 215
0 4509 501 2 807 0 1656 184 572 0 2853 317
0 6516 724 2 550 0 5805 645 630 0 711 79
0 5994 666 2 832 0 4806 534 590 0 1188 132
0 2790 310 2 615 0 1323 147 874 0 1467 163
0 3015 335 2 376 0 2061 229 542 0 954 106
0 2799 311 1 666 0 2799 311
0 1260 140 1 487 0 1260 140
0 1071 119 1 757 0 1071 119
0 7524 836 2 678 0 4590 510 583 0 2934 326
0 684 76 1 540 0 684 76
-1
9 8
0 1008 112 1 466 0 1008 112
0 4455 495 2 797 0 3591 399 588 0 864 96
0 4338 482 2 519 0 2619 291 456 0 1719 191
0 3771 419 2 776 0 1440 160 835 0 2331 259
0 1845 205 2 581 0 1098 122 656 0 747 83
0 2664 296 1 558 0 2664 296
0 5427 603 2 554 0 2844 316 727 0 2583 287
0 6273 697 2 770 0 3222 358 745 0 3051 339
-1
10 13
0 3204 356 2 494 0 2331 259 846 0 873 97
0 3960 440 2 685 0 2997 333 889 0 963 107
0 8109 901 2 795 0 4086 454 687 0 4023 447
0 6309 701 2 738 0 4068 452 594 0 2241 249
0 3771 419 2 561 0 2592 288 508 0 1179 131
0 2601 289 1 732 0 2601 289
0 3915 435 2 876 0 1863 207 553 0 2052 228
0 2907 323 1 530 0 2907 323
0 1359 151 1 631 0 1359 151
0 693 77 1 609 0 693 77
0 4203 467 2 752 0 1530 170 767 0 2673 297
0 3870 430 2 852 0 1755 195 566 0 2115 235
0 1827 203 2 533 0 1017 113 512 0 810 90
-1
11 7
0 1296 144 1 818 0 1296 144
0 1422 158 1 660 0 1422 158
0 765 85 1 454 0 765 85
0 3933 437 2 509 0 2376 264 844 0 1557 173
0 2925 325 1 599 0 2925 325
0 594 66 1 758 0 594 66
0 3627 403 1 787 0 3627 403
-1
12 12
0 6354 706 2 777 0 2772 308 571 0 3582 398
0 2682 298 2 662 0 1890 210 593 0 792 88
0 3933 437 2 409 0 2421 269 65 0 1512 168
0 3663 407 2 651 0 1125 125 312 0 2538 282
0 5679 631 2 268 0 4617 513 274 0 1062 118
0 4266 474 2 422 0 2259 251 647 0 2007 223
0 7614 846 2 64 0 5751 639 105 0 1863 207
0 6219 691 2 669 0 3006 334 212 0 3213 357
0 2835 315 2 717 0 1656 184 249 0 1179 131
0 4167 463 2 824 0 3186 354 384 0 981 109
0 3699 411 2 348 0 783 87 259 0 2916 324
0 2880 320 2 163 0 1953 217 378 0 927 103
-1
13 9
0 7335 815 2 150 0 5256 584 373 0 2079 231
0 3699 411 2 101 0 2619 291 319 0 1080 120
0 6291 699 2 27 0 3069 341 18 0 3222 358
0 2385 265 2 217 0 1350 150 692 0 1035 115
0 1188 132 1 377 0 1188 132
0 738 82 1 684 0 738 82
3962 9214 1464 2 397 0 4077 453 49 3962 5137 1011
0 2988 332 2 118 0 945 105 822 0 2043 227
0 3951 439 2 849 0 3123 347 621 0 828 92
-1
14 0
-1
15 13
0 4131 459 2 707 0 1899 211 352 0 2232 248
0 5364 596 2 311 0 2358 262 55 0 3006 334
0 2430 270 2 119 0 1701 189 453 0 729 81
0 4338 482 2 349 0 1584 176 304 0 2754 306
0 1602 178 2 88 0 900 100 44 0 702 78
0 9882 1098 2 97 0 8307 923 279 0 1575 175
0 5796 644 2 407 0 2619 291 104 0 3177 353
0 3123 347 2 51 0 1953 217 115 0 1170 130
0 2979 331 2 317 0 1467 163 871 0 1512 168
0 5607 623 2 816 0 2853 317 879 0 2754 306
0 7128 792 2 720 0 2844 316 698 0 4284 476
0 4347 483 2 300 0 3123 347 359 0 1224 136
0 3924 436 2 436 0 612 68 305 0 3312 368
-1
16 10
0 1503 167 2 810 0 1053 117 791 0 450 50
0 4941 549 2 582 0 2412 268 607 0 2529 281
0 3663 407 2 549 0 2421 269 648 0 1242 138
0 2502 278 2 736 0 1323 147 459 0 1179 131
0 2097 233 2 873 0 981 109 863 0 1116 124
0 5742 638 2 635 0 1674 186 510 0 4068 452
0 1512 168 1 529 0 1512 168
0 2772 308 2 500 0 2115 235 645 0 657 73
0 972 108 1 547 0 972 108
0 4293 477 2 683 0 2736 304 792 0 1557 173
-1
17 13
0 6264 696 2 658 0 4644 516 705 0 1620 180
0 1089 121 2 548 0 621 69 691 0 468 52
0 5022 558 2 505 0 3906 434 695 0 1116 124
0 7623 847 2 633 0 4077 453 872 0 3546 394
0 6867 763 2 646 0 3609 401 589 0 3258 362
0 3141 349 2 826 0 450 50 702 0 2691 299
0 2088 232 2 897 0 1296 144 475 0 792 88
0 2970 330 2 866 0 1944 216 386 0 1026 114
0 3636 404 2 616 0 2466 274 625 0 1170 130
0 4455 495 2 498 0 3168 352 650 0 1287 143
0 2646 294 2 869 0 1656 184 477 0 990 110
0 2079 231 2 461 0 783 87 828 0 1296 144
0 2385 265 2 534 0 1314 146 325 0 1071 119
-1
18 11
0 3861 429 2 853 0 1368 152 556 0 2493 277
0 2889 321 2 339 0 1449 161 69 0 1440 160
0 747 83 1 59 0 747 83
0 2826 314 1 788 0 2826 314
0 2844 316 1 167 0 2844 316
0 1098 122 1 676 0 1098 122
0 5580 620 2 56 0 1296 144 379 0 4284 476
0 4320 480 2 204 0 3186 354 63 0 1134 126
0 810 90 1 443 0 810 90
0 1341 149 1 108 0 1341 149
0 1926 214 1 641 0 1926 214
-1
19 23
0 2619 291 2 808 0 1656 184 411 0 963 107
0 3969 441 2 131 0 972 108 314 0 2997 333
0 3411 379 2 245 0 1359 151 402 0 2052 228
0 4824 536 2 23 0 3582 398 40 0 1242 138
0 5184 576 2 354 0 2493 277 113 0 2691 299
0 3897 433 2 263 0 1557 173 196 0 2340 260
0 4014 446 2 89 0 900 100 449 0 3114 346
0 3276 364 2 429 0 2646 294 836 0 630 70
0 5265 585 2 265 0 2052 228 862 0 3213 357
0 4905 545 2 322 0 3258 362 614 0 1647 183
0 1260 140 2 206 0 468 52 199 0 792 88
0 2601 289 2 332 0 1332 148 507 0 1269 141
0 2637 293 2 214 0 1125 125 347 0 1512 168
0 2313 257 2 246 0 1152 128 247 0 1161 129
0 4500 500 2 106 0 1971 219 45 0 2529 281
0 6084 676 2 107 0 2178 242 207 0 3906 434
0 2403 267 2 712 0 1233 137 286 0 1170 130
0 2898 322 2 87 0 1872 208 746 0 1026 114
0 1620 180 2 186 0 738 82 398 0 882 98
0 4518 502 2 264 0 1404 156 502 0 3114 346
228 8718 993 2 452 0 5319 591 122 228 3399 402
0 2331 260 2 122 0 0 1 73 0 2331 259
0 5562 618 2 295 0 4653 517 166 0 909 101
-1
20 5
0 3060 340 2 774 0 2034 226 895 0 1026 114
0 7542 838 2 860 0 5256 584 585 0 2286 254
0 3240 360 2 796 0 2619 291 551 0 621 69
0 2169 241 1 492 0 2169 241
0 2880 320 2 260 0 1881 209 408 0 999 111
-1
21 1
0 1935 215 1 798 0 1935 215
-1
22 13
0 1872 208 2 187 0 1377 153 157 0 495 55
0 5220 580 2 29 0 1998 222 218 0 3222 358
0 2934 326 2 410 0 1287 143 257 0 1647 183
0 2376 264 2 587 0 1521 169 234 0 855 95
0 10674 1186 2 406 0 5148 572 162 0 5526 614
0 2709 301 2 93 0 1422 158 241 0 1287 143
0 2034 226 2 164 0 1449 161 209 0 585 65
0 1422 158 2 270 0 855 95 66 0 567 63
0 3861 429 2 431 0 1314 146 483 0 2547 283
0 4248 472 2 781 0 2691 299 619 0 1557 173
0 5859 651 2 369 0 3168 352 140 0 2691 299
0 5355 595 2 496 0 2889 321 367 0 2466 274
0 4545 505 2 446 0 2664 296 21 0 1881 209
-1
23 2
0 2466 274 1 786 0 2466 274
0 2061 229 1 782 0 2061 229
-1
24 15
0 1755 195 2 237 0 900 100 417 0 855 95
0 3690 410 2 285 0 1368 152 74 0 2322 258
0 4185 465 2 282 0 648 72 413 0 3537 393
0 2826 314 2 221 0 1512 168 435 0 1314 146
0 2061 229 1 381 0 2061 229
0 729 81 1 880 0 729 81
0 2961 329 1 84 0 2961 329
0 1170 130 1 579 0 1170 130
0 1539 171 1 672 0 1539 171
0 3519 391 2 254 0 918 102 388 0 2601 289
0 3150 350 1 327 0 3150 350
0 999 111 1 680 0 999 111
0 1476 164 2 72 0 531 59 518 0 945 105
0 450 50 1 368 0 450 50
0 2439 271 1 894 0 2439 271
-1
25 12
0 2241 249 1 610 0 2241 249
0 882 98 1 763 0 882 98
0 3663 407 2 155 0 1692 188 829 0 1971 219
0 1260 140 1 3 0 1260 140
0 1161 129 1 848 0 1161 129
0 5049 561 2 441 0 2934 326 802 0 2115 235
0 2178 242 2 404 0 1557 173 328 0 621 69
0 6597 733 2 99 0 3366 374 331 0 3231 359
0 1530 170 1 432 0 1530 170
0 2583 287 1 450 0 2583 287
0 1152 128 1 718 0 1152 128
0 1611 179 1 371 0 1611 179
-1
26 6
0 1692 188 1 637 0 1692 188
0 4617 513 1 573 0 4617 513
0 2547 283 2 780 0 1881 209 521 0 666 74
0 3456 384 1 711 0 3456 384
0 1953 217 1 735 0 1953 217
0 1350 150 1 596 0 1350 150
-1
27 19
0 4230 470 2 112 0 2115 235 233 0 2115 235
0 2817 313 2 121 0 1530 170 528 0 1287 143
0 4464 496 2 790 0 2628 292 591 0 1836 204
0 4797 533 2 238 0 2907 323 290 0 1890 210
0 3240 360 2 4 0 2331 259 405 0 909 101
0 5013 557 2 91 0 3204 356 252 0 1809 201
0 1467 163 2 794 0 981 109 294 0 486 54
0 3258 362 2 486 0 1377 153 784 0 1881 209
0 3465 385 2 559 0 2178 242 299 0 1287 143
0 4194 466 2 302 0 1647 183 12 0 2547 283
0 1251 139 2 100 0 630 70 350 0 621 69
0 1971 219 2 326 0 1026 114 342 0 945 105
0 2916 324 2 333 0 1944 216 329 0 972 108
0 4770 530 2 320 0 3546 394 362 0 1224 136
0 2439 271 2 272 0 450 50 448 0 1989 221
0 1881 209 2 183 0 1053 117 277 0 828 92
0 2493 277 2 262 0 1332 148 210 0 1161 129
0 2826 314 2 80 0 594 66 525 0 2232 248
0 6183 687 2 11 0 1935 215 128 0 4248 472
-1
28 2
0 1611 179 1 815 0 1611 179
0 2223 247 1 900 0 2223 247
-1
29 0
-1
30 11
0 4482 498 2 135 0 1773 197 699 0 2709 301
0 4077 453 1 858 0 4077 453
0 2565 285 2 385 0 1656 184 722 0 909 101
0 1296 144 1 830 0 1296 144
0 4527 503 2 215 0 1323 147 668 0 3204 356
0 1233 137 1 694 0 1233 137
0 4149 461 2 493 0 2493 277 289 0 1656 184
0 1638 182 1 490 0 1638 182
0 2412 268 2 90 0 1053 117 7 0 1359 151
0 1755 195 1 416 0 1755 195
0 882 98 1 68 0 882 98
-1
31 2
0 3042 338 2 868 0 1818 202 552 0 1224 136
0 1242 138 1 865 0 1242 138
-1
32 19
0 6012 668 2 171 0 4770 530 154 0 1242 138
0 8145 905 2 296 0 4077 453 111 0 4068 452
0 3969 441 2 138 0 1116 124 228 0 2853 317
0 3987 443 2 278 0 2412 268 318 0 1575 175
0 6381 709 2 623 0 2313 257 444 0 4068 452
0 1386 154 2 142 0 513 57 5 0 873 97
0 6516 724 2 664 0 4959 551 337 0 1557 173
0 2655 295 2 146 0 1296 144 741 0 1359 151
0 4383 487 2 223 0 1539 171 14 0 2844 316
0 3834 426 2 37 0 1971 219 276 0 1863 207
0 3096 344 2 26 0 2439 271 230 0 657 73
0 6102 678 2 16 0 2475 275 124 0 3627 403
0 5418 602 2 310 0 2196 244 315 0 3222 358
0 4797 533 2 414 0 2187 243 653 0 2610 290
0 1377 153 2 399 0 864 96 714 0 513 57
0 4887 543 2 805 0 2646 294 194 0 2241 249
0 3825 425 2 94 0 2601 289 418 0 1224 136
0 3564 396 2 54 0 450 50 511 0 3114 346
0 2583 287 2 693 0 1377 153 139 0 1206 134
-1
