1 10
0 2142 238 2 927 0 1278 142 999 0 864 96
0 5373 597 2 740 0 4329 481 121 0 1044 116
0 1440 160 1 245 0 1440 160
0 2367 263 1 831 0 2367 263
0 4572 508 2 854 0 1881 209 990 0 2691 299
0 3969 441 2 973 0 2259 251 733 0 1710 190
0 6642 738 2 454 0 4806 534 648 0 1836 204
0 1395 155 1 43 0 1395 155
0 927 103 1 584 0 927 103
0 2988 332 1 222 0 2988 332
-1
2 9
0 8316 924 2 573 0 4230 470 278 0 4086 454
0 3024 336 2 732 0 1089 121 577 0 1935 215
0 4086 454 2 406 0 1989 221 100 0 2097 233
0 2385 265 2 95 0 963 107 501 0 1422 158
0 3492 388 2 884 0 1953 217 84 0 1539 171
0 3744 416 2 190 0 2016 224 753 0 1728 192
0 5823 647 2 969 0 1971 219 520 0 3852 428
0 2808 312 2 51 0 1143 127 385 0 1665 185
0 3888 432 2 32 0 1845 205 967 0 2043 227
-1
3 8
0 4212 468 2 211 0 3636 404 505 0 576 64
0 6354 706 2 857 0 1836 204 269 0 4518 502
0 3159 351 2 829 0 1710 190 123 0 1449 161
0 3312 368 2 889 0 2583 287 735 0 729 81
0 2970 330 2 934 0 1647 183 345 0 1323 147
0 1845 205 2 744 0 1035 115 500 0 810 90
0 5445 605 2 476 0 1431 159 46 0 4014 446
0 5274 586 2 798 0 3465 385 219 0 1809 201
-1
4 9
0 3879 431 2 920 0 2547 283 427 0 1332 148
499 8771 1030 2 240 0 5130 570 405 499 3641 460
0 4059 451 2 59 0 1161 129 328 0 2898 322
0 3969 441 2 904 0 1584 176 629 0 2385 265
0 4086 454 2 415 0 2151 239 30 0 1935 215
0 2520 280 2 862 0 1269 141 383 0 1251 139
0 3366 374 2 891 0 1395 155 494 0 1971 219
0 4599 511 2 1027 0 2997 333 808 0 1602 178
0 2457 273 2 550 0 1332 148 702 0 1125 125
-1
5 11
0 1809 201 2 83 0 720 80 852 0 1089 121
0 5454 606 2 502 0 2367 263 724 0 3087 343
0 3123 347 2 828 0 2079 231 597 0 1044 116
0 5598 622 2 955 0 2007 223 62 0 3591 399
0 2799 311 2 325 0 1494 166 22 0 1305 145
0 2097 233 2 705 0 882 98 207 0 1215 135
0 10899 1211 2 1046 0 3645 405 764 0 7254 806
0 2358 262 2 576 0 963 107 366 0 1395 155
0 5463 607 2 293 0 3897 433 238 0 1566 174
0 1674 186 1 481 0 1674 186
0 3753 417 2 131 0 2448 272 572 0 1305 145
-1
6 9
0 3528 392 2 519 0 1602 178 564 0 1926 214
0 6129 681 2 540 0 1809 201 145 0 4320 480
0 1098 122 1 1083 0 1098 122
0 3024 336 1 905 0 3024 336
0 2052 228 2 447 0 1134 126 958 0 918 102
0 6894 766 2 706 0 1539 171 890 0 5355 595
0 1791 199 1 1042 0 1791 199
0 3798 422 1 962 0 3798 422
0 3546 394 2 124 0 1206 134 725 0 2340 260
-1
7 8
0 7281 809 2 902 0 4032 448 794 0 3249 361
0 4428 492 2 743 0 1350 150 296 0 3078 342
0 4932 548 2 658 0 1917 213 348 0 3015 335
0 3042 338 2 393 0 2268 252 690 0 774 86
0 4239 471 2 292 0 1467 163 49 0 2772 308
0 4329 481 2 1097 0 1800 200 171 0 2529 281
0 3951 439 2 881 0 2547 283 344 0 1404 156
0 4140 460 2 26 0 1854 206 845 0 2286 254
-1
8 9
0 2817 313 2 285 0 693 77 329 0 2124 236
0 3780 420 2 179 0 2655 295 661 0 1125 125
0 6795 755 2 1031 0 3177 353 220 0 3618 402
0 5463 607 2 944 0 3447 383 472 0 2016 224
0 882 98 1 838 0 882 98
0 972 108 1 784 0 972 108
0 1755 195 1 641 0 1755 195
0 4167 463 1 536 0 4167 463
0 1413 157 1 371 0 1413 157
-1
9 6
0 4482 498 2 99 0 1098 122 258 0 3384 376
0 2385 265 1 692 0 2385 265
0 1827 203 1 253 0 1827 203
0 1386 154 1 748 0 1386 154
0 3087 343 2 627 0 1827 203 82 0 1260 140
0 2439 271 2 595 0 1647 183 807 0 792 88
-1
10 9
0 4221 469 2 153 0 2385 265 760 0 1836 204
0 3033 337 2 896 0 1728 192 438 0 1305 145
0 4230 470 2 351 0 882 98 88 0 3348 372
0 3843 427 2 601 0 2718 302 1034 0 1125 125
0 702 78 1 812 0 702 78
0 2079 231 2 42 0 1593 177 554 0 486 54
0 1107 123 1 188 0 1107 123
0 2871 319 2 170 0 1314 146 417 0 1557 173
0 4698 522 2 320 0 3555 395 216 0 1143 127
-1
11 8
0 4563 507 2 496 0 3114 346 208 0 1449 161
0 3168 352 1 79 0 3168 352
0 3483 387 2 989 0 2313 257 334 0 1170 130
0 2259 251 1 346 0 2259 251
0 5490 610 1 1019 0 5490 610
0 3195 355 1 768 0 3195 355
0 2250 250 1 441 0 2250 250
0 1350 150 1 979 0 1350 150
-1
12 6
0 4005 445 2 947 0 1611 179 25 0 2394 266
0 2322 258 2 213 0 1152 128 974 0 1170 130
0 5202 578 2 941 0 3402 378 1040 0 1800 200
0 4383 487 2 957 0 1953 217 297 0 2430 270
0 4779 531 2 524 0 3087 343 618 0 1692 188
0 8397 933 2 616 0 7281 809 886 0 1116 124
-1
13 9
0 4500 500 2 599 0 2214 246 1047 0 2286 254
0 2277 253 2 19 0 864 96 730 0 1413 157
0 1710 190 2 1074 0 693 77 571 0 1017 113
0 4491 499 2 557 0 1917 213 1064 0 2574 286
0 4752 528 2 761 0 927 103 678 0 3825 425
0 6147 683 2 538 0 1656 184 722 0 4491 499
0 1395 155 1 712 0 1395 155
0 1971 219 2 396 0 540 60 452 0 1431 159
0 6228 692 2 273 0 2133 237 983 0 4095 455
-1
14 11
0 3843 427 2 615 0 2232 248 968 0 1611 179
0 2178 242 2 107 0 1530 170 280 0 648 72
0 3267 363 2 483 0 1260 140 943 0 2007 223
0 3780 420 2 855 0 1557 173 442 0 2223 247
0 3267 363 2 478 0 1476 164 359 0 1791 199
0 3366 374 2 719 0 1215 135 911 0 2151 239
0 6462 718 2 908 0 3132 348 288 0 3330 370
0 3285 365 2 322 0 1935 215 1045 0 1350 150
0 972 108 1 755 0 972 108
0 2979 331 1 679 0 2979 331
0 1890 210 1 699 0 1890 210
-1
15 11
0 2718 302 2 1004 0 1323 147 470 0 1395 155
0 2907 323 2 175 0 990 110 675 0 1917 213
0 2943 327 2 1060 0 1782 198 635 0 1161 129
0 3645 405 2 356 0 1368 152 89 0 2277 253
0 4869 541 2 903 0 2889 321 223 0 1980 220
0 1845 205 2 50 0 900 100 625 0 945 105
0 3519 391 2 214 0 1701 189 233 0 1818 202
0 1008 112 1 656 0 1008 112
0 3690 410 2 721 0 918 102 621 0 2772 308
0 4194 466 1 568 0 4194 466
0 3825 425 2 252 0 1548 172 244 0 2277 253
-1
16 9
0 5454 606 2 907 0 2997 333 614 0 2457 273
0 10269 1141 2 756 0 3699 411 425 0 6570 730
0 2772 308 2 1080 0 864 96 684 0 1908 212
0 2763 307 2 448 0 2025 225 1079 0 738 82
0 1962 218 1 379 0 1962 218
0 3627 403 2 533 0 1215 135 94 0 2412 268
0 3618 402 2 1067 0 1161 129 861 0 2457 273
0 2745 305 2 495 0 828 92 978 0 1917 213
0 2079 231 1 707 0 2079 231
-1
17 7
0 2736 304 2 938 0 1053 117 1035 0 1683 187
0 5490 610 2 460 0 1170 130 858 0 4320 480
0 3213 357 1 180 0 3213 357
0 4491 499 1 58 0 4491 499
0 4041 449 1 870 0 4041 449
0 945 105 1 698 0 945 105
0 2277 253 1 787 0 2277 253
-1
18 0
-1
19 8
0 2574 286 2 110 0 1035 115 187 0 1539 171
0 4419 491 2 339 0 1926 214 795 0 2493 277
0 846 94 1 736 0 846 94
0 4923 547 2 20 0 2709 301 319 0 2214 246
0 828 92 1 1026 0 828 92
0 4734 526 1 69 0 4734 526
0 3537 393 1 349 0 3537 393
0 1116 124 1 215 0 1116 124
-1
20 5
0 2844 316 2 1054 0 1944 216 66 0 900 100
0 2223 247 1 877 0 2223 247
0 3780 420 2 626 0 2322 258 739 0 1458 162
0 4500 500 2 139 0 2673 297 1018 0 1827 203
0 4104 456 2 1000 0 2898 322 184 0 1206 134
-1
21 8
0 4680 520 2 114 0 1845 205 1021 0 2835 315
0 1566 174 2 282 0 513 57 157 0 1053 117
0 4581 509 2 539 0 1935 215 104 0 2646 294
0 3006 334 2 115 0 1854 206 506 0 1152 128
0 2835 315 2 307 0 1449 161 176 0 1386 154
0 3906 434 2 423 0 2736 304 426 0 1170 130
0 3600 400 2 741 0 1917 213 38 0 1683 187
0 3690 410 2 312 0 2007 223 676 0 1683 187
-1
22 8
0 5886 654 2 850 0 3969 441 1062 0 1917 213
0 5157 573 2 555 0 1656 184 17 0 3501 389
0 2889 321 2 41 0 1170 130 844 0 1719 191
0 4725 525 2 562 0 1197 133 1069 0 3528 392
0 2718 302 2 1012 0 1071 119 1013 0 1647 183
0 2790 310 2 605 0 1296 144 248 0 1494 166
0 3564 396 2 300 0 1998 222 1041 0 1566 174
0 3105 345 2 1082 0 1980 220 377 0 1125 125
-1
23 5
0 2529 281 2 127 0 1773 197 952 0 756 84
0 5049 561 2 493 0 2682 298 487 0 2367 263
0 3447 383 2 987 0 918 102 587 0 2529 281
0 4680 520 2 1100 0 1908 212 1001 0 2772 308
0 2034 226 2 161 0 630 70 959 0 1404 156
-1
24 6
0 5517 613 2 606 0 1287 143 727 0 4230 470
0 1566 174 2 44 0 1116 124 464 0 450 50
0 3411 379 2 1098 0 1089 121 499 0 2322 258
0 1710 190 1 575 0 1710 190
0 2223 247 1 602 0 2223 247
0 2844 316 2 972 0 1359 151 791 0 1485 165
-1
25 6
0 1881 209 1 315 0 1881 209
0 4851 539 2 817 0 2853 317 534 0 1998 222
0 2691 299 2 146 0 1062 118 578 0 1629 181
0 1341 149 1 402 0 1341 149
0 1692 188 1 154 0 1692 188
0 2925 325 1 467 0 2925 325
-1
26 4
0 4887 543 2 70 0 3402 378 321 0 1485 165
0 4122 458 2 54 0 1557 173 977 0 2565 285
0 3033 337 2 580 0 1845 205 23 0 1188 132
0 3447 383 2 628 0 2583 287 431 0 864 96
-1
27 7
0 2808 312 2 299 0 855 95 809 0 1953 217
0 828 92 1 677 0 828 92
0 4608 512 2 816 0 1773 197 518 0 2835 315
0 3420 380 2 409 0 2538 282 551 0 882 98
0 999 111 1 663 0 999 111
0 7353 817 2 789 0 3591 399 324 0 3762 418
0 3042 338 2 286 0 1350 150 824 0 1692 188
-1
28 7
0 990 110 1 18 0 990 110
0 1881 209 1 355 0 1881 209
0 3303 367 2 28 0 1746 194 241 0 1557 173
0 2997 333 1 150 0 2997 333
0 2178 242 1 827 0 2178 242
0 2367 263 1 1091 0 2367 263
0 2313 257 1 77 0 2313 257
-1
29 8
0 5319 591 2 527 0 1980 220 583 0 3339 371
0 4122 458 2 517 0 2034 226 468 0 2088 232
0 4455 495 2 872 0 3096 344 272 0 1359 151
0 4383 487 2 695 0 1854 206 951 0 2529 281
0 5499 611 2 560 0 2223 247 75 0 3276 364
0 3987 443 2 860 0 1197 133 129 0 2790 310
0 3141 349 2 851 0 1314 146 926 0 1827 203
0 4311 479 2 509 0 2502 278 803 0 1809 201
-1
30 0
-1
31 6
0 5742 638 2 788 0 4194 466 503 0 1548 172
0 2151 239 1 314 0 2151 239
0 3168 352 1 311 0 3168 352
0 3267 363 2 418 0 1377 153 400 0 1890 210
0 2673 297 2 96 0 1962 218 1022 0 711 79
0 918 102 1 898 0 918 102
-1
32 6
0 3474 386 2 984 0 1179 131 1086 0 2295 255
0 1386 154 1 236 0 1386 154
0 1287 143 1 378 0 1287 143
0 2448 272 1 407 0 2448 272
0 1134 126 1 12 0 1134 126
0 2709 301 2 710 0 2178 242 167 0 531 59
-1
33 10
0 4329 481 2 917 0 1845 205 964 0 2484 276
0 11088 1232 2 1075 0 4842 538 148 0 6246 694
0 5112 568 2 843 0 3717 413 611 0 1395 155
0 4509 501 2 229 0 3024 336 883 0 1485 165
0 3681 409 2 343 0 1971 219 97 0 1710 190
0 3303 367 2 716 0 1224 136 1036 0 2079 231
0 1521 169 1 172 0 1521 169
0 2538 282 2 749 0 855 95 869 0 1683 187
0 2034 226 1 1093 0 2034 226
0 2106 234 1 610 0 2106 234
-1
34 5
0 2304 256 2 435 0 1296 144 752 0 1008 112
0 6741 749 2 295 0 5094 566 112 0 1647 183
0 2358 262 2 263 0 945 105 76 0 1413 157
0 3006 334 2 1089 0 1494 166 885 0 1512 168
0 3411 379 1 758 0 3411 379
-1
35 5
0 4401 489 2 873 0 2898 322 511 0 1503 167
0 7002 778 2 600 0 4104 456 647 0 2898 322
0 3573 397 2 29 0 729 81 74 0 2844 316
0 3321 369 1 693 0 3321 369
0 3681 409 2 173 0 1359 151 1092 0 2322 258
-1
36 8
0 2556 284 1 1078 0 2556 284
0 2502 278 1 530 0 2502 278
0 3582 398 1 85 0 3582 398
0 6390 710 2 659 0 4860 540 806 0 1530 170
0 864 96 1 275 0 864 96
0 1854 206 1 102 0 1854 206
0 1233 137 1 217 0 1233 137
0 1053 117 1 189 0 1053 117
-1
37 7
0 3636 404 1 1032 0 3636 404
0 1809 201 1 841 0 1809 201
0 4032 448 1 1081 0 4032 448
0 2520 280 1 864 0 2520 280
0 2385 265 1 437 0 2385 265
0 1800 200 1 228 0 1800 200
0 1332 148 1 271 0 1332 148
-1
38 0
-1
