1 18
0 4176 464 2 511 0 1332 148 462 0 2844 316
0 8064 896 2 34 0 1863 207 581 0 6201 689
0 3348 372 2 35 0 2682 298 505 0 666 74
0 3960 440 2 329 0 2718 302 166 0 1242 138
0 5202 578 2 211 0 2934 326 318 0 2268 252
0 4284 476 2 70 0 1836 204 171 0 2448 272
0 3141 349 2 269 0 1503 167 225 0 1638 182
0 3843 427 2 209 0 2520 280 593 0 1323 147
0 1404 156 2 535 0 450 50 210 0 954 106
0 6417 713 2 159 0 3537 393 117 0 2880 320
0 3168 352 2 577 0 2430 270 392 0 738 82
0 5067 563 2 578 0 3294 366 68 0 1773 197
0 3717 413 2 146 0 1305 145 22 0 2412 268
0 2718 302 2 379 0 1899 211 551 0 819 91
0 5850 650 2 335 0 3177 353 232 0 2673 297
0 1530 170 2 320 0 864 96 13 0 666 74
0 4203 467 2 53 0 1197 133 31 0 3006 334
0 3582 398 2 382 0 1701 189 149 0 1881 209
-1
2 18
0 2907 323 2 186 0 1881 209 381 0 1026 114
0 5904 656 2 136 0 2376 264 461 0 3528 392
0 3177 353 2 426 0 603 67 345 0 2574 286
0 3447 383 2 277 0 702 78 175 0 2745 305
0 2898 322 2 554 0 1809 201 73 0 1089 121
0 5148 572 2 284 0 2961 329 576 0 2187 243
0 6165 685 2 580 0 3402 378 4 0 2763 307
0 5274 586 2 180 0 2628 292 36 0 2646 294
0 5436 604 2 163 0 2592 288 259 0 2844 316
0 3222 358 2 495 0 2457 273 62 0 765 85
0 2745 305 2 91 0 801 89 331 0 1944 216
0 2475 275 2 179 0 1719 191 575 0 756 84
0 2754 306 2 287 0 900 100 213 0 1854 206
0 7686 854 2 189 0 2691 299 353 0 4995 555
0 4104 456 2 134 0 1791 199 421 0 2313 257
0 5904 656 2 2 0 3654 406 384 0 2250 250
0 1026 114 2 138 0 576 64 324 0 450 50
0 4266 474 2 184 0 1773 197 231 0 2493 277
-1
3 10
3196 8225 1260 2 537 0 4986 554 455 3196 3239 706
0 1224 145 2 455 0 0 9 496 0 1224 136
0 2907 323 2 41 0 1836 204 132 0 1071 119
0 2700 300 2 139 0 1503 167 174 0 1197 133
0 4734 526 2 234 0 999 111 57 0 3735 415
0 2133 237 2 226 0 1287 143 133 0 846 94
0 6399 711 2 248 0 2511 279 143 0 3888 432
0 3888 432 2 200 0 1485 165 293 0 2403 267
0 2007 223 2 47 0 1287 143 564 0 720 80
0 3258 362 2 295 0 1440 160 493 0 1818 202
-1
4 18
0 3186 354 2 204 0 1197 133 367 0 1989 221
0 9558 1062 2 235 0 8685 965 538 0 873 97
0 7434 826 2 55 0 2934 326 224 0 4500 500
0 2052 228 2 573 0 1314 146 565 0 738 82
0 5229 581 2 158 0 918 102 160 0 4311 479
0 6570 730 2 532 0 4833 537 556 0 1737 193
0 5454 606 2 94 0 2151 239 196 0 3303 367
0 3429 381 2 594 0 1215 135 292 0 2214 246
0 3168 352 2 69 0 855 95 100 0 2313 257
0 3564 396 2 301 0 1107 123 521 0 2457 273
0 3312 368 2 79 0 2016 224 541 0 1296 144
0 3528 392 2 187 0 1728 192 56 0 1800 200
0 2439 271 2 488 0 1989 221 197 0 450 50
0 2520 280 2 67 0 1242 138 334 0 1278 142
0 5121 569 2 460 0 1035 115 487 0 4086 454
0 4311 479 2 319 0 2403 267 114 0 1908 212
0 7200 800 2 413 0 900 100 423 0 6300 700
0 1845 205 2 373 0 855 95 328 0 990 110
-1
5 13
0 4662 518 2 129 0 1368 152 125 0 3294 366
0 2844 316 2 43 0 1971 219 398 0 873 97
0 7821 869 2 247 0 4518 502 396 0 3303 367
0 2898 322 1 20 0 2898 322
0 3879 431 1 313 0 3879 431
0 2448 272 1 465 0 2448 272
0 5607 623 2 562 0 4545 505 272 0 1062 118
0 999 111 1 512 0 999 111
0 2250 250 1 477 0 2250 250
0 1656 184 1 586 0 1656 184
0 1098 122 1 401 0 1098 122
0 1431 159 1 219 0 1431 159
0 1629 181 1 137 0 1629 181
-1
6 7
0 1206 134 1 439 0 1206 134
0 4068 452 2 427 0 828 92 453 0 3240 360
0 1647 183 1 182 0 1647 183
0 3861 429 1 237 0 3861 429
0 1665 185 1 446 0 1665 185
0 1260 140 1 109 0 1260 140
0 657 73 1 478 0 657 73
-1
7 16
0 5220 580 2 10 0 1377 153 145 0 3843 427
0 3915 435 2 122 0 2088 232 406 0 1827 203
0 4887 543 2 241 0 3573 397 459 0 1314 146
0 1890 210 2 74 0 1413 157 285 0 477 53
0 2871 319 2 484 0 891 99 479 0 1980 220
0 3402 378 2 28 0 1566 174 169 0 1836 204
0 1746 194 2 303 0 612 68 264 0 1134 126
0 3753 417 2 547 0 3303 367 418 0 450 50
0 6516 724 2 530 0 2781 309 150 0 3735 415
0 7308 812 2 497 0 3312 368 153 0 3996 444
0 2556 284 2 305 0 1503 167 203 0 1053 117
0 2286 254 2 470 0 1404 156 260 0 882 98
0 3996 444 2 311 0 1440 160 482 0 2556 284
0 2277 253 2 344 0 783 87 516 0 1494 166
0 1170 130 1 343 0 1170 130
0 756 84 1 215 0 756 84
-1
8 11
0 2232 257 2 500 0 0 9 21 0 2232 248
0 3150 350 2 250 0 1863 207 188 0 1287 143
0 5553 617 2 404 0 3735 415 365 0 1818 202
0 2412 268 2 574 0 1467 163 263 0 945 105
0 2115 235 2 561 0 666 74 317 0 1449 161
0 1467 163 2 29 0 540 60 8 0 927 103
0 2025 225 2 223 0 864 96 559 0 1161 129
0 2088 232 2 451 0 1251 139 402 0 837 93
0 4608 512 2 349 0 3132 348 61 0 1476 164
0 2736 304 2 63 0 747 83 50 0 1989 221
0 1953 217 1 255 0 1953 217
-1
9 18
0 3249 361 2 430 0 567 63 504 0 2682 298
0 6390 710 2 312 0 4140 460 566 0 2250 250
0 6507 723 2 315 0 3510 390 543 0 2997 333
0 2412 268 2 306 0 783 87 273 0 1629 181
0 3312 368 2 531 0 2628 292 524 0 684 76
0 1863 207 2 327 0 1134 126 536 0 729 81
0 3987 443 2 429 0 2115 235 288 0 1872 208
0 1368 152 2 127 0 558 62 7 0 810 90
0 2511 279 2 550 0 1755 195 283 0 756 84
0 5931 659 2 400 0 3330 370 435 0 2601 289
0 4959 551 2 509 0 2052 228 220 0 2907 323
0 3780 420 2 579 0 2268 252 591 0 1512 168
0 5841 649 2 501 0 3735 415 350 0 2106 234
0 4428 492 2 265 0 810 90 513 0 3618 402
0 3771 419 2 361 0 2826 314 154 0 945 105
0 2439 271 2 165 0 711 79 474 0 1728 192
0 5454 606 2 294 0 1674 186 308 0 3780 420
0 2358 262 2 337 0 1215 135 411 0 1143 127
-1
10 15
0 9117 1013 2 168 0 5274 586 126 0 3843 427
0 2916 324 2 471 0 864 96 339 0 2052 228
0 6156 684 2 340 0 2736 304 5 0 3420 380
0 3969 441 2 529 0 3015 335 407 0 954 106
0 1890 210 2 440 0 864 96 93 0 1026 114
0 7281 809 2 508 0 1890 210 214 0 5391 599
0 2097 233 2 30 0 549 61 39 0 1548 172
0 1251 139 1 23 0 1251 139
0 5193 577 1 391 0 5193 577
0 540 60 1 71 0 540 60
0 6975 775 2 416 0 4752 528 360 0 2223 247
0 1809 201 2 49 0 1134 126 246 0 675 75
0 5688 632 1 202 0 5688 632
0 1449 161 1 483 0 1449 161
0 1809 201 1 195 0 1809 201
-1
11 9
0 5031 559 2 412 0 2754 306 103 0 2277 253
0 1845 205 2 89 0 720 80 282 0 1125 125
0 1638 182 2 280 0 999 111 394 0 639 71
0 1899 211 2 388 0 918 102 546 0 981 109
0 3627 403 2 140 0 2700 300 289 0 927 103
0 3681 409 2 207 0 1431 159 557 0 2250 250
0 5202 578 2 357 0 1791 199 359 0 3411 379
0 3204 356 2 233 0 2322 258 321 0 882 98
0 3375 375 2 372 0 1278 142 249 0 2097 233
-1
12 9
0 5229 581 2 468 0 4311 479 271 0 918 102
0 2385 265 2 298 0 1179 131 218 0 1206 134
0 1971 219 1 486 0 1971 219
0 5076 564 2 380 0 2916 324 525 0 2160 240
0 3879 431 1 208 0 3879 431
0 1179 131 1 539 0 1179 131
0 1710 190 1 489 0 1710 190
0 1305 145 1 480 0 1305 145
0 1530 170 1 355 0 1530 170
-1
13 12
0 828 92 1 192 0 828 92
0 1638 182 1 363 0 1638 182
0 3483 387 2 366 0 729 81 243 0 2754 306
0 2574 286 1 466 0 2574 286
0 855 95 1 370 0 855 95
0 1278 142 1 128 0 1278 142
0 2484 276 2 436 0 1332 148 37 0 1152 128
0 3186 354 1 60 0 3186 354
0 720 80 1 523 0 720 80
0 1449 161 1 115 0 1449 161
0 4563 507 2 254 0 3501 389 348 0 1062 118
0 1944 216 1 527 0 1944 216
-1
14 8
0 5625 625 2 98 0 2421 269 151 0 3204 356
0 4671 519 2 6 0 2178 242 245 0 2493 277
0 3978 442 2 330 0 2493 277 251 0 1485 165
0 5949 661 2 141 0 1755 195 177 0 4194 466
0 2151 239 2 85 0 1602 178 323 0 549 61
0 2016 224 2 52 0 1368 152 393 0 648 72
0 4365 485 2 253 0 2151 239 490 0 2214 246
0 3078 342 2 585 0 2295 255 597 0 783 87
-1
15 16
0 2367 263 2 75 0 684 76 193 0 1683 187
0 2520 280 2 399 0 639 71 560 0 1881 209
0 5688 632 2 568 0 918 102 354 0 4770 530
0 2988 332 2 463 0 1674 186 228 0 1314 146
0 2952 328 2 514 0 918 102 18 0 2034 226
0 3690 410 2 222 0 2142 238 548 0 1548 172
0 1962 218 2 110 0 702 78 368 0 1260 140
0 4779 531 2 116 0 2889 321 450 0 1890 210
0 2007 223 1 519 0 2007 223
0 2079 231 2 221 0 945 105 238 0 1134 126
0 1287 143 1 432 0 1287 143
0 846 94 1 494 0 846 94
0 1881 209 2 54 0 1314 146 88 0 567 63
0 3213 357 1 82 0 3213 357
0 3987 443 2 198 0 2124 236 338 0 1863 207
0 5211 579 2 567 0 2052 228 148 0 3159 351
-1
16 1
0 621 69 1 155 0 621 69
-1
17 9
0 4995 555 2 81 0 3060 340 199 0 1935 215
0 2538 282 2 95 0 783 87 389 0 1755 195
0 1539 171 1 571 0 1539 171
0 2151 239 1 12 0 2151 239
0 5499 611 2 157 0 3915 435 595 0 1584 176
0 1764 196 1 124 0 1764 196
0 3186 354 2 558 0 1305 145 467 0 1881 209
0 10521 1169 2 498 0 8514 946 170 0 2007 223
0 2502 278 2 333 0 513 57 119 0 1989 221
-1
18 12
0 3861 429 2 227 0 882 98 549 0 2979 331
0 4662 518 2 447 0 2394 266 555 0 2268 252
0 5211 579 2 332 0 3168 352 16 0 2043 227
0 2124 236 1 464 0 2124 236
0 4077 453 2 600 0 1188 132 502 0 2889 321
0 4770 530 2 431 0 3132 348 310 0 1638 182
0 4257 473 2 346 0 1125 125 371 0 3132 348
0 1377 153 1 472 0 1377 153
0 2691 299 1 38 0 2691 299
0 2349 261 1 72 0 2349 261
0 1989 221 2 533 0 1089 121 515 0 900 100
0 2907 323 2 42 0 2007 223 83 0 900 100
-1
19 0
-1
20 7
0 2043 227 2 584 0 1206 134 267 0 837 93
0 1503 167 1 80 0 1503 167
3323 9556 1424 2 281 0 2169 241 364 3323 7387 1183
0 1116 131 2 364 0 0 7 506 0 1116 124
0 450 50 1 377 0 450 50
0 1710 190 1 290 0 1710 190
0 2439 271 1 27 0 2439 271
-1
21 6
0 1530 170 2 358 0 1053 117 316 0 477 53
0 1719 191 2 544 0 900 100 86 0 819 91
0 6894 766 2 108 0 4662 518 437 0 2232 248
0 5796 644 1 1 0 5796 644
0 1899 211 1 131 0 1899 211
0 1161 129 1 147 0 1161 129
-1
22 6
0 3231 359 2 408 0 1314 146 77 0 1917 213
0 1953 217 2 397 0 756 84 410 0 1197 133
0 2106 234 1 105 0 2106 234
0 612 68 1 499 0 612 68
0 2484 276 2 58 0 711 79 113 0 1773 197
0 1629 181 1 342 0 1629 181
-1
23 0
-1
24 1
0 1080 120 1 78 0 1080 120
-1
25 1
0 1764 196 1 191 0 1764 196
-1
26 16
0 7947 883 2 428 0 4734 526 164 0 3213 357
0 7218 802 2 102 0 4464 496 491 0 2754 306
0 5238 582 2 181 0 2619 291 592 0 2619 291
0 4194 466 2 242 0 540 60 457 0 3654 406
0 3177 353 2 162 0 666 74 300 0 2511 279
0 3654 406 2 229 0 2088 232 65 0 1566 174
0 3357 373 2 101 0 2097 233 121 0 1260 140
0 2808 312 2 336 0 1386 154 144 0 1422 158
0 1404 156 2 142 0 954 106 11 0 450 50
0 4671 519 2 433 0 3402 378 96 0 1269 141
0 936 104 1 172 0 936 104
0 1926 214 1 475 0 1926 214
0 3465 385 2 376 0 1665 185 481 0 1800 200
0 1116 124 2 409 0 450 50 32 0 666 74
0 1350 150 1 351 0 1350 150
0 3789 421 1 266 0 3789 421
-1
27 0
-1
28 10
0 3537 393 2 589 0 1512 168 9 0 2025 225
0 2304 256 2 415 0 1107 123 130 0 1197 133
0 3654 406 2 46 0 2025 225 278 0 1629 181
0 2385 265 2 274 0 1665 185 473 0 720 80
0 4464 496 2 44 0 1368 152 185 0 3096 344
0 6813 757 2 378 0 3195 355 107 0 3618 402
0 3186 354 2 291 0 1881 209 314 0 1305 145
0 2583 287 2 445 0 1989 221 135 0 594 66
0 3150 350 2 356 0 1665 185 517 0 1485 165
0 3186 354 2 297 0 837 93 369 0 2349 261
-1
