1 19
2 1870 203 1 117 2 1870 203
15589 233 1763 2 117 0 0 5 301 15589 233 1758
7135 1121 917 2 122 7132 1121 917 68 3 0 0
6315 1207 837 2 68 6314 1207 836 141 1 0 1
17147 70 1913 2 141 17146 70 1912 322 1 0 1
7321 1102 925 1 322 7321 1102 925
3432 1509 559 2 322 0 0 10 224 3432 1509 549
15799 212 1769 1 287 15799 212 1769
5191 1325 725 2 287 0 0 10 93 5191 1325 715
11557 656 1366 2 93 0 0 9 6 11557 656 1357
16875 99 1877 1 187 16875 99 1877
10058 814 1211 2 187 0 0 9 172 10058 814 1202
5332 1310 743 2 172 0 0 6 43 5332 1310 737
12893 517 1481 2 43 0 0 1 194 12893 517 1480
8500 977 1063 2 194 0 0 10 207 8500 977 1053
2395 1619 437 1 71 2395 1619 437
1089 1755 325 2 71 0 0 9 123 1089 1755 316
9123 912 1115 1 228 9123 912 1115
6357 1203 833 1 47 6357 1203 833
-1
2 20
4573 1224 136 2 148 0 1224 136 252 4573 0 0
6296 993 1310 1 252 6296 993 1310
7597 881 948 2 252 0 0 8 109 7597 881 940
8572 779 1038 2 109 0 0 2 70 8572 779 1036
0 1350 153 2 70 0 0 3 232 0 1350 150
3936 1266 570 1 280 3936 1266 570
10754 550 1254 2 280 0 0 8 285 10754 550 1246
12032 415 1393 2 285 0 0 10 193 12032 415 1383
16881 0 0 1 214 16881 0 0
11569 435 1924 2 214 0 435 1924 256 11569 0 0
2042 1401 1658 1 256 2042 1401 1658
2931 1371 480 2 256 0 0 10 60 2931 1371 470
0 0 8 1 60 0 0 8
2881 1376 473 1 302 2881 1376 473
5425 1109 726 1 39 5425 1109 726
10774 548 1254 1 4 10774 548 1254
8472 789 1033 2 4 0 0 4 23 8472 789 1029
14163 192 1595 1 29 14163 192 1595
13358 277 1506 1 233 13358 277 1506
0 0 9 1 233 0 0 9
-1
3 21
6728 1408 900 1 17 6728 1408 900
9926 1072 1224 2 17 0 0 4 243 9926 1072 1220
1459 1961 378 2 243 0 0 2 50 1459 1961 376
4164 1677 648 2 50 0 0 4 102 4164 1677 644
13405 707 1566 2 102 0 0 5 221 13405 707 1561
16754 355 1908 2 221 0 0 7 75 16754 355 1901
7393 1338 970 2 121 7392 1338 970 246 1 0 0
7431 1334 974 1 246 7431 1334 974
17710 255 1996 2 192 17709 255 1996 295 1 0 0
14280 615 1656 2 295 14279 615 1655 32 1 0 1
815 2033 226 2 32 0 2033 225 86 815 0 1
14661 571 1774 1 86 14661 571 1774
665 2044 306 2 86 0 0 8 215 665 2044 298
1409 1966 378 2 215 0 0 3 186 1409 1966 375
16624 369 1888 2 1 16623 369 1888 284 1 0 0
1048 2004 340 2 284 1046 2004 339 54 2 0 1
2716 1829 504 2 54 2714 1829 504 253 2 0 0
12558 796 1480 1 253 12558 796 1480
6155 1468 846 2 253 0 0 4 116 6155 1468 842
7221 1356 954 2 116 0 0 5 142 7221 1356 949
7985 1276 1026 2 142 0 0 4 137 7985 1276 1022
-1
4 6
6308 1351 852 2 91 0 0 1 254 6308 1351 851
1612 1844 384 1 289 1612 1844 384
14855 454 1699 1 31 14855 454 1699
1723 1832 397 2 31 0 0 2 16 1723 1832 395
11597 796 1375 1 208 11597 796 1375
0 0 2 1 208 0 0 2
-1
5 18
10351 368 1182 1 77 10351 368 1182
13037 85 1467 2 77 0 0 9 164 13037 85 1458
5102 919 660 1 173 5102 919 660
6048 819 768 2 173 0 0 9 242 6048 819 759
2679 1173 426 2 242 0 0 4 73 2679 1173 422
8522 559 1015 2 73 0 0 6 166 8522 559 1009
14622 0 0 1 124 14622 0 0
751 1295 1842 1 124 751 1295 1842
14617 0 10 2 124 0 0 10 315 14617 0 0
2084 1155 1976 1 315 2084 1155 1976
8763 534 1038 2 315 0 0 8 19 8763 534 1030
6993 720 858 2 19 0 0 3 237 6993 720 855
0 0 2 1 237 0 0 2
10737 327 1230 2 262 10734 327 1229 200 3 0 1
2414 1201 396 1 200 2414 1201 396
0 0 5 1 200 0 0 5
14013 0 1218 1 293 14013 0 1218
0 0 339 1 293 0 0 339
-1
6 15
4310 2125 709 1 272 4310 2125 709
0 0 6 1 272 0 0 6
8394 1696 1121 2 85 8393 1696 1121 286 1 0 0
11348 1386 1413 1 286 11348 1386 1413
0 0 2 1 286 0 0 2
14979 1005 1771 1 125 14979 1005 1771
0 0 5 1 125 0 0 5
12898 1223 1569 1 107 12898 1223 1569
6174 1929 901 2 184 6171 1929 900 30 3 0 1
0 2544 282 1 30 0 2544 282
15955 902 1873 1 199 15955 902 1873
14597 1045 1735 1 157 14597 1045 1735
4823 2071 763 2 157 0 0 3 278 4823 2071 760
0 0 6 1 278 0 0 6
4260 2130 709 1 38 4260 2130 709
-1
7 17
1280 3958 575 1 127 1280 3958 575
0 1917 220 2 127 0 0 7 222 0 1917 213
9126 3134 1363 2 227 9124 3134 1362 281 2 0 1
293 4061 483 2 281 0 970 107 258 293 3091 376
7391 3357 373 2 100 0 3357 373 98 7391 0 0
1062 3940 1371 1 98 1062 3940 1371
4116 3660 863 2 98 0 0 6 268 4116 3660 857
0 2511 286 2 268 0 0 7 245 0 2511 279
576 4032 503 1 298 576 4032 503
6278 3433 1079 2 298 0 0 9 163 6278 3433 1070
7465 3308 1205 2 163 0 0 9 279 7465 3308 1196
0 2250 251 2 279 0 0 1 235 0 2250 250
5363 3529 989 2 15 5363 3529 988 130 0 0 1
1715 3912 625 2 130 1713 3912 624 296 2 0 1
2343 3859 429 2 296 0 3859 428 27 2343 0 1
8461 3191 1553 2 27 0 150 276 305 8461 3041 1277
928 3995 539 2 305 0 0 1 126 928 3995 538
-1
8 17
106 4169 470 1 266 106 4169 470
7045 3440 1170 2 266 0 0 5 55 7045 3440 1165
2972 3868 758 1 56 2972 3868 758
7467 3396 1208 2 56 0 0 2 156 7467 3396 1206
11037 3021 1563 2 156 0 0 1 8 11037 3021 1562
6622 3485 1118 1 82 6622 3485 1118
0 1026 119 2 82 0 0 5 128 0 1026 114
1061 4069 560 1 79 1061 4069 560
3345 3828 807 2 79 0 0 10 300 3345 3828 797
10353 3093 1494 2 325 0 2718 302 175 10353 375 1192
11278 2996 1586 1 103 11278 2996 1586
6109 3539 1064 1 236 6109 3539 1064
0 0 8 1 236 0 0 8
4500 3708 902 1 202 4500 3708 902
0 0 10 1 202 0 0 10
14285 2680 1885 1 139 14285 2680 1885
6622 3485 1118 1 118 6622 3485 1118
-1
9 0
-1
10 11
5862 1349 801 2 288 5860 1349 801 180 2 0 0
13873 508 1599 2 180 13872 508 1598 101 1 0 1
14007 494 1611 2 101 14004 494 1610 270 3 0 1
5033 1436 719 2 270 5032 1436 718 37 1 0 1
6844 1246 897 1 37 6844 1246 897
0 0 1 1 37 0 0 1
17417 136 1951 2 247 17414 136 1950 88 3 0 1
5293 1409 739 1 88 5293 1409 739
0 0 5 1 88 0 0 5
0 1647 183 1 5 0 1647 183
13140 585 1525 1 61 13140 585 1525
-1
11 16
6277 3119 1043 1 257 6277 3119 1043
5282 3223 946 2 257 0 0 1 62 5282 3223 945
4849 3269 899 2 155 0 3231 359 306 4849 38 540
3160 3446 737 2 306 0 0 3 275 3160 3446 734
8499 2886 1259 1 196 8499 2886 1259
666 3708 485 2 196 0 0 6 290 666 3708 479
13135 2399 1727 2 290 0 0 7 42 13135 2399 1720
15418 2159 1959 2 42 0 0 6 3 15418 2159 1953
4628 3292 881 2 307 4628 3292 880 151 0 0 1
10490 2677 1457 1 151 10490 2677 1457
8158 2921 1236 2 151 0 0 5 220 8158 2921 1231
13278 2384 1741 2 24 13276 2384 1740 210 2 0 1
5782 3171 993 2 210 0 1672 185 308 5782 1499 808
2737 3491 683 2 308 0 0 1 21 2737 3491 682
13940 2314 1816 2 21 0 0 10 273 13940 2314 1806
1742 3595 593 1 110 1742 3595 593
-1
