1 26
10446 2784 1462 1 495 10446 2784 1462
15263 2278 1948 2 495 0 0 8 619 15263 2278 1940
7420 3101 1174 2 619 0 0 9 173 7420 3101 1165
10698 2757 1498 2 173 0 0 4 658 10698 2757 1494
11392 2684 1565 2 658 0 0 1 129 11392 2684 1564
8365 3002 1263 2 411 0 2943 327 156 8365 59 936
464 3834 426 2 33 0 3834 426 235 464 0 0
11713 2648 1648 2 235 11711 2648 1647 137 2 0 1
7186 3126 1142 1 137 7186 3126 1142
0 2763 310 2 137 0 0 3 197 0 2763 307
10064 2824 1426 1 626 10064 2824 1426
0 2835 321 2 626 0 0 6 57 0 2835 315
1821 3689 612 2 229 1819 3689 612 603 2 0 0
6120 3238 1034 1 603 6120 3238 1034
7440 3099 1174 2 603 0 0 6 75 7440 3099 1168
14268 2382 1853 2 75 0 0 3 72 14268 2382 1850
6527 3195 1080 2 268 6525 3195 1080 492 2 0 0
11228 2702 1538 2 492 0 1924 214 28 11228 778 1324
562 3821 490 2 28 0 0 10 66 562 3821 480
5580 3294 993 2 66 0 0 7 468 5580 3294 986
5079 3375 376 2 313 0 3375 375 55 5079 0 1
11138 2683 2098 2 55 0 1608 742 406 11138 1075 1356
7530 3090 1174 2 406 0 0 1 116 7530 3090 1173
11523 2670 1584 2 116 0 0 7 360 11523 2670 1577
1306 3743 562 2 467 1306 3743 561 532 0 0 1
11311 2693 1552 1 532 11311 2693 1552
-1
2 25
8392 707 1003 1 159 8392 707 1003
4924 1070 674 2 159 0 0 8 491 4924 1070 666
3474 1242 139 2 557 0 1242 138 660 3474 0 1
9330 589 1487 2 660 9329 589 1487 621 1 0 0
2310 1345 407 2 621 2308 1345 406 183 2 0 1
9094 633 1079 1 183 9094 633 1079
15963 0 1 2 183 0 0 1 481 15963 0 0
60 1493 1947 2 481 58 1493 1946 661 2 0 1
14544 61 1619 1 661 14544 61 1619
3878 1180 565 2 661 0 0 3 594 3878 1180 562
3797 1189 553 1 266 3797 1189 553
0 999 112 2 266 0 0 1 618 0 999 111
3646 1205 535 1 616 3646 1205 535
15961 0 5 2 616 0 0 4 667 15961 0 1
204 1478 1959 2 667 201 1478 1959 414 3 0 0
817 1502 253 1 414 817 1502 253
7860 762 963 2 414 0 0 5 221 7860 762 958
15963 0 1 1 171 15963 0 1
2461 1241 2184 2 171 0 579 1837 444 2461 662 347
7350 816 907 2 615 7347 816 907 545 3 0 0
10474 488 1219 2 545 10471 488 1218 627 3 0 1
15963 0 1 1 627 15963 0 1
3855 1116 1897 2 627 0 1116 1896 461 3855 0 1
8171 709 1405 1 461 8171 709 1405
0 1026 123 2 461 0 0 9 529 0 1026 114
-1
3 22
7149 2229 1034 1 100 7149 2229 1034
15335 1369 1862 2 100 0 0 8 559 15335 1369 1854
0 2250 252 2 559 0 0 2 579 0 2250 250
6254 2323 944 1 2 6254 2323 944
0 0 11 2 2 0 0 9 484 0 0 2
3006 2664 620 1 453 3006 2664 620
10911 1833 1426 2 453 0 0 10 144 10911 1833 1416
1196 2854 440 1 377 1196 2854 440
7894 2150 1124 2 377 0 0 10 588 7894 2150 1114
10237 1904 1351 2 588 0 0 2 45 10237 1904 1349
15576 1344 1880 1 597 15576 1344 1880
7602 2223 248 2 586 0 2223 247 212 7602 0 1
14300 1515 1012 2 212 0 1515 1012 153 14300 0 0
6595 2208 2562 2 153 0 685 1665 90 6595 1523 897
0 1080 125 2 90 0 0 5 372 0 1080 120
14423 1465 1766 2 380 14420 1465 1765 277 3 0 1
7015 2243 1022 1 277 7015 2243 1022
0 2664 302 2 277 0 0 6 401 0 2664 296
6073 2342 926 1 95 6073 2342 926
0 1908 221 2 95 0 0 9 80 0 1908 212
3057 2658 635 1 486 3057 2658 635
16028 1297 1916 1 255 16028 1297 1916
-1
4 24
14488 650 1677 1 550 14488 650 1677
17103 375 1946 2 550 0 0 5 236 17103 375 1941
1436 2020 380 2 236 0 0 1 74 1436 2020 379
2553 1902 500 2 74 0 0 5 254 2553 1902 495
6397 1499 878 2 169 6394 1499 877 168 3 0 1
16610 427 1892 2 168 16607 427 1892 322 3 0 0
6440 1495 872 1 322 6440 1495 872
6565 1481 902 2 322 0 0 10 336 6565 1481 892
14891 607 1724 2 336 0 0 2 442 14891 607 1722
16409 448 1874 2 399 16409 448 1873 114 0 0 1
14478 651 1676 1 114 14478 651 1676
2331 1926 470 2 114 0 0 4 29 2331 1926 466
13926 708 1633 2 29 0 0 7 60 13926 708 1626
16680 420 1892 1 157 16680 420 1892
0 1791 207 2 157 0 0 8 655 0 1791 199
8245 1305 1062 2 119 8244 1305 1061 290 1 0 1
13542 749 1588 2 290 13542 749 1587 139 0 0 1
6001 1541 830 1 139 6001 1541 830
5509 1592 794 2 139 0 0 7 416 5509 1592 787
622 2105 305 2 416 0 0 2 199 622 2105 303
7610 1372 992 1 328 7610 1372 992
3186 1836 560 2 328 0 0 6 282 3186 1836 554
2050 1955 449 2 282 0 0 4 606 2050 1955 445
1720 1990 412 2 273 1718 1990 412 631 2 0 0
-1
5 24
10341 2322 1405 1 610 10341 2322 1405
1150 3287 487 2 610 0 0 2 265 1150 3287 485
6842 2689 1063 2 265 0 0 8 624 6842 2689 1055
5082 2874 883 2 624 0 0 4 367 5082 2874 879
12202 2126 1597 2 367 0 0 5 649 12202 2126 1592
5615 2818 937 1 382 5615 2818 937
9721 2387 1345 2 447 9718 2387 1345 65 3 0 0
12150 2132 1587 2 65 12148 2132 1587 517 2 0 0
1339 3267 509 1 517 1339 3267 509
406 3365 415 2 517 0 0 3 176 406 3365 412
598 3344 445 2 176 0 0 7 355 598 3344 438
9959 2362 1369 1 30 9959 2362 1369
1976 3200 575 2 337 1975 3200 575 244 1 0 0
11778 2171 1551 2 244 11778 2171 1550 553 0 0 1
15208 1811 1891 2 553 15208 1811 1890 378 0 0 1
5394 2871 319 2 378 0 2871 318 115 5394 0 1
7606 2579 1730 2 115 0 2571 884 383 7606 8 846
2498 3159 351 2 200 0 3159 351 321 2498 0 0
11933 2141 1841 2 321 11930 2141 1841 56 3 0 0
13646 1975 1735 1 56 13646 1975 1735
0 2061 230 2 56 0 0 1 214 0 2061 229
6982 2675 1063 1 283 6982 2675 1063
14183 1918 1799 2 283 0 0 10 604 14183 1918 1789
3414 3049 719 2 596 3413 3049 718 312 1 0 1
-1
6 12
3557 3598 802 2 498 0 0 7 397 3557 3598 795
1736 3790 607 1 264 1736 3790 607
0 0 7 1 264 0 0 7
0 3078 342 1 107 0 3078 342
9680 2956 1399 1 263 9680 2956 1399
0 0 5 1 263 0 0 5
6734 3265 1111 1 105 6734 3265 1111
10364 2884 1471 1 541 10364 2884 1471
0 0 1 1 541 0 0 1
11872 2726 1615 1 39 11872 2726 1615
0 0 7 1 39 0 0 7
14266 2474 1860 1 659 14266 2474 1860
-1
7 23
14586 2073 1845 1 205 14586 2073 1845
12073 2336 1607 2 205 0 0 6 151 12073 2336 1601
4953 3084 891 1 570 4953 3084 891
12545 2287 1647 2 570 0 0 2 70 12545 2287 1645
15029 2026 1898 2 70 0 0 3 178 15029 2026 1895
9739 2582 1359 1 515 9739 2582 1359
7367 2830 1143 2 515 0 0 10 291 7367 2830 1133
6645 2943 327 2 605 0 2943 327 639 6645 0 0
4438 3101 1576 2 639 0 2103 972 643 4438 998 604
11549 2392 1539 1 478 11549 2392 1539
0 3573 407 2 478 0 0 10 318 0 3573 397
219 3582 399 2 206 0 3582 398 387 219 0 1
13257 2211 1743 2 387 13257 2211 1742 324 0 0 1
15129 2016 1899 2 324 0 1026 113 46 15129 990 1786
13712 2164 1769 2 46 0 0 5 287 13712 2164 1764
6876 2882 1085 2 326 6874 2882 1084 364 2 0 1
15931 1932 1975 1 364 15931 1932 1975
6794 2890 1085 2 364 0 0 9 581 6794 2890 1076
13540 2183 1737 1 595 13540 2183 1737
16065 1917 2007 2 595 0 0 10 418 16065 1917 1997
11922 2352 1587 2 418 0 0 1 365 11922 2352 1586
13783 2157 1771 2 362 13782 2157 1771 544 1 0 0
15007 2029 1883 1 544 15007 2029 1883
-1
8 15
6456 2184 957 1 109 6456 2184 957
3631 2480 682 2 109 0 0 3 108 3631 2480 679
8266 1994 1137 1 162 8266 1994 1137
0 2250 253 2 162 0 0 3 184 0 2250 250
12429 1557 1551 1 181 12429 1557 1551
16230 1158 1929 2 181 0 0 3 330 16230 1158 1926
16763 1102 1983 2 330 0 0 6 124 16763 1102 1977
4858 2351 809 2 124 0 0 8 458 4858 2351 801
15228 1263 1833 2 493 15225 1263 1832 305 3 0 1
5727 2292 255 2 305 0 2292 254 31 5727 0 1
4215 2388 1359 1 31 4215 2388 1359
10549 1754 1371 2 31 0 0 10 525 10549 1754 1361
6627 2166 975 2 525 0 0 6 335 6627 2166 969
14300 1360 1748 2 335 0 0 8 76 14300 1360 1740
0 1827 203 1 366 0 1827 203
-1
9 24
12982 338 1475 1 348 12982 338 1475
5290 1145 719 2 348 0 0 5 510 5290 1145 714
12218 418 1403 2 510 0 0 1 8 12218 418 1402
3872 1294 575 2 8 0 0 2 424 3872 1294 573
10137 636 1198 2 424 0 0 1 623 10137 636 1197
13354 299 1511 1 520 13354 299 1511
4737 1203 665 2 520 0 0 6 11 4737 1203 659
9935 658 1169 2 11 0 0 1 646 9935 658 1168
15165 108 1706 2 646 0 0 9 278 15165 108 1697
15399 84 1721 2 77 15396 84 1720 198 3 0 1
14428 186 1623 2 198 14427 186 1623 450 1 0 0
12649 373 1441 1 450 12649 373 1441
2565 1431 449 2 450 0 0 6 298 2565 1431 443
11886 453 1367 2 298 0 0 1 464 11886 453 1366
11203 524 1308 2 464 0 0 5 469 11203 524 1303
6838 983 863 1 530 6838 983 863
4807 1196 665 2 530 0 0 6 539 4807 1196 659
14159 214 1601 2 539 0 0 8 465 14159 214 1593
10619 586 1241 2 465 0 0 4 354 10619 586 1237
16218 0 1763 2 354 0 0 8 473 16218 0 1755
11306 511 1360 2 473 0 0 47 261 11306 511 1313
1834 1508 371 2 269 1831 1508 371 279 3 0 0
11943 447 1373 1 279 11943 447 1373
10298 619 1217 2 279 0 0 4 99 10298 619 1213
-1
10 24
13858 2261 1785 1 121 13858 2261 1785
8107 2864 1225 2 121 0 0 6 656 8107 2864 1219
3491 3349 759 1 14 3491 3349 759
14834 2158 1889 2 14 0 0 1 640 14834 2158 1888
9886 2678 1389 1 289 9886 2678 1389
10681 2594 1479 2 289 0 0 7 228 10681 2594 1472
2616 3441 669 2 228 0 0 3 531 2616 3441 666
15407 2098 1947 2 531 0 0 7 332 15407 2098 1940
0 3375 380 2 332 0 0 5 398 0 3375 375
5190 3171 921 1 204 5190 3171 921
14925 2148 1905 2 204 0 0 8 40 14925 2148 1897
0 0 6 1 312 0 0 6
2174 3487 629 1 385 2174 3487 629
1349 3574 543 1 170 1349 3574 543
7151 2965 1119 2 170 0 0 4 368 7151 2965 1115
0 2421 278 2 368 0 0 9 523 0 2421 269
13567 2291 1762 1 79 13567 2291 1762
14029 2243 1803 1 223 14029 2243 1803
344 3679 452 2 223 0 0 5 645 344 3679 447
15286 2111 1929 2 394 0 1953 217 593 15286 158 1712
0 0 4 1 593 0 0 4
2073 3498 615 1 271 2073 3498 615
0 0 4 1 271 0 0 4
0 3204 356 1 548 0 3204 356
-1
11 17
14594 1804 1820 1 148 14594 1804 1820
9888 2298 1352 2 148 0 0 2 34 9888 2298 1350
8732 2419 1243 2 34 0 0 4 135 8732 2419 1239
8993 2392 1262 1 392 8993 2392 1262
12613 2012 1622 2 392 0 0 3 257 12613 2012 1619
3986 2917 773 2 257 0 0 6 237 3986 2917 767
7480 2592 288 2 234 0 2592 288 232 7480 0 0
14599 1762 2649 2 232 0 278 862 111 14599 1484 1787
5464 2762 914 2 340 0 2502 278 543 5464 260 636
14473 1817 1802 1 341 14473 1817 1802
3202 2999 697 2 341 0 0 8 58 3202 2999 689
12183 2057 1582 2 346 12181 2057 1582 513 2 0 0
10911 2191 1446 1 513 10911 2191 1446
0 2421 279 2 513 0 0 10 670 0 2421 269
6077 2698 974 2 22 0 1773 197 602 6077 925 777
1391 3190 506 2 602 0 0 1 356 1391 3190 505
1985 3127 572 2 356 0 0 4 25 1985 3127 568
-1
12 12
0 0 3 1 538 0 0 3
10508 1669 1353 1 349 10508 1669 1353
15395 1156 1839 1 102 15395 1156 1839
16712 1018 1965 1 294 16712 1018 1965
1941 2568 506 2 294 0 0 5 50 1941 2568 501
3741 2379 680 1 260 3741 2379 680
13856 1318 1677 1 462 13856 1318 1677
0 0 9 1 462 0 0 9
13132 1394 1605 1 629 13132 1394 1605
0 0 9 1 629 0 0 9
14751 1224 1767 1 188 14751 1224 1767
0 0 8 1 188 0 0 8
-1
13 29
15622 1757 1930 1 427 15622 1757 1930
4923 2880 868 2 427 0 0 1 585 4923 2880 867
9186 2433 1282 1 295 9186 2433 1282
1736 3214 559 2 295 0 0 9 6 1736 3214 550
317 3364 400 1 165 317 3364 400
3566 3022 741 2 165 0 0 9 479 3566 3022 732
4712 2902 846 2 164 0 2763 307 127 4712 139 539
2704 3113 646 2 311 2701 3113 646 325 3 0 0
5734 2795 946 1 325 5734 2795 946
11258 2215 1498 2 325 0 0 2 620 11258 2215 1496
14415 1884 1804 2 620 0 0 1 558 14415 1884 1803
2138 3172 598 2 558 0 0 8 32 2138 3172 590
13329 1998 1696 1 38 13329 1998 1696
0 0 7 1 38 0 0 7
3726 3006 742 1 239 3726 3006 742
2852 3097 667 2 239 0 0 6 526 2852 3097 661
10655 2278 1437 1 247 10655 2278 1437
5174 2854 886 1 644 5174 2854 886
0 0 6 1 644 0 0 6
13359 1995 1696 1 241 13359 1995 1696
2229 3162 609 2 241 0 0 10 280 2229 3162 599
46 3392 382 1 194 46 3392 382
15833 1735 1948 1 407 15833 1735 1948
0 0 4 1 407 0 0 4
0 2628 292 1 622 0 2628 292
9287 2422 1300 1 238 9287 2422 1300
0 0 1 1 238 0 0 1
15099 1812 1876 1 147 15099 1812 1876
0 0 3 1 147 0 0 3
-1
14 25
4867 4079 986 1 489 4867 4079 986
8548 3692 1364 2 489 0 0 8 216 8548 3692 1356
855 4500 590 2 216 0 0 4 547 855 4500 586
10217 3517 1526 2 547 0 0 9 281 10217 3517 1517
7553 3796 1270 2 281 0 0 9 63 7553 3796 1261
6466 3911 1148 1 196 6466 3911 1148
4978 4067 1004 2 196 0 0 5 511 4978 4067 999
11343 3399 1634 2 511 0 0 6 371 11343 3399 1628
12631 3263 1776 2 371 0 0 10 663 12631 3263 1766
10237 3515 1526 2 210 0 2691 299 634 10237 824 1227
6074 3952 1112 2 634 0 0 2 15 6074 3952 1110
10489 3488 1557 2 15 0 0 4 275 10489 3488 1553
5350 4028 1040 1 417 5350 4028 1040
5933 3967 1094 2 417 0 0 2 37 5933 3967 1092
3028 4271 819 2 37 0 0 8 577 3028 4271 811
14239 3095 1922 2 59 0 945 105 412 14239 2150 1817
11343 3399 1634 2 412 0 0 4 635 11343 3399 1630
2113 4367 728 2 635 0 0 8 657 2113 4367 720
10693 3467 1574 2 537 10690 3467 1573 648 3 0 1
5849 3976 1082 2 648 0 3822 424 73 5849 154 658
0 4401 498 2 73 0 0 9 143 0 4401 489
12341 3294 1738 2 49 12339 3294 1737 93 2 0 1
10789 3457 1582 2 93 10788 3457 1582 110 1 0 0
13113 3213 1814 2 110 13112 3213 1814 496 1 0 0
6998 3855 1204 1 496 6998 3855 1204
-1
15 17
9309 1185 1162 1 636 9309 1185 1162
11964 906 1432 2 636 0 0 4 580 11964 906 1428
0 900 102 2 580 0 0 2 574 0 900 100
4452 1695 676 1 357 4452 1695 676
15112 575 1750 2 357 0 0 7 297 15112 575 1743
13022 795 1536 2 220 13020 795 1535 301 2 0 1
4882 1650 716 2 301 4882 1650 715 363 0 0 1
14036 688 1645 2 301 0 0 10 363 14036 688 1635
11350 971 1359 1 152 11350 971 1359
6293 1501 874 2 152 0 0 10 376 6293 1501 864
7429 1382 981 2 376 0 0 2 536 7429 1382 979
6262 1505 856 1 567 6262 1505 856
15564 528 1791 2 567 0 0 7 555 15564 528 1784
7359 1389 976 2 555 0 0 4 251 7359 1389 972
12547 845 1486 1 3 12547 845 1486
3899 1753 622 2 3 0 0 2 192 3899 1753 620
17384 337 1972 2 192 0 0 8 552 17384 337 1964
-1
16 18
998 2503 396 2 631 0 0 7 459 998 2503 389
16744 851 1947 1 193 16744 851 1947
0 0 8 1 193 0 0 8
13187 1224 1601 2 391 13185 1224 1601 218 2 0 0
16591 867 1933 1 218 16591 867 1933
0 0 7 1 218 0 0 7
3531 2238 633 1 647 3531 2238 633
0 2133 245 2 647 0 0 8 662 0 2133 237
8247 1743 1101 1 628 8247 1743 1101
14472 1089 1731 2 628 0 0 9 270 14472 1089 1722
0 0 7 1 270 0 0 7
7453 1826 1029 1 207 7453 1826 1029
0 0 2 1 207 0 0 2
345 2572 325 2 19 344 2572 324 331 1 0 1
12600 1286 1535 1 331 12600 1286 1535
0 0 7 1 331 0 0 7
17096 814 1983 1 126 17096 814 1983
0 0 7 1 126 0 0 7
-1
17 21
5521 1247 749 1 18 5521 1247 749
11635 605 1361 2 18 0 0 3 471 11635 605 1358
5079 1293 710 2 471 0 0 2 215 5079 1293 708
11313 639 1325 1 584 11313 639 1325
2092 1607 407 2 584 0 0 3 587 2092 1607 404
14179 338 1613 2 587 0 0 7 426 14179 338 1606
16422 102 1843 2 426 0 0 7 203 16422 102 1836
5424 1257 743 2 463 5421 1257 742 554 3 0 1
1890 1628 391 2 554 1888 1628 390 259 2 0 1
9229 858 1113 1 259 9229 858 1113
8035 983 1001 2 259 0 0 7 248 8035 983 994
15205 230 1721 2 248 0 0 8 436 15205 230 1713
6678 1125 869 2 436 0 0 2 505 6678 1125 867
6358 1159 835 2 474 6356 1159 835 142 2 0 0
10921 680 1289 2 142 10919 680 1289 542 2 0 0
4624 1341 663 1 542 4624 1341 663
5390 1261 731 1 211 5390 1261 731
0 1323 155 2 211 0 0 8 339 0 1323 147
14150 341 1611 2 292 14149 341 1610 69 1 0 1
17305 10 1921 1 69 17305 10 1921
12922 470 1487 2 69 0 0 2 650 12922 470 1485
-1
18 22
11885 3172 1671 1 306 11885 3172 1671
10819 3284 1563 2 306 0 0 2 123 10819 3284 1561
9090 3465 1401 2 123 0 0 6 600 9090 3465 1395
4044 3995 893 2 568 4042 3995 893 431 2 0 0
8363 3542 1315 1 431 8363 3542 1315
9955 3374 1489 2 431 0 0 8 429 9955 3374 1481
7782 3603 1257 1 208 7782 3603 1257
5118 3882 1005 2 208 0 0 8 494 5118 3882 997
4897 3905 981 2 494 0 0 3 316 4897 3905 978
11191 3245 1599 1 177 11191 3245 1599
14178 2931 1905 2 177 0 0 5 128 14178 2931 1900
12519 3105 1737 2 128 0 0 1 310 12519 3105 1736
4575 3939 946 2 437 0 1071 119 288 4575 2868 827
311 4387 519 1 161 311 4387 519
13796 2971 1866 2 161 0 0 3 522 13796 2971 1863
3770 4024 861 1 490 3770 4024 861
6294 3759 1113 2 490 0 0 5 466 6294 3759 1108
11081 3256 1599 2 466 0 0 9 540 11081 3256 1590
3127 4091 805 2 540 0 0 3 527 3127 4091 802
8124 3567 1293 1 125 8124 3567 1293
3177 4086 807 2 125 0 0 6 89 3177 4086 801
5027 3892 987 2 89 0 0 6 71 5027 3892 981
-1
19 17
14157 1332 1005 2 501 0 1332 148 285 14157 0 857
1486 2591 1167 2 285 0 0 716 303 1486 2591 451
5800 2174 879 2 303 0 0 2 81 5800 2174 877
3196 2447 627 2 81 0 0 8 106 3196 2447 619
13946 1318 1704 2 106 0 0 8 654 13946 1318 1696
13656 1349 1667 2 601 13654 1349 1667 43 2 0 0
7692 1975 1075 2 43 7689 1975 1074 54 3 0 1
16164 1086 1911 1 54 16164 1086 1911
0 0 5 1 54 0 0 5
16914 1007 1991 2 446 16912 1007 1991 104 2 0 0
13149 1402 1617 1 104 13149 1402 1617
1818 2592 483 1 404 1818 2592 483
6042 2148 915 2 404 0 0 7 637 6042 2148 908
0 0 2 1 637 0 0 2
3729 2391 680 1 117 3729 2391 680
10174 1715 1311 1 560 10174 1715 1311
0 0 10 1 560 0 0 10
-1
20 16
9593 802 1146 1 402 9593 802 1146
343 1772 244 2 402 0 0 9 167 343 1772 235
12952 449 1488 1 512 12952 449 1488
6325 1145 822 2 512 0 0 1 103 6325 1145 821
6155 1162 822 2 103 0 0 9 497 6155 1162 813
11574 594 1344 1 308 11574 594 1344
7291 1043 930 2 308 0 0 8 575 7291 1043 922
5038 1280 696 2 575 0 0 4 379 5038 1280 692
11384 613 1343 2 379 0 0 10 546 11384 613 1333
3600 1431 552 1 617 3600 1431 552
3410 1450 547 2 617 0 0 7 561 3410 1450 540
15204 213 1704 1 327 15204 213 1704
3561 1434 564 2 327 0 0 9 141 3561 1434 555
16029 126 1794 1 16 16029 126 1794
0 0 1 1 16 0 0 1
9060 858 1092 1 284 9060 858 1092
-1
21 9
2259 2961 329 2 307 0 2961 329 350 2259 0 0
13438 1763 1931 1 350 13438 1763 1931
413 3142 401 2 350 0 0 9 240 413 3142 392
15546 1554 1895 2 240 0 0 3 163 15546 1554 1892
0 0 8 1 163 0 0 8
8658 2277 1211 1 671 8658 2277 1211
11172 2013 1463 2 671 0 0 4 651 11172 2013 1459
10086 2127 1355 2 651 0 0 6 252 10086 2127 1349
15637 1544 1913 2 252 0 0 8 319 15637 1544 1905
-1
22 22
12358 2537 1646 1 26 12358 2537 1646
5943 3210 1016 2 26 0 0 9 67 5943 3210 1007
12429 2529 1664 2 67 0 0 10 443 12429 2529 1654
0 2294 262 2 443 0 0 8 329 0 2294 254
7864 3008 1208 2 78 0 1521 169 274 7864 1487 1039
6428 3159 1066 2 457 6426 3159 1065 369 2 0 1
12973 2472 1716 2 369 12970 2472 1715 12 3 0 1
4039 3410 824 1 12 4039 3410 824
7673 3028 1192 2 12 0 0 3 518 7673 3028 1189
12944 2475 1714 2 630 12942 2475 1713 571 2 0 1
4463 3365 869 2 571 0 2896 321 24 4463 469 548
3117 3507 728 1 582 3117 3507 728
5652 3240 996 2 582 0 0 8 243 5652 3240 988
4766 3334 890 1 487 4766 3334 890
0 1017 123 2 487 0 0 10 410 0 1017 113
14735 2287 1892 2 300 14732 2287 1891 607 3 0 1
0 3777 419 1 607 0 3777 419
2484 3573 673 1 154 2484 3573 673
0 0 9 1 591 0 0 9
6768 3123 1099 1 409 6768 3123 1099
5631 3243 980 1 452 5631 3243 980
0 0 6 1 452 0 0 6
-1
23 13
12029 2987 1668 2 395 12025 2987 1668 258 4 0 0
13478 2835 1809 1 258 13478 2835 1809
13714 2810 1837 2 258 0 0 4 562 13714 2810 1833
9461 3256 1416 2 562 0 0 3 460 9461 3256 1413
13314 2852 1797 2 82 13312 2852 1796 98 2 0 1
12857 2900 1751 2 98 12857 2900 1750 35 0 0 1
6946 3521 1153 1 35 6946 3521 1153
13383 2844 1812 2 35 0 0 9 246 13383 2844 1803
873 4158 559 1 472 873 4158 559
8437 3364 1311 2 390 8435 3364 1311 352 2 0 0
10104 3189 1477 2 352 10102 3189 1477 20 2 0 0
7638 3448 1229 1 20 7638 3448 1229
38 4246 469 2 20 0 0 3 665 38 4246 466
-1
24 1
8338 2984 1258 1 230 8338 2984 1258
-1
25 4
10847 2752 1515 2 430 0 0 9 576 10847 2752 1506
15493 2264 1978 2 576 0 0 5 432 15493 2264 1973
4421 3427 866 1 84 4421 3427 866
0 0 6 1 84 0 0 6
-1
26 3
3626 3898 833 1 503 3626 3898 833
0 0 3 1 503 0 0 3
10615 3164 1531 1 599 10615 3164 1531
-1
27 1
0 1215 135 1 92 0 1215 135
-1
28 0
-1
29 19
12109 1499 1507 1 614 12109 1499 1507
0 0 5 1 614 0 0 5
515 2716 355 1 435 515 2716 355
0 0 4 1 435 0 0 4
6046 2135 909 1 68 6046 2135 909
6659 2071 967 1 256 6659 2071 967
0 0 3 1 256 0 0 3
12129 1497 1507 1 566 12129 1497 1507
0 0 7 1 566 0 0 7
0 2358 262 1 384 0 2358 262
7836 1947 1087 1 653 7836 1947 1087
1822 2579 481 1 500 1822 2579 481
0 0 8 1 500 0 0 8
8761 1850 1179 1 633 8761 1850 1179
5010 2244 805 1 317 5010 2244 805
0 0 1 1 317 0 0 1
8238 1905 1127 1 309 8238 1905 1127
6428 2095 947 1 48 6428 2095 947
10289 1690 1327 1 386 10289 1690 1327
-1
30 15
13690 1523 1690 2 423 13687 1523 1690 160 3 0 0
15584 1324 1879 2 160 0 1041 116 253 15584 283 1763
8055 2115 1120 1 374 8055 2115 1120
0 0 10 1 374 0 0 10
6095 2320 935 1 375 6095 2320 935
15426 1341 1858 1 373 15426 1341 1858
0 0 5 1 373 0 0 5
2243 2725 544 1 44 2243 2725 544
13928 1498 1714 2 44 0 0 8 314 13928 1498 1706
6688 2258 994 2 314 0 0 8 323 6688 2258 986
0 2079 239 2 323 0 0 8 83 0 2079 231
815 2875 400 1 428 815 2875 400
0 0 10 1 428 0 0 10
3011 2644 628 2 353 3008 2644 628 507 3 0 0
7911 2130 1108 1 507 7911 2130 1108
-1
31 3
5670 3585 1028 2 425 5667 3585 1028 174 3 0 0
5864 3565 1040 1 174 5864 3565 1040
0 0 8 1 174 0 0 8
-1
32 10
2983 3686 738 1 408 2983 3686 738
15110 2413 1944 2 408 0 0 3 134 15110 2413 1941
0 1422 164 2 134 0 0 6 146 0 1422 158
8061 3153 1242 1 519 8061 3153 1242
0 0 4 1 519 0 0 4
2490 3738 684 1 87 2490 3738 684
0 0 8 1 87 0 0 8
7611 3200 1202 2 85 7609 3200 1201 88 2 0 1
5555 3416 994 1 88 5555 3416 994
0 0 2 1 88 0 0 2
-1
