1 17
9602 1288 1211 2 108 9602 1288 1210 101 0 0 1
8164 1439 1067 2 101 8164 1439 1066 131 0 0 1
696 2223 323 2 131 693 2223 323 48 3 0 0
3931 1905 213 2 48 0 1905 212 41 3931 0 1
12578 954 1939 2 41 12575 954 1939 7 3 0 0
4148 1861 659 1 7 4148 1861 659
4434 1830 705 2 7 0 0 9 60 4434 1830 696
2153 2070 469 2 125 2151 2070 469 129 2 0 0
10635 1180 1305 1 129 10635 1180 1305
1236 2166 383 2 129 0 0 8 25 1236 2166 375
2473 2036 504 2 25 0 0 3 37 2473 2036 501
9843 1263 1229 1 132 9843 1263 1229
16842 528 1931 2 132 0 0 5 40 16842 528 1926
10004 1246 1247 2 40 0 0 4 28 10004 1246 1243
15555 663 1805 2 28 0 0 7 134 15555 663 1798
11221 1118 1373 2 134 0 0 4 122 11221 1118 1369
2050 2081 455 2 122 0 0 2 68 2050 2081 453
-1
2 10
3856 1706 625 2 167 0 0 7 82 3856 1706 618
14474 592 1674 1 111 14474 592 1674
3594 1734 592 1 81 3594 1734 592
14424 597 1669 1 169 14424 597 1669
10351 1025 1261 1 17 10351 1025 1261
0 0 3 1 17 0 0 3
6892 1388 919 1 54 6892 1388 919
0 0 1 1 54 0 0 1
14001 642 1621 1 65 14001 642 1621
0 0 6 1 65 0 0 6
-1
3 16
1687 4022 635 2 51 1684 4022 634 31 3 0 1
6255 3543 1080 1 31 6255 3543 1080
7908 3369 1253 2 31 0 0 8 164 7908 3369 1245
3886 3791 857 2 164 0 0 8 118 3886 3791 849
9376 3215 1397 2 118 0 0 4 133 9376 3215 1393
0 1611 185 2 133 0 0 6 12 0 1611 179
7325 3430 1195 2 39 0 2511 279 114 7325 919 916
2699 3916 731 1 115 2699 3916 731
5485 3623 1016 2 115 0 0 4 126 5485 3623 1012
5334 3639 997 2 57 0 3393 377 75 5334 246 620
3282 3855 785 1 102 3282 3855 785
0 3087 351 2 102 0 0 8 11 0 3087 343
7851 3375 1247 2 146 7848 3375 1247 84 3 0 0
11263 3017 1584 1 84 11263 3017 1584
13851 2745 1847 2 84 0 0 3 32 13851 2745 1844
8937 3261 1355 2 97 8934 3261 1355 86 3 0 0
-1
4 12
359 4234 511 2 127 356 4234 510 128 3 0 1
626 4206 537 2 128 624 4206 536 141 2 0 1
1168 4149 590 2 141 0 3274 363 58 1168 875 227
226 4248 497 2 163 225 4248 497 72 1 0 0
13396 2866 1797 1 72 13396 2866 1797
2598 3999 733 2 72 0 0 10 24 2598 3999 723
9909 3231 1470 2 24 0 0 10 160 9909 3231 1460
13227 2883 1790 1 52 13227 2883 1790
8772 3351 1345 1 117 8772 3351 1345
0 0 2 1 117 0 0 2
3274 3928 801 2 135 3272 3928 800 9 2 0 1
3078 3949 773 1 9 3078 3949 773
-1
5 12
767 1186 223 2 165 0 0 10 157 767 1186 213
0 0 4 1 157 0 0 4
3964 851 529 1 106 3964 851 529
9374 283 1069 2 106 0 0 6 87 9374 283 1063
1592 1099 309 2 87 0 0 10 66 1592 1099 299
10762 137 1211 1 20 10762 137 1211
9223 299 1051 1 162 9223 299 1051
0 0 7 1 162 0 0 7
4598 784 598 1 29 4598 784 598
8751 348 1011 1 47 8751 348 1011
6719 562 799 1 15 6719 562 799
0 0 10 1 15 0 0 10
-1
6 7
4791 2241 781 2 76 4788 2241 781 26 3 0 0
15141 1155 1801 1 26 15141 1155 1801
8871 1812 1197 2 26 0 0 10 6 8871 1812 1187
4238 2299 727 2 145 4235 2299 726 62 3 0 1
6315 2081 932 2 62 6313 2081 932 91 2 0 0
7562 1950 1058 2 91 7561 1950 1057 8 1 0 1
16079 1056 1903 1 8 16079 1056 1903
-1
7 14
356 1129 165 1 100 356 1129 165
11728 0 1 1 109 11728 0 1
1968 895 1621 2 109 1966 895 1620 13 2 0 1
11572 0 313 1 13 11572 0 313
11242 0 973 2 13 0 0 972 38 11242 0 1
3471 740 1715 1 38 3471 740 1715
2558 898 381 2 38 0 0 1 92 2558 898 380
3130 838 437 2 92 0 0 4 49 3130 838 433
10492 65 1173 2 49 0 0 7 55 10492 65 1166
2579 895 393 2 55 0 0 7 61 2579 895 386
11728 0 1 1 139 11728 0 1
6381 467 1355 2 139 0 467 1354 30 6381 0 1
9395 145 1767 1 30 9395 145 1767
6993 432 826 2 30 0 0 1 161 6993 432 825
-1
8 9
13725 2601 515 2 142 0 2601 289 21 13725 0 226
0 1665 1484 2 21 0 0 1299 77 0 1665 185
242 3952 461 1 78 242 3952 461
0 0 5 1 78 0 0 5
6819 3261 1120 1 35 6819 3261 1120
7321 3209 1163 1 59 7321 3209 1163
6226 3323 1068 2 59 0 0 7 147 6226 3323 1061
14410 2465 1865 1 159 14410 2465 1865
13828 2525 1827 2 159 0 0 10 119 13828 2525 1817
-1
9 12
4772 4369 2420 2 3 0 3543 1808 73 4772 826 612
11214 3762 1674 2 73 0 0 10 98 11214 3762 1664
6718 4235 1208 1 93 6718 4235 1208
12672 3609 1818 2 93 0 0 9 43 12672 3609 1809
675 4869 614 2 42 0 3852 428 110 675 1017 186
0 0 2 1 110 0 0 2
2274 4701 775 1 104 2274 4701 775
0 4302 478 1 79 0 4302 478
5813 4330 1118 1 69 5813 4330 1118
0 0 9 1 69 0 0 9
8699 4027 1406 1 113 8699 4027 1406
0 0 8 1 113 0 0 8
-1
10 0
-1
11 1
4897 1124 669 1 71 4897 1124 669
-1
12 17
10222 2021 1360 2 74 10219 2021 1360 63 3 0 0
9955 2049 1334 2 63 9954 2049 1334 156 1 0 0
1400 2947 484 2 156 1399 2947 483 137 1 0 1
11346 1903 1472 2 137 11344 1903 1471 140 2 0 1
7059 2353 1046 2 140 7059 2353 1045 80 0 0 1
3935 2681 734 2 80 3934 2681 734 158 1 0 0
3972 2699 300 2 158 0 2699 300 103 3972 0 0
12023 1810 1979 2 103 12020 1810 1978 36 3 0 1
3230 2755 665 2 36 3227 2755 664 88 3 0 1
9803 2065 1318 1 88 9803 2065 1318
5311 2537 862 1 22 5311 2537 862
0 0 10 1 22 0 0 10
5171 2551 858 1 89 5171 2551 858
3512 2725 693 1 16 3512 2725 693
9344 2113 1273 1 67 9344 2113 1273
14301 1593 1762 1 70 14301 1593 1762
0 0 810 2 70 0 0 4 2 0 0 806
-1
13 6
14868 1935 1864 2 4 0 1458 162 150 14868 477 1702
0 0 3 1 150 0 0 3
11500 2288 1532 1 105 11500 2288 1532
0 2592 288 1 168 0 2592 288
12244 2210 1606 1 124 12244 2210 1606
318 3462 420 1 46 318 3462 420
-1
14 19
9881 3376 1467 1 64 9881 3376 1467
0 1566 180 2 64 0 0 6 96 0 1566 174
14279 2914 1911 2 149 14276 2914 1910 50 3 0 1
11718 3183 1653 1 50 11718 3183 1653
15120 2826 1989 2 50 0 0 2 116 15120 2826 1987
13190 3028 1809 2 116 0 0 7 154 13190 3028 1802
12184 3134 1701 1 10 12184 3134 1701
7770 3597 1264 2 10 0 0 1 34 7770 3597 1263
733 4336 563 2 148 731 4336 563 45 2 0 0
12674 3083 1741 1 45 12674 3083 1741
10033 3359 1498 2 45 0 0 10 143 10033 3359 1488
6201 3762 1107 1 95 6201 3762 1107
8624 3508 1341 1 112 8624 3508 1341
9962 3367 1485 2 112 0 0 7 33 9962 3367 1478
0 0 3 1 33 0 0 3
9328 3434 1413 1 152 9328 3434 1413
0 1764 201 2 152 0 0 5 18 0 1764 196
198 4392 510 1 136 198 4392 510
0 0 8 1 56 0 0 8
-1
15 0
-1
16 0
-1
17 0
-1
18 1
0 1359 151 1 107 0 1359 151
-1
19 12
9710 1432 1230 1 19 9710 1432 1230
2059 2234 485 2 19 0 0 8 123 2059 2234 477
3295 2105 600 1 27 3295 2105 600
9449 1459 1212 1 5 9449 1459 1212
4833 1944 744 1 155 4833 1944 744
16297 740 1896 2 155 0 0 9 120 16297 740 1887
0 0 6 1 120 0 0 6
3667 2066 636 1 1 3667 2066 636
9932 1408 1261 2 1 0 0 1 44 9932 1408 1260
6100 1811 870 1 151 6100 1811 870
0 0 9 1 151 0 0 9
2742 2163 545 1 94 2742 2163 545
-1
20 0
-1
21 0
-1
