1 19
12217 2309 1609 1 1054 12217 2309 1609
6737 2884 1069 2 1054 0 0 5 1075 6737 2884 1064
5128 3053 907 2 1075 0 0 5 625 5128 3053 902
5219 3043 925 2 625 0 0 7 906 5219 3043 918
15455 1969 1933 1 4 15455 1969 1933
5410 3023 940 2 4 0 0 3 609 5410 3023 937
13082 2218 1699 1 431 13082 2218 1699
3791 3193 777 2 431 0 0 1 883 3791 3193 776
1902 3402 379 2 714 0 3402 378 722 1902 0 1
1657 3407 769 1 722 1657 3407 769
11282 2407 1519 2 722 0 0 4 299 11282 2407 1515
11735 2359 1572 2 299 0 0 6 355 11735 2359 1566
8939 2653 1285 1 899 8939 2653 1285
6818 2875 1080 2 899 0 0 3 1050 6818 2875 1077
9957 2601 289 2 231 0 2601 289 777 9957 0 0
2089 3317 1705 2 777 0 1338 1255 264 2089 1979 450
0 0 2 1 264 0 0 2
11071 2429 1500 1 134 11071 2429 1500
2555 3323 653 2 1081 2554 3323 653 623 1 0 0
-1
2 21
13739 2682 299 2 1097 0 2682 298 523 13739 0 1
5425 3433 1907 2 523 0 3433 1907 910 5425 0 0
261 3991 1075 2 910 259 3991 1075 1103 2 0 0
9743 3026 1411 1 1103 9743 3026 1411
0 3366 382 2 1103 0 0 8 830 0 3366 374
175 4030 467 2 1092 173 4030 467 998 2 0 0
12257 2762 1663 1 998 12257 2762 1663
716 3973 525 2 998 0 0 6 1062 716 3973 519
11767 2813 1622 2 1062 0 0 2 308 11767 2813 1620
1832 3856 633 2 204 1832 3856 632 554 0 0 1
5713 3449 1011 1 554 5713 3449 1011
14241 2553 1872 2 554 0 0 6 614 14241 2553 1866
14512 2525 1893 1 558 14512 2525 1893
11123 2881 1551 1 543 11123 2881 1551
3532 3677 806 2 543 0 0 5 234 3532 3677 801
3863 3643 831 1 200 3863 3643 831
0 909 104 2 200 0 0 3 848 0 909 101
14346 2565 1425 2 592 0 2565 285 863 14346 0 1140
1183 3902 1011 2 863 0 0 454 812 1183 3902 557
15488 2422 1998 2 812 0 0 8 36 15488 2422 1990
1431 3906 435 2 646 0 3906 434 514 1431 0 1
-1
3 16
6195 3129 1036 2 780 0 1044 116 7 6195 2085 920
9875 2743 1402 2 343 0 1683 187 413 9875 1060 1215
6379 3110 1054 2 397 6376 3110 1054 705 3 0 0
6533 3094 1066 1 705 6533 3094 1066
11223 2601 1540 2 705 0 0 4 123 11223 2601 1536
13877 2323 1798 1 1018 13877 2323 1798
7100 3034 1128 2 1018 0 0 2 757 7100 3034 1126
8809 2855 1294 2 63 0 1890 210 374 8809 965 1084
9262 2807 1343 2 374 0 0 2 675 9262 2807 1341
1559 3616 574 1 364 1559 3616 574
11514 2571 1564 2 364 0 0 1 486 11514 2571 1563
8065 2933 1222 2 486 0 0 2 1040 8065 2933 1220
0 3357 375 2 1040 0 0 2 383 0 3357 373
13304 2383 1744 2 386 13304 2383 1743 973 0 0 1
6295 3119 1042 1 973 6295 3119 1042
0 2088 235 2 973 0 0 3 442 0 2088 232
-1
4 20
14478 2946 1931 1 257 14478 2946 1931
3146 4135 814 2 257 0 0 5 102 3146 4135 809
1486 4310 635 2 417 0 2286 254 1049 1486 2024 381
6163 3818 1118 2 1049 0 0 9 262 6163 3818 1109
7248 3705 1211 1 566 7248 3705 1211
1487 4309 650 2 566 0 0 6 583 1487 4309 644
9641 3454 1445 1 197 9641 3454 1445
0 2673 307 2 197 0 0 10 803 0 2673 297
2368 4230 471 2 616 0 4230 470 894 2368 0 1
2867 4152 1033 2 894 0 980 371 391 2867 3172 662
1547 4303 653 2 391 0 0 9 935 1547 4303 644
11462 3262 1642 2 935 0 0 6 688 11462 3262 1636
4563 3987 941 1 129 4563 3987 941
5841 3852 1085 2 129 0 0 9 90 5841 3852 1076
0 3420 381 2 90 0 0 1 375 0 3420 380
9732 3444 1463 1 43 9732 3444 1463
612 4401 558 2 43 0 0 1 1022 612 4401 557
4235 4021 917 2 597 4232 4021 917 589 3 0 0
1986 4257 695 2 589 1986 4257 694 608 0 0 1
8989 3522 1389 2 608 8988 3522 1389 327 1 0 0
-1
5 10
4027 914 554 2 53 0 0 5 661 4027 914 549
6632 641 808 2 914 6631 641 808 235 1 0 0
13446 0 0 1 235 13446 0 0
1466 1109 1780 2 235 1464 1109 1780 1059 2 0 0
3031 1019 450 2 1059 3029 1019 450 261 2 0 0
3012 1021 448 2 261 3009 1021 448 674 3 0 0
2707 1053 418 2 674 2706 1053 418 242 1 0 0
13446 0 0 1 242 13446 0 0
2168 1035 1850 2 242 0 908 1595 576 2168 127 255
5474 763 684 1 229 5474 763 684
-1
6 10
501 1478 221 2 873 500 1478 220 618 1 0 1
2683 1249 437 2 618 2683 1249 436 982 0 0 1
9495 534 1113 2 982 9492 534 1113 191 3 0 0
3837 1128 549 1 191 3837 1128 549
9783 504 1137 2 191 0 0 3 572 9783 504 1134
8054 685 975 2 572 0 0 9 267 8054 685 966
15389 0 5 2 267 0 0 5 752 15389 0 0
14164 37 1715 2 752 0 37 1714 991 14164 0 1
1157 1331 1849 2 991 1155 1331 1849 870 2 0 0
11018 374 1267 2 870 11018 374 1266 790 0 0 1
-1
7 16
10920 2643 1507 2 1073 0 1224 136 1121 10920 1419 1371
3625 3429 381 2 323 0 3429 381 751 3625 0 0
15479 2145 2353 2 751 0 272 433 428 15479 1873 1920
985 3686 521 2 428 0 0 8 453 985 3686 513
12931 2432 1709 2 453 0 0 6 788 12931 2432 1703
0 3231 363 2 788 0 0 4 607 0 3231 359
15247 2189 1937 2 66 15244 2189 1937 1105 3 0 0
9340 2809 1351 2 1105 9338 2809 1350 900 2 0 1
1383 3652 405 2 900 0 3652 405 824 1383 0 0
1199 3656 693 2 824 1198 3656 693 370 1 0 0
12560 2471 1671 2 370 12558 2471 1670 340 2 0 1
17130 2086 231 2 340 0 2086 231 953 17130 0 0
6839 2977 2993 2 953 0 645 1975 1053 6839 2332 1018
14932 2222 1907 2 1053 0 0 1 61 14932 2222 1906
8788 2867 1295 2 928 0 1998 222 937 8788 869 1073
9059 2839 1313 1 1042 9059 2839 1313
-1
8 19
7914 1674 1066 2 135 7911 1674 1065 1065 3 0 1
15117 918 1779 1 1065 15117 918 1779
8092 1655 1085 2 1065 0 0 2 955 8092 1655 1083
883 2412 367 2 271 882 2412 366 520 1 0 1
5218 1957 797 2 520 5215 1957 796 190 3 0 1
4961 1984 772 2 190 4961 1984 771 221 0 0 1
1555 2342 423 1 221 1555 2342 423
6131 1861 892 2 221 0 0 9 804 6131 1861 883
7901 1675 1069 2 804 0 0 5 411 7901 1675 1064
4944 1986 765 1 196 4944 1986 765
14387 994 1714 2 196 0 0 5 878 14387 994 1709
12053 1240 1468 1 970 12053 1240 1468
5277 1950 812 2 970 0 0 9 600 5277 1950 803
3779 2108 655 2 555 3778 2108 654 282 1 0 1
11650 1282 1434 1 282 11650 1282 1434
10636 1388 1338 2 282 0 0 2 215 10636 1388 1336
6656 1806 941 2 167 6654 1806 940 912 2 0 1
13177 1122 1579 1 912 13177 1122 1579
13623 1074 1642 2 912 0 0 9 1034 13623 1074 1633
-1
9 16
1168 4502 624 1 851 1168 4502 624
4557 4146 966 2 851 0 0 6 950 4557 4146 960
14000 3154 1913 2 950 0 0 7 836 14000 3154 1906
7214 3867 1232 2 488 7212 3867 1231 1115 2 0 1
11235 3445 1630 2 1115 11232 3445 1630 654 3 0 0
89 4615 522 1 654 89 4615 522
213 4602 534 2 654 0 0 1 889 213 4602 533
13969 3158 1902 2 889 0 0 2 929 13969 3158 1900
2526 4359 768 2 929 0 0 3 226 2526 4359 765
8961 3684 1398 1 610 8961 3684 1398
8982 3681 1414 2 610 0 0 7 339 8982 3681 1407
3404 4267 852 2 686 3401 4267 852 278 3 0 0
13302 3228 1836 2 278 0 2913 324 856 13302 315 1512
0 0 1 1 856 0 0 1
11015 3468 1610 2 174 11013 3468 1609 670 2 0 1
8520 3730 1360 2 670 8517 3730 1360 634 3 0 0
-1
10 16
4297 3605 875 1 525 4297 3605 875
0 2079 234 2 525 0 0 3 1126 0 2079 231
15328 2447 1973 1 671 15328 2447 1973
10300 2975 1469 2 671 0 0 2 785 10300 2975 1467
5605 3467 1016 2 785 0 0 8 192 5605 3467 1008
12707 2722 1715 2 199 12704 2722 1714 679 3 0 1
13665 2622 1799 1 679 13665 2622 1799
0 2583 297 2 679 0 0 10 165 0 2583 287
5534 3475 1001 1 586 5534 3475 1001
8239 3191 1271 2 120 8239 3191 1270 821 0 0 1
3134 3727 761 2 821 3131 3727 761 89 3 0 0
3352 3704 785 2 89 3349 3704 784 741 3 0 1
6958 3326 1133 1 741 6958 3326 1133
0 3780 429 2 741 0 0 9 993 0 3780 420
9878 3019 1433 1 879 9878 3019 1433
10853 2917 1523 1 811 10853 2917 1523
-1
11 9
6247 2510 976 2 790 0 0 3 334 6247 2510 973
7164 2414 1064 2 496 7162 2414 1064 944 2 0 0
9291 2191 1270 1 944 9291 2191 1270
6428 2491 996 2 944 0 0 6 945 6428 2491 990
14834 1609 1824 2 945 0 0 1 11 14834 1609 1823
6649 2468 1014 2 11 0 0 4 362 6649 2468 1010
10209 2094 1370 2 362 0 0 3 1048 10209 2094 1367
10231 2092 1370 2 754 10229 2092 1369 342 2 0 1
15103 1581 1846 1 342 15103 1581 1846
-1
12 20
1652 4387 669 1 290 1652 4387 669
7826 3739 1281 2 290 0 0 2 384 7826 3739 1279
8400 3678 1348 2 384 0 0 6 716 8400 3678 1342
9636 3549 1461 1 1024 9636 3549 1461
0 1782 202 2 1024 0 0 4 285 0 1782 198
1079 4447 615 2 341 1079 4447 614 926 0 0 1
11245 3380 1623 1 926 11245 3380 1623
13407 3153 1839 2 926 0 0 1 1116 13407 3153 1838
12120 3288 1713 2 1116 0 0 2 303 12120 3288 1711
11959 3305 1695 2 303 0 0 1 2 11959 3305 1694
13015 3194 1803 2 2 0 0 2 206 13015 3194 1801
5714 3961 1065 1 1060 5714 3961 1065
0 1089 131 2 1060 0 0 10 504 0 1089 121
2557 4292 759 1 426 2557 4292 759
0 2223 249 2 426 0 0 2 500 0 2223 247
6109 3919 1115 2 419 6107 3919 1114 729 2 0 1
15650 3004 333 2 729 0 3004 333 425 15650 0 0
2061 4258 2431 2 425 0 19 1741 252 2061 4239 690
8973 3618 1407 2 252 0 0 10 145 8973 3618 1397
5896 3941 1095 2 145 0 0 2 649 5896 3941 1093
-1
13 12
1609 1601 352 1 850 1609 1601 352
0 0 4 1 850 0 0 4
7455 987 938 1 958 7455 987 938
12333 475 1424 2 1088 12332 475 1423 300 1 0 1
4739 1272 667 1 300 4739 1272 667
9898 731 1174 1 337 9898 731 1174
0 0 7 1 337 0 0 7
9184 806 1102 1 684 9184 806 1102
12362 472 1426 2 684 0 0 8 887 12362 472 1418
0 0 8 1 887 0 0 8
3573 1395 544 1 864 3573 1395 544
5716 1169 773 2 864 0 0 8 95 5716 1169 765
-1
14 9
10885 2111 1444 2 623 0 0 4 652 10885 2111 1440
2690 2971 633 2 652 0 0 4 15 2690 2971 629
2619 2979 615 1 30 2619 2979 615
14465 1735 1803 2 30 0 0 7 109 14465 1735 1796
14002 1784 1750 2 109 0 0 4 147 14002 1784 1746
0 2673 305 2 147 0 0 8 779 0 2673 297
3303 2907 688 1 141 3303 2907 688
11217 2076 1479 2 141 0 0 2 438 11217 2076 1477
13352 1852 1689 2 698 13349 1852 1689 60 3 0 0
-1
15 18
14058 1269 1698 1 1102 14058 1269 1698
7442 1963 1050 2 1102 0 0 5 666 7442 1963 1045
10188 1675 1318 2 86 10187 1675 1318 841 1 0 0
16430 1020 1934 1 841 16430 1020 1934
765 2664 384 2 841 0 0 5 211 765 2664 379
7864 1919 1086 2 211 0 0 2 219 7864 1919 1084
7351 1973 1032 2 219 0 0 3 903 7351 1973 1029
1891 2546 492 2 903 0 0 7 755 1891 2546 485
13284 1350 1626 2 755 0 0 8 309 13284 1350 1618
6557 2056 960 2 309 0 0 8 983 6557 2056 952
2334 2499 542 2 983 0 0 5 228 2334 2499 537
7532 1954 1050 1 349 7532 1954 1050
4335 2289 740 2 349 0 0 4 880 4335 2289 736
13103 1369 1608 1 336 13103 1369 1608
855 2655 384 1 365 855 2655 384
9604 1736 1266 2 365 0 0 6 943 9604 1736 1260
624 2679 366 1 664 624 2679 366
13837 1292 1680 2 664 0 0 1 58 13837 1292 1679
-1
16 12
8935 1397 1142 1 224 8935 1397 1142
0 0 8 2 224 0 0 6 60 0 0 2
9961 1289 1250 1 266 9961 1289 1250
15230 736 1772 1 956 15230 736 1772
961 2234 350 2 956 0 0 2 911 961 2234 348
6331 1670 891 2 911 0 0 7 1047 6331 1670 884
10494 1233 1304 2 1047 0 0 5 311 10494 1233 1299
0 1791 203 2 311 0 0 4 131 0 1791 199
892 2241 348 2 569 891 2241 348 1006 1 0 0
12705 1001 1522 1 1006 12705 1001 1522
0 1440 161 2 1006 0 0 1 394 0 1440 160
10856 1195 1340 2 289 10856 1195 1339 673 0 0 1
-1
17 11
9913 2003 1322 2 701 0 0 2 549 9913 2003 1320
1929 2841 530 2 549 0 0 4 1101 1929 2841 526
722 2968 404 2 1101 0 0 4 786 722 2968 400
0 0 18 2 786 0 0 10 673 0 0 8
13191 1659 1646 1 502 13191 1659 1646
16107 1353 1934 2 502 0 0 4 505 16107 1353 1930
6042 2409 944 2 505 0 0 10 468 6042 2409 934
10326 1959 1370 2 468 0 0 5 745 10326 1959 1365
14639 1507 1790 1 40 14639 1507 1790
14961 1473 1826 2 40 0 0 4 1004 14961 1473 1822
11884 1796 1520 2 1004 0 0 4 1017 11884 1796 1516
-1
18 5
7896 1068 991 1 957 7896 1068 991
0 0 5 1 957 0 0 5
17177 94 1909 1 136 17177 94 1909
0 0 10 1 136 0 0 10
5091 1362 717 1 738 5091 1362 717
-1
19 8
3982 1238 587 2 183 0 0 7 728 3982 1238 580
1940 1453 372 1 346 1940 1453 372
3640 1274 551 2 346 0 0 5 385 3640 1274 546
15183 63 1686 1 144 15183 63 1686
7863 831 967 2 144 0 0 8 638 7863 831 959
7904 826 977 2 638 0 0 7 1061 7904 826 970
766 1576 260 2 980 764 1576 260 562 2 0 0
16656 0 1 1 562 16656 0 1
-1
20 18
4545 4032 947 1 450 4545 4032 947
5209 3962 1019 2 450 0 0 6 628 5209 3962 1013
8276 3640 1325 2 628 0 0 6 38 8276 3640 1319
0 1575 180 2 38 0 0 5 732 0 1575 175
4877 3997 983 1 152 4877 3997 983
13334 3109 1829 2 152 0 0 3 948 13334 3109 1826
1931 4306 694 2 948 0 0 1 977 1931 4306 693
2182 4280 713 1 443 2182 4280 713
9412 3521 1434 2 443 0 0 5 377 9412 3521 1429
0 1827 211 2 377 0 0 8 98 0 1827 203
84 4500 509 2 179 81 4500 509 1051 3 0 0
2522 4244 753 2 1051 2521 4244 752 1058 1 0 1
5419 3940 1039 1 1058 5419 3940 1039
14430 2994 1937 2 295 14430 2994 1936 1118 0 0 1
5058 3978 1001 2 1118 0 3168 351 1009 5058 810 650
10378 3419 1535 2 1009 0 0 2 293 10378 3419 1533
8791 3586 1375 2 162 8789 3586 1375 495 2 0 0
10908 3364 1581 1 495 10908 3364 1581
-1
21 20
11425 1095 1391 2 182 11424 1095 1391 490 1 0 0
3368 1941 585 2 490 0 1340 149 677 3368 601 436
17518 455 2002 2 677 0 0 5 48 17518 455 1997
13455 882 1591 1 546 13455 882 1591
6024 1662 853 2 546 0 0 2 33 6024 1662 851
13606 866 1609 2 33 0 0 3 193 13606 866 1606
6306 1632 884 2 193 0 0 2 321 6306 1632 882
574 2234 313 2 513 574 2234 312 1111 0 0 1
5752 1691 817 1 1111 5752 1691 817
3571 1919 619 2 1111 0 0 9 1120 3571 1919 610
11053 1134 1355 2 180 11052 1134 1354 687 1 0 1
10970 1143 1341 1 687 10970 1143 1341
0 1431 163 2 687 0 0 4 706 0 1431 159
10971 1143 1339 1 507 10971 1143 1339
15818 634 1825 2 507 0 0 7 696 15818 634 1818
0 999 121 2 696 0 0 10 905 0 999 111
7663 1490 1015 1 692 7663 1490 1015
17286 480 1969 2 692 0 0 2 954 17286 480 1967
0 0 7 1 954 0 0 7
3178 1961 565 1 398 3178 1961 565
-1
22 11
6528 2184 974 2 515 0 0 6 901 6528 2184 968
7905 2040 1105 1 871 7905 2040 1105
4513 2421 269 2 338 0 2421 269 1067 4513 0 0
9306 1868 1743 1 1067 9306 1868 1743
5612 2281 871 1 744 5612 2281 871
0 1440 166 2 744 0 0 6 160 0 1440 160
3723 2479 689 2 655 3722 2479 689 896 1 0 0
14631 1334 1773 1 896 14631 1334 1773
14713 1325 1783 2 896 0 0 1 989 14713 1325 1782
8307 1998 1142 1 1001 8307 1998 1142
15125 1282 1825 2 1001 0 0 3 743 15125 1282 1822
-1
23 12
13384 44 1482 1 462 13384 44 1482
0 1179 141 2 462 0 0 10 858 0 1179 131
523 1394 204 1 1063 523 1394 204
3601 1070 528 2 1063 0 0 9 143 3601 1070 519
9744 426 1122 1 707 9744 426 1122
3008 1132 468 2 707 0 0 8 1023 3008 1132 460
5672 853 726 2 326 5672 853 725 171 0 0 1
2896 1145 438 1 171 2896 1145 438
2294 1207 399 2 171 0 0 10 996 2294 1207 389
4519 999 112 2 491 0 999 111 1122 4519 0 1
7659 620 1412 1 1122 7659 620 1412
7663 644 924 2 1122 0 0 9 919 7663 644 915
-1
24 8
9950 1498 1275 2 975 0 0 5 818 9950 1498 1270
15098 958 1779 2 818 0 0 2 915 15098 958 1777
8231 1678 1108 2 915 0 0 7 225 8231 1678 1101
9829 1511 1257 1 702 9829 1511 1257
3545 2170 638 2 702 0 0 3 895 3545 2170 635
14991 969 1773 2 962 14988 969 1773 452 3 0 0
11163 1371 1389 1 452 11163 1371 1389
0 1827 207 2 452 0 0 4 1107 0 1827 203
-1
25 23
12975 1236 1572 1 967 12975 1236 1572
4036 2174 690 2 967 0 0 7 175 4036 2174 683
14062 1121 1694 2 175 0 0 7 73 14062 1121 1687
124 2585 294 1 601 124 2585 294
5776 1991 870 2 601 0 0 7 1128 5776 1991 863
14848 1039 1766 2 585 14846 1039 1765 380 2 0 1
15889 930 1864 1 380 15889 930 1864
6691 1895 958 2 380 0 0 4 1106 6691 1895 954
9375 1614 1212 1 930 9375 1614 1212
7184 1843 1012 2 930 0 0 9 988 7184 1843 1003
14745 1050 1752 1 662 14745 1050 1752
1221 2469 413 2 662 0 0 3 205 1221 2469 410
8420 1714 1122 1 71 8420 1714 1122
0 0 4 1 71 0 0 4
697 2525 348 1 825 697 2525 348
0 0 10 1 825 0 0 10
0 1332 148 1 110 0 1332 148
12060 1332 1482 1 867 12060 1332 1482
5152 2057 798 2 867 0 0 6 461 5152 2057 792
3855 2193 672 2 461 0 0 9 868 3855 2193 663
8461 1709 1139 2 868 0 0 9 373 8461 1709 1130
6801 1884 960 1 580 6801 1884 960
0 0 5 1 580 0 0 5
-1
26 10
4751 604 1305 1 305 4751 604 1305
9477 144 1060 1 473 9477 144 1060
438 1092 177 2 473 0 0 9 882 438 1092 168
0 0 2 1 882 0 0 2
3947 724 519 1 29 3947 724 519
5355 576 659 1 579 5355 576 659
8070 291 929 1 770 8070 291 929
11447 0 0 1 390 11447 0 0
791 992 1470 1 390 791 992 1470
11439 0 16 1 631 11439 0 16
-1
27 16
13974 3263 1916 2 663 13972 3263 1915 1114 2 0 1
8230 3866 1344 2 1114 8228 3866 1343 155 2 0 1
11576 3515 1672 2 155 0 1240 137 478 11576 2275 1535
13188 3345 1841 2 478 0 0 4 423 13188 3345 1837
4338 4275 948 2 304 0 3159 351 24 4338 1116 597
7285 3965 1254 2 24 0 0 9 420 7285 3965 1245
0 2196 249 2 420 0 0 5 636 0 2196 244
12091 3461 1722 1 471 12091 3461 1722
7969 3893 1324 2 471 0 0 6 809 7969 3893 1318
14527 3205 1970 2 312 14525 3205 1970 270 2 0 0
16906 2955 2207 2 270 0 2509 279 114 16906 446 1928
7677 3924 1290 2 1011 7677 3924 1289 516 0 0 1
11920 3479 1704 1 516 11920 3479 1704
0 1566 180 2 516 0 0 6 815 0 1566 174
11793 3492 1698 2 846 11790 3492 1698 161 3 0 0
574 4670 576 1 161 574 4670 576
-1
28 10
9963 1242 1243 2 800 0 0 7 439 9963 1242 1236
5891 1669 847 2 439 0 0 9 354 5891 1669 838
17274 474 1974 2 354 0 0 2 316 17274 474 1972
2059 2072 451 1 560 2059 2072 451
149 2272 271 2 560 0 0 8 1037 149 2272 263
11582 1072 1405 2 1037 0 0 6 838 11582 1072 1399
1215 2160 379 2 838 0 0 7 694 1215 2160 372
0 990 113 2 694 0 0 3 826 0 990 110
16754 529 1921 2 198 16751 529 1920 55 3 0 1
4127 1855 655 1 55 4127 1855 655
-1
29 10
11398 0 1 1 909 11398 0 1
5898 452 1961 1 909 5898 452 1961
1731 951 308 2 909 0 0 10 477 1731 951 298
10017 82 1123 2 843 10016 82 1122 855 1 0 1
11398 0 1 1 855 11398 0 1
4674 580 1849 2 855 4671 580 1848 8 3 0 1
5950 509 717 1 8 5950 509 717
11398 0 1 1 753 11398 0 1
3569 696 1739 2 753 3566 696 1739 1070 3 0 0
10143 69 1131 1 1070 10143 69 1131
-1
30 8
11931 2210 1572 2 865 11929 2210 1571 376 2 0 1
4978 2940 878 1 376 4978 2940 878
11164 2291 1486 2 376 0 0 1 1057 11164 2291 1485
13810 2012 1768 2 1057 0 0 10 130 13810 2012 1758
3091 3138 692 2 288 3090 3138 692 82 1 0 0
2646 3185 642 1 82 2646 3185 642
0 2151 245 2 82 0 0 6 16 0 2151 239
13006 2169 242 2 1129 0 2169 241 503 13006 0 1
-1
31 7
9654 2559 1353 1 18 9654 2559 1353
0 1350 154 2 18 0 0 4 898 0 1350 150
11002 2417 1491 2 1072 0 2007 223 535 11002 410 1268
604 3509 453 1 14 604 3509 453
0 2142 242 2 14 0 0 4 476 0 2142 238
8618 2668 1245 1 272 8618 2668 1245
625 3506 468 2 272 0 0 9 241 625 3506 459
-1
32 12
13416 804 1586 2 881 0 0 6 862 13416 804 1580
7362 1440 978 1 1046 7362 1440 978
8880 1281 1122 1 124 8880 1281 1122
3219 1875 564 2 124 0 0 7 240 3219 1875 557
2013 2001 455 2 240 0 0 9 392 2013 2001 446
4768 1712 720 2 1093 0 1458 162 203 4768 254 558
608 2149 306 2 80 605 2149 306 814 3 0 0
2190 1983 462 1 814 2190 1983 462
0 2016 226 2 814 0 0 2 1084 0 2016 224
15768 558 1806 1 1016 15768 558 1806
1470 2058 400 2 1016 0 0 8 1069 1470 2058 392
15728 562 1806 1 960 15728 562 1806
-1
33 8
2958 1560 502 1 845 2958 1560 502
16201 170 1816 1 126 16201 170 1816
13939 407 1597 2 126 0 0 3 938 13939 407 1594
14099 391 1600 1 395 14099 391 1600
2064 1653 423 2 395 0 0 10 719 2064 1653 413
12018 609 1402 1 641 12018 609 1402
10862 730 1289 2 641 0 0 1 479 10862 730 1288
10640 754 1258 1 606 10640 754 1258
-1
34 7
8827 521 1032 1 347 8827 521 1032
736 1370 234 2 347 0 0 7 122 736 1370 227
2466 1188 412 2 122 0 0 6 547 2466 1188 406
14553 0 0 1 934 14553 0 0
465 1318 1816 2 934 464 1318 1815 721 1 0 1
3966 1031 554 2 721 3963 1031 554 570 3 0 0
5398 881 690 1 570 5398 881 690
-1
