1 21
1521 3627 571 1 61 1521 3627 571
9596 2779 1376 2 61 0 0 1 519 9596 2779 1375
9989 2738 1415 2 63 9988 2738 1414 294 1 0 1
7000 3052 1113 1 294 7000 3052 1113
3070 3464 729 2 294 0 0 3 342 3070 3464 726
7906 2957 1201 2 269 0 1170 130 34 7906 1787 1071
9143 2827 1327 2 34 0 0 6 120 9143 2827 1321
12361 2489 1651 2 120 0 0 9 357 12361 2489 1642
2939 3478 715 2 357 0 0 8 210 2939 3478 707
15217 2189 1939 2 210 0 0 6 172 15217 2189 1933
2909 3481 711 2 172 0 0 1 85 2909 3481 710
1742 3604 589 1 239 1742 3604 589
0 1458 167 2 239 0 0 5 520 0 1458 162
4902 3272 909 2 390 4900 3272 908 291 2 0 1
7313 3019 1147 2 291 7311 3019 1147 420 2 0 0
8789 2864 1295 1 420 8789 2864 1295
9143 2827 1327 1 105 9143 2827 1327
0 0 3 1 105 0 0 3
9046 2837 1321 2 348 9043 2837 1320 127 3 0 1
4283 3337 847 2 127 4283 3337 846 71 0 0 1
3713 3397 787 1 71 3713 3397 787
-1
2 18
2644 2353 555 2 96 2642 2353 555 217 2 0 0
5016 2104 791 2 217 5013 2104 791 247 3 0 0
8259 1764 1105 1 247 8259 1764 1105
3970 2213 696 2 247 0 0 9 484 3970 2213 687
14527 1106 1729 1 193 14527 1106 1729
0 1782 206 2 193 0 0 8 419 0 1782 198
5156 2089 805 2 303 0 1611 179 416 5156 478 626
16019 949 1885 2 73 16016 949 1885 81 3 0 0
7740 1818 1063 2 81 7737 1818 1062 157 3 0 1
8460 1743 1123 1 157 8460 1743 1123
1184 2506 415 2 157 0 0 10 94 1184 2506 405
13311 1233 1621 2 94 0 0 5 221 13311 1233 1616
10808 1496 1367 2 186 10807 1496 1367 160 1 0 0
9912 1590 1279 2 160 9911 1590 1278 356 1 0 1
6170 1983 903 1 356 6170 1983 903
16800 867 1963 2 356 0 0 2 437 16800 867 1961
399 2589 325 2 437 0 0 2 324 399 2589 323
0 1719 200 2 324 0 0 9 397 0 1719 191
-1
3 23
9087 444 1050 1 345 9087 444 1050
14047 0 10 2 345 0 0 9 139 14047 0 1
1353 1178 1838 1 139 1353 1178 1838
379 1358 186 2 139 0 0 3 477 379 1358 183
0 1017 123 2 477 0 0 10 383 0 1017 113
7844 574 936 2 280 7841 574 935 429 3 0 1
14052 0 0 1 429 14052 0 0
1656 1146 1872 1 429 1656 1146 1872
929 1305 146 2 141 0 1305 145 365 929 0 1
8872 461 1140 2 365 8870 461 1139 86 2 0 1
4282 948 580 2 86 4279 948 580 113 3 0 0
6258 741 768 1 113 6258 741 768
3467 1033 510 2 113 0 0 10 97 3467 1033 500
369 1359 186 1 368 369 1359 186
7750 584 924 2 368 0 0 6 304 7750 584 918
14048 0 8 2 304 0 0 8 65 14048 0 0
658 1251 1768 1 65 658 1251 1768
14049 0 6 2 65 0 0 5 78 14049 0 1
1803 1131 1878 1 78 1803 1131 1878
7660 593 924 2 78 0 0 8 359 7660 593 916
14051 0 2 2 359 0 0 1 506 14051 0 1
1610 1151 1864 1 506 1610 1151 1864
3215 1060 474 2 506 0 0 3 145 3215 1060 471
-1
4 18
1487 4697 688 2 358 1486 4697 687 67 1 0 1
8375 3974 1372 2 67 8373 3974 1371 77 2 0 1
459 4805 584 2 77 458 4805 584 240 1 0 0
13795 3405 1912 2 240 13793 3405 1911 522 2 0 1
13902 3394 1918 2 522 0 1294 143 369 13902 2100 1775
0 2331 262 2 369 0 0 3 327 0 2331 259
8937 3915 1428 1 91 8937 3915 1428
5739 4251 1104 2 131 0 2961 329 37 5739 1290 775
0 4248 478 2 37 0 0 6 146 0 4248 472
7217 4096 1248 1 179 7217 4096 1248
10757 3724 1608 2 179 0 0 9 48 10757 3724 1599
1527 4692 701 2 48 0 0 10 281 1527 4692 691
2290 4613 762 1 256 2290 4613 762
0 0 5 1 256 0 0 5
14337 3348 1965 1 235 14337 3348 1965
1204 4727 654 1 107 1204 4727 654
0 3276 369 2 107 0 0 5 15 0 3276 364
10636 3737 1590 1 178 10636 3737 1590
-1
5 10
12245 2767 1667 1 323 12245 2767 1667
0 1710 191 2 323 0 0 1 305 0 1710 190
1356 3910 585 2 311 1355 3910 585 251 1 0 0
10565 2943 1501 2 251 0 1025 114 35 10565 1918 1387
1546 3890 604 2 220 0 1458 162 183 1546 2432 442
5960 3427 1037 1 431 5960 3427 1037
10355 2965 1486 2 431 0 0 6 181 10355 2965 1480
13111 2676 1755 2 502 13110 2676 1754 461 1 0 1
6693 3350 1111 1 461 6693 3350 1111
0 0 4 1 461 0 0 4
-1
6 19
11643 0 1 1 466 11643 0 1
4788 591 1891 2 466 4785 591 1890 213 3 0 1
1200 1032 247 2 213 1197 1032 247 180 3 0 0
11643 0 1 1 180 11643 0 1
5226 545 1935 2 180 5224 545 1934 137 2 0 1
4727 662 593 1 137 4727 662 593
9315 180 1057 2 137 0 0 5 11 9315 180 1052
5665 563 695 2 11 0 0 3 404 5665 563 692
11160 0 967 1 60 11160 0 967
7148 394 1111 2 60 0 0 273 310 7148 394 838
11643 0 1 1 177 11643 0 1
2522 829 1663 1 177 2522 829 1663
6077 520 733 2 177 0 0 2 55 6077 520 731
11642 0 3 2 55 0 0 2 455 11642 0 1
5238 544 1931 1 455 5238 544 1931
275 1129 157 2 455 0 0 4 227 275 1129 153
0 927 106 2 227 0 0 3 275 0 927 103
1411 1010 265 1 117 1411 1010 265
6932 430 822 2 117 0 0 4 134 6932 430 818
-1
7 18
17305 0 1 1 381 17305 0 1
13340 225 3429 2 381 0 101 1933 95 13340 124 1496
1345 1580 321 1 191 1345 1580 321
109 1709 206 2 191 0 0 4 427 109 1709 202
15785 64 1761 1 282 15785 64 1761
7392 945 927 2 435 7389 945 926 20 3 0 1
15711 72 1749 1 20 15711 72 1749
2793 1428 465 2 20 0 0 4 136 2793 1428 461
8807 796 1075 2 136 0 0 8 497 8807 796 1067
17253 0 105 1 515 17253 0 105
6433 956 2625 2 515 0 0 1812 448 6433 956 813
11813 481 1365 2 448 0 0 8 300 11813 481 1357
12246 435 1418 2 300 0 0 9 355 12246 435 1409
15302 115 1707 1 99 15302 115 1707
4010 1300 591 2 99 0 0 6 156 4010 1300 585
5337 1161 717 2 156 0 0 5 28 5337 1161 712
0 0 10 1 28 0 0 10
12607 398 1437 1 287 12607 398 1437
-1
8 12
17096 681 1975 2 463 17094 681 1975 385 2 0 0
8714 1609 179 2 385 0 1609 179 511 8714 0 0
537 2374 1233 2 511 0 2374 1232 434 537 0 1
4078 2045 732 1 434 4078 2045 732
10427 1381 1314 2 434 0 0 7 148 10427 1381 1307
3187 2141 593 2 148 0 0 5 98 3187 2141 588
0 1215 139 2 98 0 0 4 5 0 1215 135
894 2382 359 1 262 894 2382 359
16370 757 1907 2 262 0 0 5 277 16370 757 1902
3770 2080 647 2 277 0 0 1 293 3770 2080 646
13112 1099 1583 2 293 0 0 4 279 13112 1099 1579
11875 1229 1457 2 238 0 0 4 166 11875 1229 1453
-1
9 20
7970 1579 1061 1 308 7970 1579 1061
5055 1885 771 2 165 5054 1885 771 366 1 0 0
14364 908 1693 1 366 14364 908 1693
16598 673 1923 2 366 0 0 4 225 16598 673 1919
4340 1960 701 2 4 4340 1960 700 68 0 0 1
9009 1470 1163 2 68 9006 1470 1163 446 3 0 0
6331 1751 899 2 446 6328 1751 898 92 3 0 1
12514 1102 1513 2 92 12512 1102 1512 526 2 0 1
3102 2090 577 2 526 3101 2090 576 14 1 0 1
10271 1338 1279 1 14 10271 1338 1279
7960 1580 1061 2 14 0 0 10 496 7960 1580 1051
4089 1986 683 2 496 0 0 9 126 4089 1986 674
9529 1415 1217 2 126 0 0 1 363 9529 1415 1216
13832 964 1637 1 205 13832 964 1637
6150 1770 881 2 205 0 0 7 2 6150 1770 874
388 2375 305 2 2 0 0 6 482 388 2375 299
12958 1055 1565 2 482 0 0 8 31 12958 1055 1557
15109 830 1763 1 87 15109 830 1763
15120 828 1780 2 87 0 0 8 343 15120 828 1772
12545 1099 1511 1 152 12545 1099 1511
-1
10 16
10290 0 1 1 467 10290 0 1
2962 672 1217 2 467 0 672 1217 47 2962 0 0
9593 0 1395 1 47 9593 0 1395
10290 0 1 1 418 10290 0 1
2134 743 1453 1 418 2134 743 1453
5534 442 673 2 418 0 0 9 422 5534 442 664
6418 350 745 1 350 6418 350 745
2793 666 1675 2 350 0 0 7 226 2793 666 1668
10286 0 9 2 226 0 0 9 6 10286 0 0
986 863 1349 2 6 983 863 1348 53 3 0 1
3207 687 427 1 53 3207 687 427
6972 291 812 2 53 0 0 5 400 6972 291 807
10290 0 1 1 244 10290 0 1
7534 176 1993 1 244 7534 176 1993
2748 735 385 2 244 0 0 6 514 2748 735 379
10286 0 9 2 514 0 0 8 302 10286 0 1
-1
11 21
2119 2228 479 1 414 2119 2228 479
17263 638 1991 2 414 0 0 4 456 17263 638 1987
8545 1553 1124 2 456 0 0 2 151 8545 1553 1122
4985 1927 767 1 336 4985 1927 767
14126 967 1678 2 336 0 0 1 257 14126 967 1677
1831 2258 455 2 54 1828 2258 454 51 3 0 1
14587 919 1723 2 51 14585 919 1722 153 2 0 1
15028 873 1761 1 153 15028 873 1761
0 2358 267 2 153 0 0 5 462 0 2358 262
10395 1359 1307 2 171 10395 1359 1306 109 0 0 1
1274 2317 389 1 109 1274 2317 389
4835 1942 762 2 109 0 0 9 288 4835 1942 753
17192 646 1973 1 498 17192 646 1973
0 1710 199 2 498 0 0 9 474 0 1710 190
9872 1414 1253 1 413 9872 1414 1253
12346 1154 1501 2 413 0 0 1 119 12346 1154 1500
11581 1235 1415 1 315 11581 1235 1415
5498 1873 821 2 315 0 0 9 517 5498 1873 812
11894 1201 1462 2 517 0 0 7 129 11894 1201 1455
2746 2162 545 2 124 2743 2162 545 188 3 0 0
7861 1625 1055 2 188 7858 1625 1054 201 3 0 1
-1
12 12
10011 3417 1493 2 302 0 0 10 116 10011 3417 1483
12927 3111 1781 2 116 0 0 9 370 12927 3111 1772
0 0 10 1 370 0 0 10
7839 3645 1276 2 19 0 1341 149 206 7839 2304 1127
4734 3971 967 2 481 4732 3971 967 473 2 0 0
0 1087 121 1 473 0 1087 121
669 4398 557 1 375 669 4398 557
9730 3446 1470 2 375 0 0 6 470 9730 3446 1464
9066 3516 1398 1 417 9066 3516 1398
5375 3904 1025 2 299 0 1755 195 140 5375 2149 830
0 0 6 1 140 0 0 6
4591 3986 953 1 142 4591 3986 953
-1
13 0
-1
14 11
16135 983 1902 2 411 16132 983 1902 209 3 0 0
14553 1149 1745 1 209 14553 1149 1745
4672 2186 762 1 512 4672 2186 762
2620 2402 552 1 524 2620 2402 552
0 0 6 1 524 0 0 6
1353 2535 426 1 75 1353 2535 426
3304 2330 624 2 75 0 0 6 197 3304 2330 618
10102 1616 1308 2 197 0 0 8 253 10102 1616 1300
0 0 2 1 253 0 0 2
11734 1445 1464 2 319 11731 1445 1464 379 3 0 0
4316 2224 720 1 379 4316 2224 720
-1
15 0
-1
16 10
0 0 3 1 56 0 0 3
13119 1488 1617 1 374 13119 1488 1617
0 0 6 1 374 0 0 6
4666 2375 782 2 258 4663 2375 782 128 3 0 0
305 2833 344 2 128 0 1131 126 314 305 1702 218
14095 1385 1724 2 314 0 0 5 274 14095 1385 1719
0 0 1 1 274 0 0 1
158 2848 334 1 283 158 2848 334
2068 2648 518 1 362 2068 2648 518
0 0 6 1 362 0 0 6
-1
17 10
10919 0 0 1 495 10919 0 0
6245 370 1948 2 495 6243 370 1948 387 2 0 0
7824 265 890 1 387 7824 265 890
10914 0 10 2 387 0 0 9 272 10914 0 1
711 951 1396 2 272 708 951 1396 297 3 0 0
10919 0 0 1 297 10919 0 0
4530 550 1778 1 297 4530 550 1778
8896 152 1006 2 367 8893 152 1005 230 3 0 1
7372 312 854 2 230 7371 312 853 199 1 0 1
999 981 220 2 199 998 981 219 401 1 0 1
-1
18 14
5238 4270 1056 2 290 5234 4270 1056 412 4 0 0
3821 4419 909 1 412 3821 4419 909
13862 3364 1921 2 412 0 0 7 121 13862 3364 1914
5 4819 541 2 201 0 0 9 426 5 4819 532
6923 4093 1226 2 426 0 0 4 425 6923 4093 1222
9749 3796 1507 2 425 0 0 2 207 9749 3796 1505
7174 4067 1243 1 27 7174 4067 1243
3464 4456 884 2 27 0 0 6 106 3464 4456 878
0 2331 261 2 106 0 0 2 449 0 2331 259
7819 3999 1313 2 25 7818 3999 1313 229 1 0 0
5343 4259 1066 1 229 5343 4259 1066
9427 3830 1474 2 229 0 0 1 340 9427 3830 1473
5817 4209 1114 1 10 5817 4209 1114
8300 3949 1352 1 440 8300 3949 1352
-1
19 7
11302 3467 1640 1 394 11302 3467 1640
14821 3098 1982 2 394 0 0 1 447 14821 3098 1981
2618 4318 1989 2 447 0 0 10 401 2618 4318 1979
13896 3195 1893 2 401 0 0 4 509 13896 3195 1889
865 4562 613 2 509 0 0 10 475 865 4562 603
1186 4529 632 1 265 1186 4529 632
0 1656 187 2 265 0 0 3 499 0 1656 184
-1
20 0
-1
21 8
107 2881 322 1 114 107 2881 322
12577 1571 1582 2 114 0 0 10 380 12577 1571 1572
11470 1688 1456 1 335 11470 1688 1456
12748 1553 1595 2 335 0 0 6 118 12748 1553 1589
14649 1354 1778 2 112 14648 1354 1778 392 1 0 0
6844 2173 1002 1 392 6844 2173 1002
10887 1749 1402 1 465 10887 1749 1402
0 0 2 1 465 0 0 2
-1
22 13
6816 1923 976 2 74 0 0 5 110 6816 1923 971
2250 2403 512 1 337 2250 2403 512
11723 1408 1464 2 337 0 0 5 33 11723 1408 1459
2833 2342 566 1 195 2833 2342 566
0 0 9 1 195 0 0 9
7992 1800 1088 1 439 7992 1800 1088
9964 1593 1284 2 150 9963 1593 1284 410 1 0 0
4300 2188 712 1 410 4300 2188 712
9591 1632 1250 2 410 0 0 9 460 9591 1632 1241
0 0 6 1 460 0 0 6
3610 2260 652 2 236 3608 2260 652 318 2 0 0
3616 2259 653 2 318 0 1141 127 371 3616 1118 526
16650 891 1949 1 161 16650 891 1949
-1
23 6
7828 2504 1146 1 82 7828 2504 1146
7436 2545 1110 2 82 0 0 2 3 7436 2545 1108
1131 3207 480 2 3 0 0 1 133 1131 3207 479
0 0 13 2 133 0 0 3 29 0 0 10
7305 2559 1092 1 237 7305 2559 1092
226 3302 390 2 237 0 0 4 330 226 3302 386
-1
24 18
8499 1860 1146 2 266 0 0 3 442 8499 1860 1143
0 0 8 1 442 0 0 8
10158 1686 1308 1 451 10158 1686 1308
12190 1472 1524 2 451 0 0 8 479 12190 1472 1516
0 0 2 1 479 0 0 2
9203 1786 1218 1 320 9203 1786 1218
4437 2286 750 2 320 0 0 3 476 4437 2286 747
12743 1414 1573 1 155 12743 1414 1573
1742 2569 479 1 211 1742 2569 479
12431 1447 1542 1 246 12431 1447 1542
5533 2171 856 1 331 5533 2171 856
10933 1604 1393 1 176 10933 1604 1393
213 2730 318 1 421 213 2730 318
0 0 9 1 421 0 0 9
3904 2342 694 1 32 3904 2342 694
4004 2332 696 1 57 4004 2332 696
0 0 8 1 57 0 0 8
9404 1765 1236 1 398 9404 1765 1236
-1
25 10
7911 3719 1293 2 169 7909 3719 1292 469 2 0 1
5587 3963 1061 2 469 5584 3963 1060 249 3 0 1
13104 3174 1807 1 249 13104 3174 1807
0 1647 184 2 249 0 0 1 168 0 1647 183
2197 4319 721 2 441 0 2637 293 93 2197 1682 428
13158 3168 1817 2 93 0 0 3 76 13158 3168 1814
3484 4203 467 2 316 0 4203 467 22 3484 0 0
9709 3511 1856 1 22 9709 3511 1856
8361 3672 1333 1 9 8361 3672 1333
0 1251 143 2 9 0 0 4 245 0 1251 139
-1
26 22
1475 3466 543 1 403 1475 3466 543
0 2331 265 2 403 0 0 6 510 0 2331 259
15774 1965 1965 1 332 15774 1965 1965
3929 3208 795 2 332 0 0 6 364 3929 3208 789
0 0 4 1 364 0 0 4
2072 3403 609 2 16 2069 3403 608 393 3 0 1
9536 2620 1341 1 393 9536 2620 1341
12175 2342 1622 2 393 0 0 9 219 12175 2342 1613
7790 2803 1173 1 194 7790 2803 1173
0 0 4 1 194 0 0 4
0 1602 178 1 125 0 1602 178
8245 2755 1223 2 501 8243 2755 1222 360 2 0 1
8260 2754 1213 1 360 8260 2754 1213
0 0 10 1 360 0 0 10
3838 3218 777 1 491 3838 3218 777
0 0 7 1 491 0 0 7
15593 1984 1947 1 490 15593 1984 1947
0 0 6 1 490 0 0 6
13904 2161 1785 1 62 13904 2161 1785
7106 2875 1101 1 214 7106 2875 1101
0 0 8 1 214 0 0 8
7861 2795 1184 1 90 7861 2795 1184
-1
27 0
-1
28 12
5800 1961 863 2 158 5797 1961 862 252 3 0 1
10249 1494 1305 2 252 10248 1494 1304 52 1 0 1
2809 2275 565 2 52 2809 2275 564 189 0 0 1
5706 1971 851 1 189 5706 1971 851
2418 2316 527 2 189 0 0 1 40 2418 2316 526
8009 1729 1082 1 333 8009 1729 1082
3021 2253 581 1 233 3021 2253 581
0 0 5 1 233 0 0 5
11307 1383 1409 1 80 11307 1383 1409
0 0 1 1 80 0 0 1
12443 1264 1517 1 260 12443 1264 1517
0 0 6 1 260 0 0 6
-1
29 17
11724 2748 1598 1 521 11724 2748 1598
0 0 10 1 521 0 0 10
0 3591 399 1 407 0 3591 399
4243 3533 860 1 144 4243 3533 860
5752 3374 1018 2 144 0 0 4 66 5752 3374 1014
2272 3740 662 1 492 2272 3740 662
1941 3774 641 2 492 0 0 6 241 1941 3774 635
14282 2479 1862 2 443 14279 2479 1862 388 3 0 0
15311 2371 1964 1 388 15311 2371 1964
9814 2948 1418 2 388 0 0 1 250 9814 2948 1417
0 0 1 1 250 0 0 1
1418 3829 583 1 312 1418 3829 583
15425 2359 1976 1 254 15425 2359 1976
6689 3276 1108 2 372 6687 3276 1107 386 2 0 1
892 3885 522 1 386 892 3885 522
0 0 8 1 386 0 0 8
0 3690 410 1 170 0 3690 410
-1
30 12
13614 3315 1881 1 444 13614 3315 1881
0 0 5 1 485 0 0 5
9259 3773 1438 1 182 9259 3773 1438
0 0 10 1 182 0 0 10
2150 4519 736 1 102 2150 4519 736
3900 4335 916 2 102 0 0 5 122 3900 4335 911
0 0 4 1 122 0 0 4
7630 3944 1276 1 396 7630 3944 1276
0 0 10 1 396 0 0 10
10778 3613 1599 1 351 10778 3613 1599
2412 4491 767 1 399 2412 4491 767
12709 3410 1791 1 228 12709 3410 1791
-1
31 11
3459 2985 715 1 289 3459 2985 715
0 0 1 1 289 0 0 1
5189 2803 888 1 123 5189 2803 888
14128 1865 1777 1 234 14128 1865 1777
472 3299 409 1 334 472 3299 409
0 0 10 1 334 0 0 10
1337 3208 499 1 115 1337 3208 499
5863 2732 961 2 115 0 0 6 352 5863 2732 955
15093 1764 1867 1 103 15093 1764 1867
2323 3104 607 2 103 0 0 6 349 2323 3104 601
0 2664 298 2 349 0 0 2 224 0 2664 296
-1
32 3
11739 1509 1465 1 402 11739 1509 1465
0 0 7 1 402 0 0 7
0 2583 287 1 328 0 2583 287
-1
33 2
14505 2343 1865 1 507 14505 2343 1865
0 0 7 1 507 0 0 7
-1
34 3
11359 1135 1388 2 215 11357 1135 1388 164 2 0 0
12149 1052 1468 2 164 12149 1052 1467 83 0 0 1
15701 679 1819 1 83 15701 679 1819
-1
