1 29
4363 3332 849 1 583 4363 3332 849
764 3709 503 2 583 0 0 6 831 764 3709 497
1467 3636 561 1 767 1467 3636 561
452 3742 471 2 767 0 0 6 112 452 3742 465
12317 2497 1641 2 112 0 0 1 444 12317 2497 1640
0 1692 194 2 444 0 0 6 751 0 1692 188
5922 3168 1011 2 776 5922 3168 1010 131 0 0 1
8590 2888 1275 2 131 8587 2888 1274 985 3 0 1
4249 3344 837 1 985 4249 3344 837
8969 2848 1318 2 985 0 0 6 775 8969 2848 1312
2805 3495 701 2 775 0 0 1 823 2805 3495 700
3056 3469 723 1 488 3056 3469 723
0 1143 129 2 488 0 0 2 547 0 1143 127
5107 3254 921 1 285 5107 3254 921
11503 2582 1569 2 285 0 0 8 106 11503 2582 1561
3790 3392 795 2 106 0 0 4 459 3790 3392 791
14691 2247 1889 2 459 0 0 7 146 14691 2247 1882
7259 3028 1137 1 685 7259 3028 1137
2554 3521 681 2 685 0 0 6 955 2554 3521 675
10829 2653 1497 1 92 10829 2653 1497
10457 2692 1462 2 92 0 0 1 290 10457 2692 1461
7440 3009 1155 1 882 7440 3009 1155
0 3411 385 2 882 0 0 6 60 0 3411 379
3770 3394 795 1 1053 3770 3394 795
5992 3161 1011 2 1053 0 0 1 790 5992 3161 1010
5218 3242 939 2 790 0 0 7 894 5218 3242 932
12609 2466 1677 2 894 0 0 8 1057 12609 2466 1669
0 2655 301 2 1057 0 0 6 130 0 2655 295
14519 2266 1857 1 585 14519 2266 1857
-1
2 27
9778 2462 1350 1 329 9778 2462 1350
4711 2993 864 2 329 0 0 10 763 4711 2993 854
3896 3079 774 2 763 0 0 2 647 3896 3079 772
15319 1880 1908 2 647 0 0 3 904 15319 1880 1905
4359 3030 827 2 904 0 0 6 919 4359 3030 821
10965 2337 1476 1 610 10965 2337 1476
3574 3113 738 2 610 0 0 2 856 3574 3113 736
10241 2413 1404 2 856 0 0 7 918 10241 2413 1397
8321 2614 1224 2 918 0 0 9 542 8321 2614 1215
7767 2673 1152 1 402 7767 2673 1152
9477 2493 1332 2 402 0 0 8 316 9477 2493 1324
16074 1800 1992 2 316 0 0 6 1050 16074 1800 1986
11156 2317 1494 2 873 0 2313 257 725 11156 4 1237
7054 2747 1092 2 725 0 0 3 140 7054 2747 1089
4147 3053 792 1 779 4147 3053 792
12072 2220 1596 2 779 0 0 8 1136 12072 2220 1588
9287 2513 1312 2 663 9286 2513 1311 189 1 0 1
4709 2994 848 1 189 4709 2994 848
0 1881 216 2 189 0 0 7 739 0 1881 209
9306 2511 1314 2 777 9306 2511 1313 364 0 0 1
2267 3250 612 1 364 2267 3250 612
3021 3171 684 1 134 3021 3171 684
5937 2865 972 2 134 0 0 4 836 5937 2865 968
10744 2360 1458 2 836 0 0 10 800 10744 2360 1448
12212 2206 1602 2 800 0 0 8 1117 12212 2206 1594
3072 3165 701 2 1117 0 0 8 551 3072 3165 693
14293 1988 1800 1 23 14293 1988 1800
-1
3 29
16776 603 1929 1 1009 16776 603 1929
2920 2057 555 2 1009 0 0 2 299 2920 2057 553
9938 1321 1245 1 1141 9938 1321 1245
0 1602 184 2 1141 0 0 6 896 0 1602 178
14594 832 1713 1 534 14594 832 1713
8470 1475 1101 2 534 0 0 1 220 8470 1475 1100
2256 2127 489 2 220 0 0 5 252 2256 2127 484
5122 1826 775 2 252 0 0 3 115 5122 1826 772
8763 1444 1135 2 1047 8762 1444 1134 448 1 0 1
10412 1271 1297 2 448 10410 1271 1297 141 2 0 0
9574 1359 1213 1 141 9574 1359 1213
4790 1861 741 2 141 0 0 2 554 4790 1861 739
8058 1518 1065 2 273 8058 1518 1064 830 0 0 1
3985 1946 651 1 830 3985 1946 651
1743 2181 435 2 830 0 0 7 571 1743 2181 428
17430 534 2001 2 571 0 0 8 312 17430 534 1993
647 2296 327 2 312 0 0 3 889 647 2296 324
3422 2005 597 2 889 0 0 3 508 3422 2005 594
8883 1431 1155 2 508 0 0 9 58 8883 1431 1146
12536 1048 1509 2 266 12533 1048 1509 105 3 0 0
12259 1077 1483 2 105 12258 1077 1482 530 1 0 1
15299 758 1783 2 530 15297 758 1783 988 2 0 0
6889 1641 943 2 988 0 1510 168 630 6889 131 775
14665 824 1726 2 630 0 0 5 284 14665 824 1721
13367 961 1587 1 148 13367 961 1587
10944 1215 1353 2 148 0 0 5 286 10944 1215 1348
939 2265 359 2 286 0 0 3 1092 939 2265 356
9536 1363 1209 1 178 9536 1363 1209
14594 832 1713 2 178 0 0 2 246 14594 832 1711
-1
4 32
15999 1363 1929 2 272 15998 1363 1929 936 1 0 0
5730 2441 907 2 936 0 2204 245 494 5730 237 662
10809 1908 1409 2 494 0 0 1 700 10809 1908 1408
14711 1498 1805 2 700 0 0 5 781 14711 1498 1800
2634 2766 599 2 781 0 0 1 145 2634 2766 598
2403 2790 579 2 145 0 0 2 469 2403 2790 577
3760 2648 707 1 1072 3760 2648 707
4786 2540 815 2 1072 0 0 5 824 4786 2540 810
7109 2296 1049 2 824 0 0 4 9 7109 2296 1045
15716 1393 1895 1 1 15716 1393 1895
6968 2311 1031 2 1 0 0 6 361 6968 2311 1025
14540 1516 1787 2 361 0 0 6 1040 14540 1516 1781
5450 2470 883 2 1040 0 0 3 167 5450 2470 880
10427 1948 1373 1 56 10427 1948 1373
16139 1348 1945 2 56 0 0 2 587 16139 1348 1943
4605 2559 797 2 506 4605 2559 796 631 0 0 1
6294 2382 959 1 631 6294 2382 959
16551 1305 1985 2 631 0 0 4 484 16551 1305 1981
6345 2376 972 2 484 0 0 3 869 6345 2376 969
10678 1922 1391 1 318 10678 1922 1391
0 2304 265 2 318 0 0 9 1025 0 2304 256
8094 2193 1139 1 588 8094 2193 1139
12378 1743 1571 2 588 0 0 4 417 12378 1743 1567
8879 2110 1223 2 417 0 0 2 366 8879 2110 1221
9009 2097 1229 1 1090 9009 2097 1229
13434 1632 1679 2 1090 0 0 5 319 13434 1632 1674
1652 2869 503 2 451 1649 2869 502 501 3 0 1
5637 2451 893 1 501 5637 2451 893
0 0 5 1 501 0 0 5
1598 2875 491 1 8 1598 2875 491
10779 1911 1409 2 8 0 0 6 683 10779 1911 1403
0 0 7 1 683 0 0 7
-1
5 22
9415 2906 1365 1 160 9415 2906 1365
0 2097 237 2 160 0 0 4 833 0 2097 233
6117 3252 1041 2 595 0 0 6 1126 6117 3252 1035
3885 3486 825 2 1126 0 0 6 137 3885 3486 819
1743 3711 606 2 1063 0 3447 383 170 1743 264 223
6441 3218 1073 2 926 6439 3218 1073 849 2 0 0
14976 2322 1923 2 849 14974 2322 1922 673 2 0 1
3540 3523 775 1 673 3540 3523 775
8702 2980 1307 2 673 0 0 9 957 8702 2980 1298
10541 2788 1473 1 755 10541 2788 1473
0 2700 308 2 755 0 0 8 1055 0 2700 300
11919 2643 1617 1 1122 11919 2643 1617
13468 2480 1773 2 1122 0 0 1 799 13468 2480 1772
7977 3057 1221 1 1068 7977 3057 1221
8591 2992 1292 2 1068 0 0 5 708 8591 2992 1287
3663 3510 789 2 49 0 1134 126 787 3663 2376 663
11226 2715 1557 2 787 0 0 8 415 11226 2715 1549
10261 2817 1453 2 923 10260 2817 1453 586 1 0 0
1157 3779 421 2 586 0 3779 420 793 1157 0 1
5961 3262 1153 2 793 5958 3262 1152 562 3 0 1
623 3829 489 1 562 623 3829 489
14041 2420 1833 2 562 0 0 5 346 14041 2420 1828
-1
6 0
-1
7 10
6184 2240 936 1 73 6184 2240 936
13919 1428 1706 2 778 13917 1428 1705 687 2 0 1
0 1465 162 1 687 0 1465 162
0 2880 320 1 212 0 2880 320
7954 2054 1112 1 733 7954 2054 1112
15898 1220 1902 1 1035 15898 1220 1902
4183 2450 737 1 376 4183 2450 737
1649 2716 485 1 602 1649 2716 485
6717 2184 989 1 437 6717 2184 989
0 2160 240 1 710 0 2160 240
-1
8 20
10341 1226 1286 2 757 10339 1226 1285 379 2 0 1
6757 1602 928 1 379 6757 1602 928
14160 825 1665 1 51 14160 825 1665
11545 1100 1398 1 1142 11545 1100 1398
0 0 7 1 1142 0 0 7
3893 1903 642 1 357 3893 1903 642
0 0 2 1 357 0 0 2
11213 1135 1363 1 25 11213 1135 1363
0 0 9 1 25 0 0 9
11143 1142 1362 1 202 11143 1142 1362
0 0 3 1 202 0 0 3
10208 1240 1272 1 619 10208 1240 1272
15417 693 1790 1 839 15417 693 1790
0 1152 128 1 1034 0 1152 128
5562 1728 804 1 332 5562 1728 804
0 0 6 1 332 0 0 6
5954 1687 840 1 384 5954 1687 840
0 0 9 1 384 0 0 9
14876 750 1736 2 287 14874 750 1736 912 2 0 0
0 1708 190 1 912 0 1708 190
-1
9 17
8788 3578 1365 1 848 8788 3578 1365
6275 3841 1131 2 848 0 0 9 819 6275 3841 1122
0 0 2 1 819 0 0 2
1739 4318 663 1 435 1739 4318 663
0 3339 381 2 435 0 0 10 928 0 3339 371
1428 4350 642 1 28 1428 4350 642
7021 3763 1199 2 634 7019 3763 1198 396 2 0 1
12044 3236 1693 1 396 12044 3236 1693
0 0 4 1 396 0 0 4
0 1926 214 1 811 0 1926 214
9603 3492 1455 1 1043 9603 3492 1455
13173 3117 1810 1 678 13173 3117 1810
6107 3859 1107 2 1014 6104 3859 1107 345 3 0 0
12134 3226 1707 1 345 12134 3226 1707
12642 3173 1757 2 1017 12640 3173 1757 578 2 0 0
4844 3992 973 1 578 4844 3992 973
0 0 9 1 578 0 0 9
-1
10 17
9571 2453 1337 2 205 9569 2453 1336 519 2 0 1
8030 2615 1179 1 519 8030 2615 1179
0 1512 171 2 519 0 0 3 114 0 1512 168
6604 2765 1031 1 333 6604 2765 1031
13071 2085 1694 2 333 0 0 10 250 13071 2085 1684
6765 2748 1049 1 857 6765 2748 1049
14358 1950 1820 2 857 0 0 8 977 14358 1950 1812
11324 2269 1511 2 121 11321 2269 1510 639 3 0 1
276 3429 407 1 639 276 3429 407
4553 2980 833 2 639 0 0 4 719 4553 2980 829
13533 2037 1733 2 719 0 0 8 910 13533 2037 1725
984 3354 487 2 910 0 0 5 450 984 3354 482
7714 2648 1151 2 1116 7711 2648 1151 54 3 0 0
1915 3257 569 1 54 1915 3257 569
6947 2728 1081 2 54 0 0 6 807 6947 2728 1075
8555 2560 1229 1 885 8555 2560 1229
6152 2812 995 2 885 0 0 6 772 6152 2812 989
-1
11 35
15740 0 1 1 1016 15740 0 1
1617 1309 2067 2 1016 0 1153 1876 401 1617 156 191
11575 350 1331 2 401 0 0 6 575 11575 350 1325
7986 727 969 2 868 7985 727 968 774 1 0 1
13588 139 1525 2 774 13585 139 1524 29 3 0 1
7820 745 941 1 29 7820 745 941
1781 1378 359 2 29 0 0 10 592 1781 1378 349
2193 1335 394 2 592 0 0 2 442 2193 1335 392
14702 22 1637 2 1058 14702 22 1636 352 0 0 1
9768 540 1145 2 352 9765 540 1144 208 3 0 1
10197 495 1187 2 208 10194 495 1187 455 3 0 0
7036 827 869 1 455 7036 827 869
6135 921 789 2 455 0 0 5 19 6135 921 784
8759 646 1043 1 549 8759 646 1043
0 0 2 1 549 0 0 2
5099 1030 681 1 1119 5099 1030 681
7301 799 899 1 871 7301 799 899
3882 1158 557 2 871 0 0 1 891 3882 1158 556
0 0 4 1 891 0 0 4
212 1543 195 1 1010 212 1543 195
1881 1368 359 1 1082 1881 1368 359
0 0 2 1 1082 0 0 2
10971 414 1259 1 343 10971 414 1259
0 0 6 1 343 0 0 6
2927 1258 465 1 702 2927 1258 465
15740 0 1 1 960 15740 0 1
0 1288 1891 1 960 0 1288 1891
3983 1147 570 1 965 3983 1147 570
5913 945 755 1 481 5913 945 755
0 0 7 1 481 0 0 7
10338 480 1202 1 40 10338 480 1202
13918 104 1558 1 901 13918 104 1558
8960 625 1061 1 1006 8960 625 1061
0 0 4 1 1006 0 0 4
6367 897 807 2 522 6366 897 807 242 1 0 0
-1
12 17
9851 904 1194 1 507 9851 904 1194
16970 157 1896 2 507 0 0 1 604 16970 157 1895
600 1875 276 2 604 0 0 8 1059 600 1875 268
0 0 7 1 1059 0 0 7
15854 274 1788 1 948 15854 274 1788
0 0 4 1 948 0 0 4
5802 1329 792 2 629 5799 1329 792 916 3 0 0
1351 1796 350 1 916 1351 1796 350
7950 1104 996 1 177 7950 1104 996
0 0 10 1 177 0 0 10
16910 163 1896 1 432 16910 163 1896
15201 342 1728 2 432 0 0 1 704 15201 342 1727
15241 338 1731 1 427 15241 338 1731
8242 1073 1032 1 425 8242 1073 1032
0 0 3 1 425 0 0 3
14607 405 1662 1 48 14607 405 1662
0 0 6 1 48 0 0 6
-1
13 21
0 0 10 1 305 0 0 10
1588 4577 683 2 1005 0 1143 127 636 1588 3434 556
0 0 2 1 636 0 0 2
0 3411 379 1 934 0 3411 379
0 2817 313 1 355 0 2817 313
1256 4612 647 1 423 1256 4612 647
0 0 5 1 423 0 0 5
1226 4615 647 1 1103 1226 4615 647
0 0 2 1 1103 0 0 2
5540 4162 1079 2 667 5540 4162 1078 738 0 0 1
11090 3580 1619 1 738 11090 3580 1619
12690 3411 1799 2 738 0 0 10 1046 12690 3411 1789
4977 4221 1022 2 486 0 3249 361 275 4977 972 661
8406 3861 1363 1 715 8406 3861 1363
10397 3652 1561 1 817 10397 3652 1561
7893 3915 1312 1 859 7893 3915 1312
0 2475 275 1 404 0 2475 275
11613 3525 1673 1 527 11613 3525 1673
0 0 9 1 527 0 0 9
12830 3397 1799 1 922 12830 3397 1799
0 0 4 1 922 0 0 4
-1
14 15
2823 2784 616 1 365 2823 2784 616
2110 2858 559 2 365 0 0 7 7 2110 2858 552
7680 2274 1102 1 99 7680 2274 1102
9581 2074 1299 2 99 0 0 4 65 9581 2074 1295
7712 2313 258 2 173 0 2313 257 637 7712 0 1
90 3028 1202 2 637 87 3028 1202 785 3 0 0
16113 1389 1936 1 785 16113 1389 1936
9692 2062 1315 2 785 0 0 9 532 9692 2062 1306
7240 2320 1062 2 832 7238 2320 1062 166 2 0 0
9950 2036 1322 1 166 9950 2036 1322
6203 2428 969 2 166 0 0 10 828 6203 2428 959
12497 1768 1585 2 398 0 1179 131 46 12497 589 1454
4754 2581 814 1 1138 4754 2581 814
0 1881 210 2 1138 0 0 1 1045 0 1881 209
12446 1774 1570 1 878 12446 1774 1570
-1
15 12
13215 1428 1632 2 1097 0 0 6 1123 13215 1428 1626
14301 1314 1736 2 1123 0 0 1 971 14301 1314 1735
2176 2587 530 2 796 2174 2587 529 1066 2 0 1
12599 1493 1564 1 1066 12599 1493 1564
14462 1297 1752 2 1066 0 0 1 163 14462 1297 1751
15708 1167 1866 1 371 15708 1167 1866
16423 1091 1955 2 371 0 0 9 309 16423 1091 1946
12209 1534 1524 1 810 12209 1534 1524
4225 2372 732 2 810 0 0 3 336 4225 2372 729
4778 2314 786 2 336 0 0 4 684 4778 2314 782
8720 1900 1182 2 684 0 0 6 818 8720 1900 1176
10440 1719 1355 2 818 0 0 4 696 10440 1719 1351
-1
16 17
13264 0 0 1 914 13264 0 0
2846 947 1896 2 914 2844 947 1895 248 2 0 1
8358 442 972 1 248 8358 442 972
13261 0 6 2 248 0 0 5 327 13261 0 1
2466 987 1856 2 327 2465 987 1856 196 1 0 0
13264 0 0 1 196 13264 0 0
2532 980 1864 2 196 2531 980 1864 295 1 0 0
13264 0 0 1 295 13264 0 0
1566 1090 1596 2 295 0 1090 1595 403 1566 0 1
12951 0 626 1 403 12951 0 626
3951 855 1520 2 403 0 0 986 274 3951 855 534
13264 0 0 1 10 13264 0 0
2132 1022 1824 2 10 2130 1022 1824 294 2 0 0
9184 355 1060 2 294 9183 355 1060 517 1 0 0
4548 842 592 1 517 4548 842 592
10473 219 1195 2 517 0 0 7 514 10473 219 1188
13264 0 0 1 237 13264 0 0
-1
17 17
0 0 2 1 472 0 0 2
7011 2133 1016 1 473 7011 2133 1016
7856 2044 1100 1 185 7856 2044 1100
867 2778 404 1 789 867 2778 404
0 0 1 1 789 0 0 1
626 2803 381 1 888 626 2803 381
3723 2478 689 1 698 3723 2478 689
0 2817 313 1 590 0 2817 313
12169 1592 1520 1 686 12169 1592 1520
0 0 9 1 686 0 0 9
13416 1461 1646 1 18 13416 1461 1646
0 0 7 1 18 0 0 7
16332 1155 1934 1 998 16332 1155 1934
0 0 9 1 998 0 0 9
12300 1578 1538 1 181 12300 1578 1538
0 0 4 1 181 0 0 4
4155 2433 728 1 133 4155 2433 728
-1
